[3, 3, 0, 3, 6, 4, 6, 9, 7, 6, 10, 6, 12]
[3, 3, 0, 3, 6, 4, 6, 7, 8, 8, 6, 13, 11, 13, 17, 17, 14, 20, 20, 3, 20, 21, 22]
[2, 0, 5, 5, 2, 5, 6, 5, 8]
[3, 3, 0, 3, 4, 5, 6, 5, 8, 5, 10, 11]
[2, 0, 2, 6, 6, 2, 6, 7, 8, 8]
[2, 0, 4, 2, 4, 5, 4, 7, 4, 15, 10, 14, 14, 11, 4, 15, 19, 19, 15, 19, 20]
[4, 4, 4, 0, 4, 5, 4, 7]
[3, 3, 0, 3, 4, 3, 6, 3, 10, 8, 3]
[2, 3, 0, 3, 3, 3, 9, 9, 6]
[2, 0, 4, 2, 4, 7, 5, 4, 8, 4, 12, 10]
[2, 0, 2, 3, 2, 8, 8, 5]
[2, 0, 4, 2, 4, 7, 5, 7, 7, 11, 4, 11, 12]
[2, 0, 4, 2, 4, 7, 5, 4, 10, 8, 12, 4, 12, 15, 13, 12, 19, 19, 16]
[2, 4, 4, 0, 4, 5, 4, 7, 4]
[4, 4, 4, 0, 4]
[3, 3, 0, 5, 3, 5, 6, 5, 8, 5, 12, 10, 5, 16, 16, 13, 16, 16, 20, 18]
[5, 5, 5, 5, 0, 5, 8, 6, 5, 9, 12, 5]
[2, 0, 4, 2, 4, 5, 4, 7, 2, 11, 2, 13, 11, 13]
[0, 1, 1, 3, 4, 9, 9, 9, 1]
[2, 0, 4, 2, 4, 5, 4, 7, 10, 4, 10, 11]
[2, 3, 0, 3, 4, 3, 6, 3, 8]
[0, 3, 1, 3, 4, 3, 6]
[5, 5, 5, 5, 0, 5, 6, 5, 8, 5, 10, 11, 15, 15, 10]
[2, 0, 4, 2, 4, 5, 4, 7, 4, 11, 9, 11, 12]
[4, 3, 4, 0, 4, 5, 4, 9, 7]
[2, 11, 11, 5, 11, 5, 5, 7, 7, 9, 0]
[0, 3, 1, 3, 4, 3, 6, 3, 8, 9]
[2, 0, 4, 2, 4, 5, 4, 7]
[6, 6, 5, 5, 6, 0]
[2, 3, 0, 3]
[2, 6, 6, 6, 6, 0, 6, 7, 6, 9]
[3, 3, 0, 5, 3, 5, 6, 6, 8, 9, 9, 11, 12]
[3, 3, 0, 8, 8, 8, 8, 3]
[2, 0, 2, 6, 6, 2, 6, 7, 7, 9]
[3, 3, 0, 3, 4, 3, 8, 6, 3, 9, 3, 13, 11, 13]
[0, 1, 1, 3]
[4, 3, 4, 0, 6, 4]
[2, 9, 2, 3, 6, 3, 9, 9, 0]
[0, 1, 4, 1, 4, 7, 5, 4, 10, 8, 10, 10]
[0, 4, 4, 1, 4, 5, 6, 6, 4, 9, 10, 9, 12, 13]
[4, 4, 4, 0, 4, 5, 4, 9, 7, 4, 10]
[2, 0, 4, 2, 4, 8, 8, 5, 4, 9]
[0, 1, 1, 3, 4, 3, 6, 3, 10, 8]
[2, 0, 4, 2, 4, 4, 6]
[2, 3, 0, 6, 6, 3]
[0, 1, 2, 1, 4]
[2, 0, 4, 2, 4, 5, 4, 9, 7, 11, 4, 11, 12, 4, 17, 17, 14]
[4, 4, 4, 0, 4, 7, 5]
[5, 5, 5, 5, 0]
[0, 1, 5, 5, 1, 5, 6, 5, 8]
[3, 3, 0, 3, 7, 7, 4, 7, 8, 8, 10, 8, 12, 13, 13]
[3, 3, 5, 5, 0, 5, 6]
[0, 1, 4, 1, 4, 5, 6, 7, 6, 9, 6, 11, 6, 13, 14]
[2, 0, 2, 3, 3, 5]
[2, 0, 4, 2, 2, 7, 2, 7, 8]
[0, 1, 1, 3, 3, 3, 9, 9, 6, 9, 10, 9, 12, 15, 9]
[0, 1, 4, 1, 4, 5, 4, 7]
[4, 4, 4, 0, 4]
[0, 1, 1, 3, 4, 3, 8, 6]
[2, 6, 2, 3, 6, 0, 6, 9, 7]
[4, 3, 4, 0, 4, 5, 6, 6]
[3, 3, 0, 5, 3, 5, 6, 5, 11, 11, 8, 5, 14, 12, 14, 15]
[4, 4, 4, 0, 6, 4, 6, 7, 6, 9]
[0, 3, 1, 3, 4, 3, 6]
[0, 1, 5, 5, 1, 5, 8, 6, 5, 12, 12, 9]
[0, 1, 4, 1, 4, 5, 4, 9, 7, 4, 10]
[2, 0, 4, 2, 4, 7, 5, 4, 11, 11, 8, 4, 14, 12]
[3, 3, 0, 5, 3, 5, 6, 5, 8, 5, 5, 13, 11, 13, 14, 11, 18, 16]
[3, 3, 0, 3, 6, 7, 3, 7, 8, 9, 12, 9]
[3, 3, 0, 3, 4, 5, 4, 7, 4, 9, 10, 11, 12]
[2, 7, 2, 5, 3, 7, 0, 7, 8]
[2, 0, 5, 5, 2, 5, 6, 5, 8]
[2, 3, 0, 3, 4, 3, 3, 7, 10, 8]
[2, 0, 5, 5, 2, 5, 6, 5, 11, 11, 8]
[2, 0, 4, 2, 4, 5, 4, 9, 7, 4, 13, 13, 10, 4, 16, 14]
[3, 3, 0, 5, 3, 5, 6, 5, 8]
[4, 4, 4, 0, 4, 7, 5]
[2, 5, 5, 5, 0, 5, 6, 5, 8, 5, 10, 11, 11, 13, 16, 14]
[2, 0, 4, 2, 9, 9, 9, 9, 4, 9, 10, 9, 12]
[7, 7, 7, 7, 7, 7, 0, 7, 8, 8, 10, 7, 14, 12, 7, 15, 16, 16]
[4, 4, 4, 6, 6, 0, 6, 7, 7, 9]
[5, 5, 5, 5, 0, 5, 6, 7, 7]
[0, 1, 4, 1, 4, 5, 4, 7, 10, 4, 10, 14, 14, 11, 14]
[2, 0, 4, 2, 7, 7, 4, 7, 8, 7, 10]
[0, 3, 1, 3, 4, 3, 8, 6, 10, 3, 10, 13, 11, 15, 10, 15, 1, 19, 1, 21, 19, 23, 21, 23, 26, 24]
[0, 3, 1, 5, 3, 5, 8, 3, 8, 9, 12, 3, 12, 13, 16, 14]
[4, 4, 4, 0, 4, 5, 4, 9, 7]
[0, 1, 1, 3, 4, 5, 5, 5]
[0, 1, 2]
[3, 3, 0, 3, 4, 4, 6, 3, 10, 8]
[3, 3, 0, 3, 4, 3, 8, 6]
[0, 1, 1, 3, 4, 3, 6]
[2, 0, 4, 2, 4, 5, 5, 7]
[0, 1, 1, 3, 4, 3, 6]
[0, 1, 4, 1, 4, 5, 4, 7]
[3, 3, 0, 3, 6, 4, 6, 10, 10, 7, 10, 14, 14, 10, 16, 14, 16, 17, 16, 19]
[2, 0, 4, 2, 4, 7, 5, 4, 11, 11, 8, 13, 4, 13]
[17, 1, 1, 3, 4, 5, 6, 5, 5, 9, 13, 13, 10, 15, 9, 17, 0, 19, 17, 19, 20, 23, 21, 23, 24, 23, 30, 27, 27, 26]
[2, 0, 5, 5, 2, 5, 8, 6, 5, 11, 9, 5]
[0, 1, 1, 6, 6, 3, 6, 7, 8, 8]
[2, 0, 2, 3, 2, 7, 2, 9, 7, 11, 9, 11, 12]
[3, 3, 0, 3, 6, 4, 3, 7, 3, 9]
[0, 1, 4, 1, 4, 5]
[4, 4, 4, 0, 4, 7, 8, 4, 8, 8, 12, 10, 8, 15, 13]
[0, 1, 1, 3, 4, 3, 8, 6, 3, 9]
[2, 4, 4, 0, 4, 7, 5, 4, 8, 4, 12, 10]
[2, 0, 2, 3, 4, 4]
[2, 0, 4, 2, 4, 7, 5, 4, 8]
[0, 1, 4, 1, 4, 5, 4, 9, 7]
[0, 1, 4, 1, 4, 5, 4, 7]
[2, 5, 5, 5, 8, 8, 8, 0, 8, 9, 12, 10, 9]
[2, 3, 0, 3, 3, 5, 3, 7]
[2, 3, 0, 3, 4, 3, 8, 6]
[0, 1, 4, 1, 4, 5, 6, 5, 8, 9]
[9, 3, 9, 3, 3, 5, 5, 7, 0, 9, 10]
[4, 4, 4, 0, 4, 7, 5, 7]
[3, 3, 0, 3, 4, 3, 6, 3, 10, 8]
[0, 1, 1, 5, 1, 5, 6, 5, 10, 8]
[2, 0, 2]
[3, 3, 5, 5, 0, 5, 9, 9, 6]
[5, 5, 5, 5, 0, 5, 6, 7, 8, 7, 10, 7, 12, 15, 13]
[0, 1, 5, 5, 1, 5, 6, 5, 8]
[0, 3, 1, 3, 4, 3, 6, 3, 8]
[0, 1, 4, 2, 4, 4, 1, 7]
[20, 3, 1, 3, 4, 3, 8, 6, 3, 11, 9, 11, 12, 13, 16, 20, 16, 17, 20, 0]
[0, 1, 4, 1, 4, 5, 4, 9, 7]
[0, 1, 4, 1, 6, 4, 6, 6, 8, 12, 12, 9, 12, 12, 6, 15, 18, 4, 18, 21, 19]
[2, 5, 5, 5, 0, 7, 5, 9, 7, 7, 10, 7, 12]
[2, 0, 4, 2, 4, 5, 6, 6]
[0, 1, 1, 3, 4, 3, 6, 3, 8, 9]
[2, 4, 4, 0, 4, 5, 4, 7, 10, 4, 4, 13, 11, 13, 14, 15, 14, 17]
[0, 1, 4, 1, 4, 5, 4, 9, 7, 4, 15, 15, 15, 15, 10]
[3, 3, 0]
[0, 1, 4, 1, 4, 7, 5, 4, 8, 4, 12, 10]
[3, 3, 0, 3, 4, 7, 5, 7, 10, 8, 7, 11, 7, 13, 14, 13, 18, 16, 20, 18]
[0, 3, 1, 3, 4, 3, 6]
[2, 0, 4, 2, 4, 8, 8, 5]
[4, 3, 4, 0, 4, 7, 5, 4, 8]
[5, 5, 5, 5, 0, 5, 8, 6]
[0, 1, 5, 5, 1, 5, 6, 5, 8]
[4, 4, 4, 0, 4, 5, 4, 7, 4, 9, 10]
[3, 3, 0, 3, 4, 8, 8, 5]
[0, 1, 4, 1, 4, 7, 5, 4, 8]
[2, 4, 4, 0, 4, 5, 4, 7, 11, 11, 4, 11, 15, 15, 11]
[6, 6, 6, 6, 6, 0, 6, 7, 7, 9]
[2, 0, 4, 2, 2, 5, 2, 9, 7, 9, 10, 9, 12]
[6, 6, 6, 6, 6, 0, 6, 7, 6, 9]
[2, 3, 0, 3, 4, 3, 8, 6]
[2, 0, 4, 2, 4, 5, 4, 7, 4, 9]
[4, 4, 4, 0, 4, 7, 5, 4, 8]
[0, 1, 5, 5, 1, 5, 6, 5, 10, 8]
[0, 1, 4, 1, 4, 5, 4, 7]
[2, 0, 4, 2, 4, 7, 5, 4, 8, 11, 4, 11, 14, 12]
[7, 7, 7, 7, 7, 7, 0, 7, 10, 8, 7, 11, 14, 7, 19, 19, 19, 19, 14, 19]
[3, 3, 0, 3, 4, 5, 4, 7]
[2, 0, 4, 2, 4, 5, 4, 9, 7, 4, 12, 10, 12, 13]
[0, 1, 4, 2, 1, 5]
[5, 5, 5, 5, 0, 8, 8, 5, 8, 9, 8, 11]
[2, 8, 2, 7, 4, 4, 3, 0, 8, 9, 8, 11]
[0, 1, 4, 2, 1, 5]
[0, 3, 1, 3, 4, 3, 8, 6, 3, 11, 9]
[0, 5, 5, 5, 1, 5, 6, 5, 8]
[0, 1, 1, 5, 3, 5, 9, 9, 6]
[0, 1, 5, 5, 9, 7, 5, 7, 1, 9, 10, 11, 9, 13, 13, 15, 19, 19, 9, 24, 24, 23, 24, 19, 19, 27, 25, 27, 30, 28]
[2, 5, 5, 5, 0, 5, 6, 9, 5, 9, 12, 10]
[6, 1, 2, 6, 6, 0, 8, 6, 10, 8, 10, 11, 10, 13]
[0, 1, 4, 1, 4, 5, 4, 7]
[0, 1, 5, 5, 1, 5, 6, 5, 8]
[3, 3, 0, 5, 3, 9, 9, 9, 5, 9, 10, 9, 12]
[2, 0, 4, 2, 4, 5, 4, 7, 10, 4, 10, 11]
[4, 4, 4, 0, 4, 7, 5, 4, 8]
[0, 1, 2, 1, 7, 7, 4]
[5, 5, 4, 5, 0, 5, 5, 7]
[4, 4, 4, 0, 4, 5, 6, 6]
[2, 0, 2, 3, 2, 5, 2, 7]
[2, 0, 4, 2, 6, 4, 4, 7, 4, 9]
[2, 10, 2, 5, 3, 2, 6, 9, 2, 0, 10, 11, 10, 16, 16, 13]
[0, 1, 2, 3, 3, 1, 8, 6, 8, 9, 8, 11, 14, 12]
[5, 5, 5, 5, 0, 5, 6, 5, 8]
[0, 1, 7, 7, 7, 7, 1, 7, 8, 8, 10]
[0, 1, 4, 1, 6, 4, 8, 6]
[3, 3, 0, 5, 3, 5, 6, 7, 5, 9, 12, 10, 9, 15, 13, 15, 16]
[5, 1, 5, 5, 0, 5, 8, 6]
[4, 4, 4, 0, 4, 5, 4, 7, 4, 11, 9, 11, 11]
[3, 3, 0, 5, 3, 8, 8, 5, 8, 9, 10, 11]
[3, 3, 0]
[3, 3, 0, 5, 3, 5, 8, 6, 5, 11, 9, 5, 12, 5]
[2, 4, 4, 0, 4, 5, 4, 7, 4, 9]
[5, 5, 5, 5, 0, 5, 8, 6, 5, 9]
[0, 4, 4, 1, 4, 5, 4, 7]
[0, 1, 2, 1, 4]
[2, 0, 2, 7, 7, 7, 2, 7, 8, 7, 10]
[0, 1, 2, 1, 4, 1]
[2, 0, 4, 2, 4, 5, 5, 5, 8, 13, 13, 13, 9]
[6, 6, 6, 6, 6, 0, 6, 7, 7, 9]
[0, 1, 1, 3, 4, 3, 6, 3, 8, 9]
[3, 3, 0, 3, 6, 4, 3, 7, 3, 11, 9]
[5, 5, 5, 5, 0, 5, 6, 5, 8, 11, 5, 13, 11]
[0, 1, 7, 7, 7, 7, 1, 7, 10, 8, 7, 13, 11, 7, 14, 17, 15, 14, 20, 18]
[2, 0, 2, 8, 8, 8, 8, 2, 8, 9, 9, 11, 8, 13, 16, 14]
[6, 6, 6, 6, 6, 0, 6, 7, 7, 9]
[2, 0, 4, 2, 4, 5, 4, 7, 4]
[3, 3, 0, 5, 3, 5, 8, 6, 5, 9, 9, 13, 11]
[0, 1, 4, 1, 4, 5, 6, 6]
[2, 0, 2, 6, 6, 3, 2, 9, 7]
[0, 1, 4, 2, 1, 5, 1, 7, 1, 9, 12, 10]
[5, 5, 5, 5, 0, 5, 6, 5, 10, 8, 12, 5, 14, 12]
[0, 1, 4, 1, 4, 8, 8, 5, 8, 12, 12, 9, 8, 15, 13, 17, 8, 20, 20, 17, 17, 21]
[2, 0, 4, 2, 4, 5, 4, 9, 7]
[6, 6, 5, 5, 6, 0]
[0, 1, 1, 3, 4, 3, 6, 3, 10, 8]
[2, 0, 4, 2, 6, 2, 2, 7, 2, 9, 12, 2, 12, 13, 14]
[0, 1, 5, 5, 1, 5, 6, 5, 8]
[2, 0, 2, 3, 2, 5, 2, 7, 2, 11, 9]
[2, 0, 2, 3, 6, 2, 6, 9, 7, 6, 10, 11, 11]
[5, 5, 5, 5, 0, 5, 6, 7]
[0, 3, 1, 3, 4, 3, 9, 9, 6]
[2, 7, 2, 3, 7, 7, 0, 7, 7, 9, 9, 11]
[2, 0, 5, 5, 2, 5, 6, 5, 8, 11, 5, 11]
[2, 6, 2, 3, 6, 0, 6, 13, 13, 13, 13, 13, 7, 13, 14, 13, 18, 16, 13, 19, 20]
[3, 3, 0, 5, 3, 5, 6, 5, 10, 8, 12, 5, 12, 15, 13]
[0, 1, 5, 5, 1, 5, 8, 6]
[2, 0, 2, 6, 6, 2, 6, 7, 6, 11, 9]
[0, 1, 6, 6, 6, 1, 6, 7, 6, 9]
[0, 3, 1, 3, 6, 4, 3, 9, 7, 3, 10, 11]
[3, 3, 0, 3, 4, 3, 8, 6, 3, 12, 10, 13, 9]
[0, 1, 2, 1, 4]
[2, 0, 2, 5, 3, 2, 6]
[0, 1, 5, 5, 1, 7, 5, 7, 8, 7, 12, 10]
[0, 1, 4, 1, 4, 7, 5]
[2, 3, 0, 3, 4, 3, 6]
[3, 3, 0, 3, 8, 8, 8, 4, 8, 9, 8, 11]
[3, 3, 5, 5, 0, 5, 9, 9, 6, 6, 12, 10]
[3, 3, 0, 3, 4]
[4, 4, 4, 0, 4, 5, 4, 7, 4, 9]
[4, 4, 4, 0, 4, 5, 4, 9, 7]
[2, 0, 4, 2, 4, 5, 4, 7]
[0, 1, 5, 5, 1, 5, 8, 6, 8, 9, 8, 11]
[3, 3, 0, 5, 3, 5, 8, 6, 6, 6, 10, 11, 14, 10, 14, 17, 15, 19, 17]
[3, 3, 0, 3, 4, 3, 6]
[2, 0, 2, 5, 3, 2, 6]
[3, 3, 0, 5, 3, 5, 8, 10, 10, 5, 10, 13, 11, 13, 10, 17, 15, 15, 18, 15, 15, 15, 22, 22, 24, 15, 26]
[2, 0, 2, 5, 3, 2]
[2, 3, 0, 3, 4, 3, 6, 3, 8, 9]
[0, 1, 6, 6, 6, 1, 6, 7, 8, 8]
[4, 3, 4, 0, 6, 4, 6, 7, 6, 9, 12, 6, 12, 13]
[2, 0, 5, 5, 2, 5, 6, 5, 8, 5, 10, 11, 10, 15, 13]
[5, 5, 5, 5, 0, 9, 9, 9, 5, 9, 10, 9, 12]
[6, 6, 6, 6, 6, 0, 6, 7, 6, 9]
[10, 4, 4, 10, 6, 4, 4, 9, 7, 0, 10, 11, 12, 11, 14, 17, 11, 19, 17, 17, 22, 17, 24, 22, 24, 27, 25]
[2, 4, 4, 0, 4, 7, 5, 7, 7, 11, 9, 9, 15, 15, 12]
[2, 0, 5, 5, 2, 5, 6, 5, 10, 8, 2, 2, 15, 15, 2, 17, 15, 17, 18]
[2, 0, 2, 5, 3, 5, 6, 5, 8, 9, 8, 8, 12, 13, 17, 17, 2]
[0, 1, 5, 5, 1, 5, 6]
[3, 3, 0, 3, 6, 4, 3, 7, 3, 9]
[2, 0, 2, 3, 2, 5, 2, 9, 7]
[4, 4, 4, 0, 6, 4, 6, 7, 6, 9, 6, 13, 11]
[4, 4, 4, 0, 4, 5, 4, 7]
[2, 0, 4, 2, 4, 5, 4, 7]
[0, 1, 4, 1, 4, 7, 5, 4, 8, 4, 10, 13, 11, 10, 10, 15, 16]
[2, 0, 2, 3, 2, 7, 5]
[2, 3, 4, 0, 4, 5, 8, 6, 8]
[3, 3, 0, 6, 6, 3, 6, 7, 8, 11, 9, 7, 14, 12, 7, 15]
[0, 1, 1, 3, 4, 3, 8, 6, 3, 9, 10]
[4, 4, 4, 0, 4, 5, 4, 7, 4, 9]
[2, 3, 0, 3, 4, 3, 8, 6]
[2, 4, 4, 0]
[0, 3, 1]
[0, 1, 1, 5, 3, 9, 9, 9, 1, 9, 10, 13, 11, 13, 14, 15, 13, 17, 13, 19, 13, 21, 24, 22]
[2, 0, 2, 2, 4, 8, 8, 5, 8, 9, 8, 11, 14, 4]
[2, 8, 8, 7, 7, 7, 8, 0, 8, 9, 8, 11]
[3, 3, 0, 3, 6, 4, 3, 7]
[3, 3, 4, 0, 4, 5, 4, 7]
[5, 5, 5, 5, 0, 5, 9, 9, 6, 5, 12, 10]
[2, 3, 0, 3, 4, 5, 5]
[2, 3, 0, 3, 3, 7, 5, 3, 8, 3, 3, 11, 14, 12]
[4, 4, 4, 0, 4, 5, 4, 9, 7, 11, 4, 11, 12]
[4, 4, 4, 0, 4, 7, 5, 4, 8]
[0, 4, 4, 1, 4, 5, 4, 7, 4, 9]
[0, 1, 4, 1, 4, 5, 4, 7, 4, 9, 12, 4, 12, 12, 14]
[2, 0, 2, 6, 6, 2, 6, 7, 6, 9, 6, 13, 11]
[3, 3, 0, 3, 8, 8, 8, 4, 8, 9, 8, 11]
[2, 0, 2, 3, 2, 5]
[0, 1, 4, 1, 4, 5, 4, 7]
[3, 3, 0, 5, 3, 5, 6, 5, 8]
[2, 3, 0, 3, 3, 7, 5, 3, 8]
[0, 1, 4, 1, 4, 5, 4, 10, 10, 7, 12, 13, 14, 4]
[2, 3, 0, 3, 3, 5, 3, 7, 3, 9]
[6, 6, 6, 6, 6, 0, 9, 9, 6, 9, 10, 11, 14, 11]
[2, 3, 4, 0, 4, 5, 4, 7, 4, 9, 10]
[0, 1, 1, 3, 4, 3, 6]
[4, 4, 4, 0]
[2, 4, 4, 5, 0, 5, 5, 9, 7, 5]
[0, 1, 1, 3, 4, 3, 6]
[0, 3, 1, 3, 4, 3, 8, 6]
[2, 0, 5, 5, 2, 5, 6, 5, 8, 5, 10, 13, 11, 13, 16, 13]
[6, 6, 6, 5, 6, 0, 6, 7, 6, 11, 9]
[0, 1, 1, 3, 6, 4, 6, 6, 8, 3, 14, 14, 14, 10]
[4, 4, 4, 0, 4, 9, 8, 9, 4, 9, 10, 10, 12]
[3, 3, 0, 5, 3, 5, 9, 9, 6, 5, 12, 10, 5, 13, 14]
[4, 4, 4, 0, 4, 8, 8, 5, 4, 12, 12, 9]
[0, 1, 4, 1, 4, 5, 8, 6, 5, 11, 9]
[3, 3, 0, 5, 3, 5, 6, 5, 10, 8, 5, 11, 5, 5, 14, 17, 15, 14, 20, 18]
[2, 6, 2, 3, 6, 0, 6, 13, 13, 13, 13, 13, 7, 13, 14, 13, 18, 16, 13, 22, 22, 19]
[2, 3, 0, 3, 3, 5]
[5, 5, 5, 5, 0, 5, 6, 7, 8, 7, 10, 7, 12, 12, 16, 14]
[7, 7, 6, 6, 6, 7, 0, 7]
[2, 6, 6, 5, 6, 0]
[2, 0, 4, 2, 2, 5]
[2, 0, 2]
[3, 3, 4, 0, 4, 5, 4, 7, 4, 9, 10, 10, 14, 12, 16, 10, 18, 16]
[0, 1, 1, 3, 4, 3, 8, 6, 3, 9]
[3, 3, 0, 5, 3, 5, 6, 5, 8, 5, 12, 10, 14, 15, 5, 15]
[3, 3, 0, 3, 6, 4, 3, 7, 10, 3, 10, 15, 12, 12, 11]
[2, 3, 0, 3, 4, 3, 6]
[2, 0, 4, 2, 4, 7, 5, 4, 8, 4, 4, 4, 12, 15, 13, 12, 18, 12, 18, 21, 19]
[0, 1, 4, 1, 4, 7, 5, 4, 8, 4, 12, 10, 4, 16, 16, 13, 16, 17, 20, 18]
[0, 4, 4, 1, 4, 5, 4, 9, 7]
[0, 1, 1, 3, 1, 7, 5]
[2, 0, 2, 3, 2, 5]
[3, 3, 0, 6, 6, 3, 6, 9, 7, 6, 10, 6, 12, 15, 13]
[0, 1, 5, 5, 2, 1, 8, 6]
[0, 3, 1]
[2, 0, 2, 3, 2, 5, 2, 7, 8]
[2, 3, 0, 3, 3, 5, 3, 7, 3, 9]
[5, 5, 5, 5, 0, 5, 6, 6, 11, 11, 8]
[0, 1, 4, 1, 4, 5, 4, 7]
[0, 1, 2, 1, 4]
[0, 1, 1, 5, 3, 5, 6]
[3, 3, 0, 5, 3, 5, 8, 6, 5, 9, 10, 9, 14, 12, 14, 15, 12, 12, 18, 21, 19]
[2, 3, 0, 3, 4, 3, 8, 6]
[12, 3, 1, 3, 3, 5, 6, 5, 8, 12, 12, 0, 12, 15, 19, 15, 16, 19, 12, 19, 22, 20, 25, 25, 19, 25, 26]
[0, 1, 4, 1, 4, 5, 4, 7, 4, 9]
[0, 1, 4, 1, 4, 7, 5]
[0, 1, 6, 6, 6, 1, 6, 9, 7, 6, 10, 11]
[2, 0, 2, 3]
[2, 0, 2, 3]
[2, 0, 2, 5, 3, 2, 8, 6, 2, 9, 10]
[4, 3, 4, 0, 4, 5, 4, 7]
[4, 3, 4, 0, 4, 5, 6, 7, 7]
[0, 1, 4, 1, 4, 5, 8, 6]
[2, 0, 4, 2, 4, 5, 4, 7, 4, 4, 12, 10, 12, 13]
[6, 6, 6, 6, 6, 0, 6, 7, 6, 11, 9, 6, 12, 13]
[2, 3, 0, 3, 3, 5, 3, 9, 7]
[4, 4, 2, 0, 4, 7, 5, 7, 8]
[0, 1, 1, 3, 4, 3, 6]
[4, 4, 4, 0]
[2, 0, 4, 2, 4, 5, 4, 7, 4, 4, 10, 13, 11]
[2, 3, 0, 6, 6, 3]
[3, 3, 0, 3, 4, 5, 6, 7, 6, 11, 9, 6, 12, 13, 14]
[0, 1, 5, 5, 1, 5, 6, 5, 8]
[0, 1, 4, 1, 4, 5, 4, 9, 7, 4, 10]
[0, 1, 4, 1, 4, 5, 6, 6, 6, 6, 12, 4, 12, 13]
[2, 0, 4, 2, 4, 5, 8, 2]
[2, 0, 4, 2, 7, 7, 4, 7, 8, 7, 12, 10]
[5, 5, 5, 5, 0, 5, 8, 6, 5, 9, 12, 5]
[3, 3, 0, 3, 4, 7, 3, 9, 7, 11, 9, 11, 14, 12, 14, 17, 14]
[2, 6, 2, 5, 3, 0, 6, 10, 10, 6, 10, 11]
[0, 1, 4, 1, 4, 5, 4, 7, 10, 4, 10, 10, 14, 10, 14, 14, 18, 16]
[0, 1, 2, 1, 4]
[2, 0, 4, 2, 4, 7, 5, 4, 8, 11, 4, 11, 2, 13, 14]
[5, 5, 5, 5, 0, 5, 9, 9, 6, 5, 12, 10]
[5, 5, 5, 5, 0, 5, 8, 6, 5, 11, 9]
[0, 1, 4, 1, 4, 5, 6, 5, 10, 8, 4, 11]
[3, 3, 0, 5, 3, 5, 6, 5, 10, 8, 5, 13, 11]
[4, 4, 4, 0, 4, 9, 9, 9, 4, 9, 10, 11, 11]
[2, 3, 5, 5, 0, 5, 8, 6, 5, 12, 12, 9]
[3, 3, 0, 5, 3, 5, 6, 5, 8, 9, 9]
[0, 1, 4, 1, 4, 7, 5, 4, 8]
[2, 0, 4, 2, 4, 7, 5, 7, 10, 7, 12, 4, 12, 13, 4, 17, 4, 17, 20, 18, 20, 23, 20, 25, 17, 25, 26, 27]
[2, 5, 2, 3, 0, 5, 6, 7, 7]
[0, 5, 5, 5, 1, 5, 6, 7, 7, 5, 13, 13, 10, 13, 14]
[2, 3, 0, 3, 4, 5, 5, 5]
[4, 4, 4, 0, 4, 5]
[7, 7, 7, 7, 7, 7, 0, 7, 10, 8, 7, 11, 11, 15, 13]
[2, 4, 4, 5, 0, 5, 8, 6]
[0, 1, 2, 1, 4]
[4, 4, 4, 0, 4, 9, 9, 9, 5, 9, 10, 9, 12, 9, 14, 15, 16, 16, 14, 14, 20, 21, 22]
[0, 1, 4, 1, 4, 8, 8, 5, 8, 9, 9, 11, 8, 8, 14, 15, 8, 8, 18, 19]
[2, 0, 5, 5, 2, 5, 6, 5, 8, 9, 5, 11, 11, 13]
[2, 3, 0, 3, 4, 3, 6]
[0, 1, 4, 1, 4, 5, 4, 7]
[2, 0, 4, 2, 4, 7, 5, 4, 10, 8, 4, 13, 11]
[2, 3, 0, 3, 4, 5, 4, 7]
[0, 1, 5, 5, 1, 5, 8, 6, 6, 9, 12, 5]
[2, 0, 4, 2, 4, 5, 4, 9, 7, 4, 10, 11, 12]
[0, 3, 1, 3, 4, 3, 8, 6, 3, 9]
[5, 5, 5, 5, 0, 5, 8, 6, 8, 11, 9]
[2, 0, 4, 2, 4, 7, 5, 7, 8, 7, 10, 14, 14, 4, 17, 17, 14, 17, 21, 21, 17]
[0, 1, 4, 1, 4, 5, 4, 7]
[2, 0, 4, 2, 4, 5, 4, 7, 4, 4, 10, 13, 11, 13]
[4, 4, 4, 0, 4, 5, 4, 9, 7]
[3, 3, 5, 5, 0, 5, 6]
[0, 1, 1, 3, 4, 3, 6, 3, 8]
[0, 3, 1, 3, 4, 3, 6]
[2, 0, 2, 3, 4, 5, 6, 5, 10, 8, 12, 2, 14, 12, 14, 17, 15, 17, 18, 15, 15, 23, 21, 23, 24]
[2, 0, 2, 3, 2, 5, 2, 7]
[4, 4, 4, 0, 4, 5, 4, 9, 7, 4, 10]
[3, 3, 5, 5, 0, 5, 8, 6]
[5, 5, 5, 5, 0]
[2, 0, 2, 3, 2, 5]
[2, 11, 11, 11, 4, 5, 4, 7, 7, 9, 0]
[0, 1, 2, 1, 4]
[2, 0, 2, 3, 6, 4, 6, 7, 8, 8, 6, 13, 11, 13, 14]
[0, 3, 1, 5, 3, 5, 5, 5, 8, 9, 8, 11]
[3, 3, 0, 3, 3, 5, 6, 7, 6, 9, 12, 6, 12, 16, 16, 13]
[0, 1, 4, 1, 6, 4, 6, 7, 6, 11, 9, 11, 11]
[4, 4, 4, 0, 4, 5, 6, 5, 8, 5, 10, 5, 12, 13, 13, 13]
[0, 1, 4, 1, 4, 5, 4, 9, 7]
[2, 0, 4, 2, 4, 8, 8, 5, 4, 9, 4, 11]
[8, 1, 2, 8, 8, 5, 8, 0, 8]
[2, 0, 4, 2, 4, 4, 6, 4, 8, 4, 12, 10, 12, 13]
[4, 4, 4, 0, 4, 8, 8, 4, 8, 9, 8, 13, 11]
[2, 0, 5, 5, 2, 5, 6, 5, 8, 5, 12, 10]
[0, 1, 5, 5, 2, 1, 6]
[0, 1, 5, 5, 1, 5, 8, 6, 5, 9, 5, 11, 14, 12]
[4, 4, 4, 0, 4, 8, 8, 5, 8, 8, 12, 10, 10, 15, 13]
[3, 3, 0, 5, 3, 5, 6, 5, 8, 5, 10, 11, 12]
[0, 1, 1, 3, 4, 5, 4, 7]
[0, 1, 4, 1, 4, 5, 4, 7, 4, 9, 10, 11, 14, 4, 14, 15]
[0, 1, 4, 1, 4, 5, 4, 7]
[0, 1, 1, 5, 3]
[6, 6, 6, 6, 6, 0]
[2, 5, 5, 5, 0, 7, 5, 7, 8, 7, 10]
[2, 3, 0, 3, 4, 5, 8, 5]
[0, 1, 4, 1, 4, 5, 4, 7, 4, 9, 12, 4, 12, 13, 12, 18, 18, 15, 12, 12, 22, 20]
[3, 3, 0, 6, 6, 3, 6, 7, 8, 11, 8]
[3, 3, 0, 3, 8, 8, 8, 4, 8, 9, 8, 11, 8, 15, 13]
[3, 3, 0, 3, 6, 8, 8, 3, 8, 11, 9, 11, 11, 15, 13, 13, 19, 19, 16]
[3, 3, 0, 5, 3, 5, 6, 5, 8, 5, 12, 10, 5, 13, 16, 14]
[4, 4, 4, 0, 7, 7, 4, 4, 8, 4, 12, 10]
[2, 0, 2, 3, 2, 5]
[4, 3, 4, 0, 4]
[2, 0, 2, 7, 7, 7, 2, 7, 10, 8, 7, 11]
[0, 1, 4, 1, 4, 5, 4, 9, 7]
[4, 4, 4, 0, 4, 7, 5, 5, 8]
[0, 3, 1]
[4, 4, 4, 0, 4, 5, 6, 6, 4, 9]
[8, 8, 8, 3, 4, 8, 8, 0, 10, 8, 10, 11, 10, 13, 10, 15, 16, 19, 17, 15, 20]
[3, 3, 0, 5, 3, 7, 12, 7, 8, 12, 12, 5, 12, 15, 13, 15, 16, 17, 12, 19, 19, 21]
[2, 0, 4, 2, 4, 5, 4, 7, 11, 11, 4, 11]
[3, 3, 0, 5, 3, 5, 6, 7, 10, 8, 7, 13, 11]
[0, 1, 4, 1, 4, 5, 4, 7]
[0, 4, 4, 1, 4, 5, 4, 7]
[4, 4, 4, 0, 4, 5, 4, 7, 4, 9, 12, 10, 12]
[0, 3, 1, 3, 4, 4, 6, 4, 8, 9, 12, 10]
[3, 3, 0, 3, 9, 8, 8, 9, 3, 9]
[2, 11, 11, 5, 11, 5, 5, 7, 7, 9, 0]
[4, 4, 4, 0, 4, 5, 4, 7, 4, 11, 9]
[2, 0, 2, 5, 3, 3, 8, 6]
[0, 3, 1, 3, 4, 3, 6, 3, 8, 9, 10]
[0, 1, 4, 1, 4, 5, 4, 7]
[6, 1, 2, 2, 6, 0, 6, 9, 7, 6, 10, 6, 14, 12]
[4, 4, 4, 0, 4, 4, 8, 6, 8, 11, 8, 4, 12, 13, 16, 13]
[4, 3, 4, 0, 4, 5, 6, 6]
[4, 3, 4, 0, 4, 5, 4, 7]
[2, 6, 2, 3, 6, 0, 6, 10, 10, 7, 10, 11, 10, 16, 16, 13]
[0, 1, 4, 1, 4, 5]
[3, 3, 0, 5, 3, 5, 6, 7, 10, 7, 5, 11, 12, 11, 16, 14, 11, 11, 18, 21, 19]
[4, 4, 4, 0, 4, 4]
[0, 1, 5, 5, 1, 5, 6, 5, 8]
[0, 1, 4, 2, 4, 7, 5, 4, 8]
[0, 1, 2, 1, 4]
[3, 3, 0, 5, 3, 7, 5, 9, 7, 9, 10, 9, 14, 12]
[5, 5, 5, 5, 0, 5, 6, 5, 8]
[0, 1, 4, 1, 4, 8, 8, 5, 8, 9, 8, 11]
[0, 1, 1, 3, 4, 5, 6, 5, 10, 8, 5, 11, 12, 11, 14]
[6, 6, 6, 6, 6, 0, 6, 9, 7, 6, 10, 6, 14, 12, 14, 6]
[2, 3, 0, 3, 3, 5, 3, 7, 3, 11, 9]
[2, 0, 7, 7, 7, 7, 2, 7, 8, 7, 12, 10]
[0, 1, 4, 1, 4, 5, 6, 6]
[0, 3, 1, 3, 6, 4, 3, 9, 7, 11, 3, 11, 11, 13, 1, 1, 16, 17, 18, 17, 22, 20, 24, 17, 24, 24, 26]
[0, 1, 1, 3, 4, 3, 6]
[2, 0, 2, 3, 4, 5, 4, 7]
[3, 3, 0, 5, 3, 5, 6, 5, 10, 8, 12, 5, 12, 13, 14]
[3, 3, 0, 5, 3, 5, 8, 6, 5, 11, 9, 5, 12, 15, 13]
[2, 0, 2, 5, 3, 3, 8, 6]
[0, 1, 6, 6, 6, 1, 6, 9, 7, 6, 12, 10]
[2, 5, 5, 5, 0, 5, 6, 6, 8, 6, 10, 6, 12, 13, 13, 13, 19, 19, 13]
[2, 5, 2, 3, 0, 5, 6, 5, 10, 8, 5, 5, 12, 13, 12, 20, 20, 20, 20, 15]
[2, 0, 4, 2, 6, 2, 2, 7, 2, 11, 9, 2, 15, 15, 2, 18, 18, 15]
[2, 0, 4, 2, 6, 4, 6, 10, 10, 7, 10, 11, 4, 4, 17, 17, 14, 17, 20, 18]
[0, 1, 4, 2, 4, 5, 4, 10, 10, 7]
[2, 7, 7, 7, 7, 7, 0, 7, 8, 7, 12, 10, 7, 13, 14]
[0, 1, 4, 1, 4, 5, 6, 7, 6, 9, 10, 10]
[3, 3, 0, 3, 6, 4, 3, 7, 3, 11, 9, 13, 11, 15, 16, 17, 13, 19, 17]
[5, 5, 5, 5, 0, 5, 6, 7, 10, 7]
[0, 1, 5, 5, 2, 1, 8, 6]
[2, 0, 2, 2, 4, 7, 5, 5, 5, 9, 10]
[12, 3, 1, 12, 4, 4, 6, 4, 8, 9, 12, 0, 14, 12, 18, 18, 18, 14, 18]
[3, 3, 0, 5, 3, 9, 9, 9, 5, 9, 10, 9, 12, 9, 14, 15]
[2, 0, 2, 2, 4]
[5, 5, 5, 5, 0, 5, 6, 5, 8]
[5, 5, 5, 5, 0, 5, 6, 5, 8]
[2, 0, 2, 5, 3, 2, 8, 6, 2, 9, 2, 13, 11]
[2, 0, 4, 2, 4, 5, 4, 9, 7]
[0, 1, 2, 1, 4]
[4, 4, 4, 0, 4, 5, 4, 7, 4, 9, 4, 11, 14, 12, 14, 15]
[0, 1, 1, 3, 4, 3, 6, 3, 8, 11, 9, 13, 11]
[4, 4, 4, 0, 4, 5, 4, 7]
[4, 4, 4, 0, 4, 5, 4, 7, 10, 4, 10, 11, 12, 15, 12]
[0, 1, 2, 1]
[2, 0, 4, 2, 4, 7, 5, 4, 8, 4, 12, 10, 12, 13]
[2, 0, 2, 7, 7, 7, 2, 7, 10, 8, 7, 11]
[3, 3, 0, 3, 4, 9, 9, 9, 5, 9, 10, 9, 12, 5, 5, 15, 19, 19, 16]
[2, 3, 0, 3, 4, 3, 6, 3, 8]
[2, 0, 4, 2, 4, 7, 5]
[2, 0, 2, 3, 4, 4]
[2, 0, 4, 2, 4, 5, 4, 10, 10, 7, 4, 4, 14, 12, 14, 15, 19, 19, 4, 22, 22, 19]
[2, 8, 2, 5, 3, 2, 6, 0, 8, 9, 8, 13, 11, 15, 8]
[3, 3, 0, 3, 8, 8, 8, 4, 8, 9, 8, 11]
[2, 0, 4, 2, 4, 5, 4, 9, 7, 11, 4, 11, 14, 12, 11, 15]
[0, 1, 4, 1, 1, 5]
[4, 4, 4, 0, 4, 7, 5, 7, 10, 7, 4, 13, 11, 4, 14, 15]
[3, 3, 5, 5, 0, 5, 6, 6, 8]
[0, 1, 2, 3, 4, 3, 6]
[6, 6, 6, 5, 6, 0, 6, 7, 6, 9]
[2, 0, 2, 5, 3, 2, 6, 2, 10, 8]
[0, 4, 4, 1, 4, 5, 4, 10, 10, 7, 12, 4, 14, 12]
[4, 4, 4, 0, 4, 4, 6, 9, 7, 9, 12, 10, 9, 13]
[2, 5, 5, 5, 0, 5, 6, 7, 7, 18, 18, 14, 14, 18, 14, 18, 18, 5, 21, 21, 18, 21, 22, 21, 26, 24, 26, 27, 18, 31, 18, 31, 35, 35, 32]
[2, 0, 2, 5, 2, 5, 6, 5, 8, 2, 10, 11, 11, 15, 13]
[4, 4, 4, 0, 4, 8, 8, 4, 8, 9, 9, 11]
[3, 3, 0, 3, 6, 4, 3, 7, 3, 11, 9]
[2, 0, 4, 2, 6, 7, 4, 7, 7, 11, 9, 7, 7, 13, 14]
[3, 3, 0, 5, 3, 5, 8, 6, 8, 11, 9, 8, 12, 8, 14]
[0, 1, 1, 3, 4, 3, 6, 3, 10, 8]
[6, 6, 5, 5, 6, 0]
[5, 5, 5, 5, 0, 5, 8, 6, 5, 9, 9, 11]
[4, 4, 4, 0, 4, 7, 5, 4, 8, 4, 10, 13, 11]
[3, 3, 0, 3, 4, 5, 4, 7, 4, 9, 10]
[0, 1, 2, 1]
[2, 0, 4, 2, 4, 5, 4, 7, 4, 12, 12, 9]
[0, 1, 2, 1, 6, 4]
[3, 3, 0, 5, 3, 9, 8, 9, 5, 9, 10, 9, 12]
[2, 0, 4, 2, 6, 4, 6, 7, 6, 9]
[0, 1, 6, 6, 6, 1, 6, 7, 6, 11, 9, 6, 12]
[2, 0, 4, 2, 6, 4, 6, 9, 7, 6, 10]
[2, 0, 4, 2, 4, 4, 8, 6, 6, 6, 10, 10]
[2, 0, 2, 3, 2, 5, 8, 13, 8, 9, 13, 13, 2, 13, 16, 14]
[4, 4, 4, 0, 4, 8, 8, 5, 4, 9, 9, 11]
[2, 0, 2, 5, 3, 3, 6]
[2, 5, 5, 5, 6, 0, 6]
[4, 4, 4, 0, 4, 7, 5, 5, 11, 11, 8, 4, 14, 12, 14]
[2, 3, 0, 3, 4]
[2, 3, 0, 3, 3, 5, 3, 9, 7]
[5, 5, 5, 5, 0, 5, 6, 6, 8]
[0, 1, 4, 1, 4, 9, 9, 9, 5, 9, 10, 9, 12]
[0, 1, 4, 1, 4, 5, 4, 7]
[0, 1, 4, 1, 4, 5, 4, 7]
[5, 5, 5, 5, 0, 5, 6, 7, 7, 5, 12, 10]
[2, 7, 2, 3, 2, 5, 0, 7, 8, 9, 12, 10]
[3, 3, 0, 6, 6, 3, 6, 7, 8, 8, 6, 11, 14, 12, 11, 11, 16, 19, 17, 19, 22, 20]
[0, 1, 2, 3, 3, 1, 8, 6, 1, 9, 13, 13, 10]
[0, 1, 1, 3, 4, 3, 6, 3, 8]
[0, 3, 1, 3, 4, 3, 6, 3, 11, 11, 8, 11, 12]
[0, 1, 4, 2, 1, 5, 6, 5, 10, 8, 10]
[0, 1, 4, 1, 4, 5]
[2, 0, 2, 3, 2, 7, 5]
[4, 4, 4, 0, 4, 7, 4, 7, 8, 7, 10, 11, 12, 11, 14, 11, 18, 16, 18, 18, 20, 21]
[2, 0, 5, 5, 2, 5, 8, 6, 5, 9, 5, 11]
[6, 6, 6, 6, 6, 0, 6, 9, 7, 6, 10]
[0, 1, 1, 3, 4, 3, 8, 6, 8, 8]
[2, 0, 2, 5, 2, 5, 6, 5, 8, 5, 12, 10, 12, 15, 12]
[2, 0, 2, 3, 6, 4, 4, 4, 8, 9, 4, 13, 11]
[0, 1, 4, 2]
[0, 1, 1, 5, 3, 5, 11, 11, 11, 11, 6, 11, 14, 11]
[5, 5, 5, 5, 0, 5, 9, 9, 6, 5, 10]
[3, 3, 0, 3, 4]
[0, 1, 2, 1, 4]
[0, 1, 4, 1, 4, 5, 4, 7]
[5, 4, 4, 5, 0, 7, 5, 7, 8, 8, 8]
[0, 1, 1, 3, 4, 3, 6, 3, 3, 9, 9, 11]
[3, 3, 0, 3, 4, 3, 6]
[5, 5, 4, 5, 0, 5, 6, 5, 8, 5, 10, 13, 11]
[2, 0, 2, 6, 6, 2, 6, 10, 10, 7, 6, 13, 11]
[2, 0, 4, 2, 4, 7, 5, 4, 8, 11, 4, 11, 11, 11, 14, 15, 14, 19, 17]
[0, 1, 4, 1, 4, 7, 5, 4, 10, 8]
[0, 1, 4, 1, 4, 5]
[2, 3, 0, 3, 4, 3, 6]
[2, 0, 2, 3, 2, 7, 5, 2, 8, 9]
[2, 0, 2, 5, 3, 2, 8, 6]
[6, 6, 6, 5, 6, 0, 6, 7, 6, 9, 6, 11, 12, 13]
[0, 1, 4, 1, 4, 5, 4, 7]
[0, 1, 1, 3, 4, 3, 6]
[2, 6, 6, 5, 6, 0, 6, 7, 6, 9]
[5, 5, 5, 5, 0, 5, 6, 5, 8, 11, 5, 11, 12, 11, 16, 14]
[3, 3, 0, 5, 3, 5, 6, 5, 8]
[3, 3, 0, 3, 4, 4, 6, 9, 10, 11, 3]
[5, 5, 5, 5, 0, 5, 8, 6, 10, 5, 10, 11, 10, 13]
[0, 3, 1, 3, 4, 3, 6, 3, 8, 11, 3, 11, 14, 12]
[8, 5, 5, 5, 8, 7, 5, 0, 24, 11, 24, 11, 11, 13, 13, 17, 15, 11, 20, 18, 20, 23, 21, 8, 24, 28, 28, 25, 28, 29, 29]
[2, 3, 0, 3, 3, 5, 3, 7, 3, 11, 9]
[2, 3, 0, 3, 4, 3, 8, 6]
[3, 3, 0, 3, 8, 8, 8, 4, 8, 9, 8, 11]
[2, 8, 2, 5, 3, 2, 6, 0, 10, 8, 8, 14, 14, 11]
[0, 1, 4, 1, 4, 5, 4, 10, 10, 7, 12, 4, 12, 12, 16, 14]
[0, 1, 4, 1, 4, 8, 8, 5, 4, 11, 9, 4, 12]
[3, 3, 0, 3, 3, 5]
[2, 7, 2, 3, 7, 7, 0]
[5, 5, 5, 5, 0, 5, 6, 7, 5, 9, 10, 9, 12, 13]
[2, 0, 4, 2, 6, 4, 6, 7, 6, 9, 4]
[0, 3, 1, 3, 6, 4, 3, 9, 3, 11, 1, 11, 12, 11, 14, 19, 19, 19, 15]
[2, 6, 2, 5, 3, 0, 6, 6, 10, 8]
[0, 1, 2, 1, 4]
[5, 5, 5, 5, 0, 7, 5, 7, 8, 7, 10, 13, 5, 13]
[0, 1, 2, 1, 4, 9, 9, 9, 1]
[2, 4, 4, 0, 4, 7, 5]
[3, 3, 0, 5, 3, 5, 6, 7, 5, 9, 10]
[2, 5, 5, 5, 0, 5, 6, 5, 8, 5, 10]
[0, 1, 5, 5, 1, 5, 6, 7, 7]
[0, 3, 1, 3, 4, 3, 6, 3, 10, 8, 3, 13, 3, 13, 16, 14]
[2, 0, 4, 2, 6, 4, 6, 7, 6, 9, 6]
[0, 1, 1, 6, 6, 3, 6, 7]
[2, 0, 4, 2, 4, 5, 4, 9, 7]
[0, 1, 2, 3, 3]
[4, 4, 4, 0, 4, 7, 5]
[4, 4, 4, 0]
[3, 3, 0, 5, 3, 7, 5, 7, 11, 11, 8, 7, 14, 12, 17, 17, 3, 19, 17, 19, 22, 20]
[4, 4, 4, 0, 4, 5, 4, 9, 7]
[0, 3, 1, 3, 4, 3, 6]
[2, 0, 5, 5, 2, 5, 6, 6, 8]
[0, 1, 4, 1, 4, 5, 4, 7, 4, 11, 9, 11, 14, 12]
[2, 7, 7, 6, 6, 7, 0, 7, 13, 13, 13, 13, 8]
[2, 0, 2, 3, 4, 3, 6, 3, 8, 3, 10, 11, 12]
[2, 3, 0, 3, 3, 7, 5, 3, 3, 9, 10]
[0, 1, 4, 1, 4, 5, 4, 7]
[0, 1, 4, 1, 4, 7, 5]
[4, 1, 1, 0, 4, 5, 6, 10, 10, 6]
[2, 7, 2, 3, 7, 7, 0, 7, 10, 8, 10, 11, 12, 7, 14, 14, 16]
[3, 3, 0, 3, 4, 3, 6]
[4, 4, 4, 0, 4, 5, 4, 10, 10, 7]
[0, 1, 4, 1, 4, 5, 4, 7]
[3, 3, 0, 5, 3, 5, 6, 7, 8, 7, 10, 7, 15, 15, 12, 7]
[2, 0, 2, 3, 4, 4]
[2, 4, 4, 0, 6, 4, 4, 7, 4, 11, 9]
[3, 3, 0, 3, 9, 9, 9, 9, 3, 9, 10, 10, 14, 12]
[2, 0, 5, 5, 2, 5, 6, 5, 8]
[8, 8, 8, 5, 8, 8, 8, 0, 8, 9, 10, 13, 10]
[3, 3, 5, 5, 0, 5, 6, 5, 10, 8, 5, 11]
[7, 7, 6, 6, 6, 7, 0]
[2, 0, 4, 2, 4, 5, 8, 5, 5, 9, 12, 10, 9, 13, 14]
[2, 3, 0, 3, 4, 3, 6, 3, 8]
[2, 0, 4, 2, 4, 5, 4, 7, 10, 4, 12, 10, 15, 15, 2, 15, 18, 15, 21, 21, 18, 21, 21, 23]
[0, 1, 2, 1, 4, 1, 6, 1, 10, 8]
[0, 1, 1, 3, 6, 4, 3, 7, 3]
[0, 1, 4, 1, 4, 8, 8, 5, 4, 12, 12, 9, 4, 13, 16, 14]
[0, 3, 1, 3, 4, 3, 6]
[4, 4, 4, 0, 4, 9, 9, 9, 5, 9, 10, 9, 14, 12]
[0, 1, 2, 1, 4, 1, 6]
[0, 1]
[4, 4, 4, 0, 4, 7, 5, 4, 8, 8, 12, 10, 4, 13]
[3, 3, 0, 7, 7, 7, 3, 7, 10, 8, 10, 11, 10, 13]
[0, 1, 2, 1, 4, 1, 8, 6, 10, 1]
[5, 5, 5, 5, 0, 5, 6, 6, 8]
[4, 4, 4, 0, 4, 7, 5, 7, 7, 4, 12, 10, 12, 15, 13, 4]
[0, 1, 4, 1, 4, 5, 4, 7]
[4, 4, 4, 0, 4, 7, 5]
[2, 3, 0, 7, 7, 7, 3, 7, 11, 11, 8]
[2, 5, 5, 5, 0, 5, 6, 5, 8, 5, 10, 11, 14, 12, 11, 17, 15]
[0, 1, 1, 3, 4, 3, 6]
[2, 0, 2, 3, 3, 5]
[3, 3, 0, 7, 7, 7, 3, 7, 8, 7, 12, 10, 10, 10, 10, 15]
[19, 4, 4, 1, 4, 4, 8, 6, 6, 9, 12, 19, 12, 15, 12, 19, 18, 19, 0, 19, 20]
[0, 1, 4, 1, 4, 5, 6, 9, 7, 6, 10, 6, 14, 12]
[0, 1, 4, 1, 4, 8, 8, 5, 4, 11, 9, 4, 12, 4, 16, 4, 16, 17, 16, 21, 19, 16, 22]
[0, 1, 2, 1, 4, 5]
[2, 3, 0, 3, 3, 8, 8, 5, 5, 11, 9]
[0, 1, 5, 5, 1, 5, 8, 6]
[2, 3, 0, 3, 3, 3, 6, 7, 6, 9, 10]
[2, 0, 4, 2, 4, 5, 4, 7, 4, 9]
[5, 5, 5, 5, 0, 5, 10, 10, 10, 6, 10, 11, 10, 13]
[2, 0, 2, 5, 3, 2, 6, 2, 8]
[4, 4, 4, 0, 4, 5, 6, 7, 6, 9]
[10, 10, 4, 10, 4, 4, 6, 6, 8, 0]
[4, 4, 4, 9, 4, 5, 6, 6, 0, 9, 13, 13, 10]
[0, 1, 2, 1, 6, 4]
[0, 6, 6, 6, 6, 1, 6, 7, 7, 9, 12, 6, 12, 13, 12, 17, 15, 17, 20, 17]
[0, 1, 2, 1, 4]
[2, 0, 5, 5, 2, 5, 8, 6, 5, 11, 9, 5, 5]
[7, 7, 7, 7, 7, 7, 9, 9, 0, 9, 10, 10, 12, 9, 14, 15]
[0, 1, 4, 1, 4, 7, 5, 4, 8, 11, 4, 11, 12, 15, 13]
[4, 4, 4, 0, 4, 5]
[2, 0, 4, 2, 4, 5, 4, 9, 7, 4]
[0, 1, 4, 1, 4, 7, 5, 4, 11, 11, 8]
[0, 3, 1, 5, 3, 5, 5, 5, 12, 12, 12, 8]
[0, 1, 6, 6, 6, 1, 6, 7, 6, 9]
[0, 1, 2, 3, 3, 1, 8, 6]
[4, 4, 4, 0]
[0, 1, 4, 1, 4, 5, 4, 7, 10, 4, 10, 11, 10, 13]
[2, 0, 2, 3, 2, 7, 5, 2, 8, 2, 10, 13, 11]
[3, 3, 0, 3, 3, 5, 6, 9, 7, 6, 10, 6, 14, 12]
[4, 4, 4, 0, 4, 5, 4, 7, 4, 11, 9]
[2, 0, 2, 6, 6, 3, 2, 9, 7]
[0, 1, 1, 3, 4, 3, 8, 6]
[2, 0, 2, 3, 2, 5, 2, 12, 12, 12, 12, 7, 14, 2, 14, 15]
[3, 3, 0, 3, 4, 4, 6, 4, 8]
[0, 1, 5, 5, 1, 5, 6, 5, 10, 8]
[0, 1, 4, 1, 4, 5, 4, 7]
[3, 3, 0, 3, 7, 7, 3, 7, 8, 7, 13, 13, 10]
[3, 3, 0, 5, 3, 5, 6, 5, 10, 11, 8, 3, 3, 13, 16, 13, 16, 17, 18, 18]
[0, 1, 2, 1, 6, 1, 8, 6, 8, 11, 9, 8, 12]
[0, 1, 1, 3, 4, 3, 8, 6, 3, 9]
[5, 5, 5, 5, 0]
[4, 4, 4, 0, 4, 7, 5, 7, 8, 7, 10]
[3, 3, 0, 5, 3, 5, 6, 7, 7]
[0, 1, 4, 1, 4, 5, 4, 7]
[2, 0, 4, 2, 4, 7, 5, 4, 8, 4, 12, 10, 10, 15, 13, 10, 16, 16, 18, 18, 22, 20]
[4, 4, 4, 0, 4, 5, 4, 7]
[2, 0, 4, 2, 4, 8, 8, 5, 4, 11, 9, 4, 12, 13, 13]
[0, 1, 4, 1, 4, 7, 5, 5, 8, 11, 4, 11, 14, 12]
[0, 1, 2, 1, 4, 1, 8, 6]
[4, 4, 4, 0, 4, 5, 5, 7]
[0, 1, 4, 1, 4, 5, 4, 9, 7]
[4, 4, 4, 0, 4, 7, 5, 7, 7, 4, 12, 10, 12, 16, 16, 13]
[0, 1, 1, 3, 4, 5, 4, 7, 3, 9, 12, 10]
[4, 4, 4, 0, 4, 5, 6, 7, 8, 8, 4, 11, 14, 12]
[3, 3, 0, 3, 7, 7, 4, 3, 10, 8]
[7, 7, 7, 7, 7, 7, 0, 7, 8, 8, 10]
[0, 1, 6, 6, 6, 1, 6, 9, 7, 6, 10, 13, 6, 13, 14, 15]
[2, 0, 4, 2, 6, 4, 6, 7, 6, 13, 13, 13, 9]
[2, 0, 4, 2, 4, 5, 4, 7, 4, 11, 9]
[0, 1, 1, 3, 6, 4, 3, 7]
[2, 5, 2, 3, 0, 5, 6, 5, 5, 9, 10, 13, 11, 13, 14]
[0, 1, 2]
[5, 5, 5, 5, 0, 9, 9, 9, 5, 9, 10, 9, 12]
[2, 3, 0, 3, 4, 3, 6, 3, 8, 9, 12, 10]
[2, 0, 4, 2, 4, 5, 4, 7]
[0, 1, 4, 2, 1]
[2, 0, 2, 3, 2, 5]
[2, 0, 2, 3, 4, 3, 6, 3, 8, 9]
[2, 3, 0, 3, 3, 5, 3, 7, 7, 9]
[3, 3, 0, 3, 4, 3, 8, 6, 3, 9]
[0, 1, 4, 1, 4, 5, 4, 7, 4, 11, 9]
[3, 3, 0, 3, 6, 4, 6, 6, 8, 6, 12, 10]
[0, 1, 4, 1, 4, 7, 5, 4, 8, 4, 10, 11, 12]
[5, 5, 5, 5, 0, 5, 9, 9, 6]
[0, 1, 4, 1, 4, 5, 8, 6, 8, 9, 8, 11, 6, 13]
[3, 3, 0, 3, 4, 5, 4, 7, 4, 9, 14, 11, 11, 10]
[5, 5, 4, 5, 0]
[2, 12, 12, 12, 12, 12, 12, 7, 8, 12, 12, 0]
[3, 3, 0, 5, 3, 7, 5, 7, 8, 7, 10, 5]
[2, 6, 6, 5, 6, 0, 6, 7, 7, 9]
[4, 4, 4, 0, 4, 5, 4, 9, 7, 11, 4, 11, 12]
[0, 1, 4, 1, 4, 5, 4, 9, 7, 4, 12, 10, 12, 15, 12]
[2, 3, 0, 3, 4, 3, 6, 3, 10, 8]
[0, 1, 5, 5, 1, 5, 5, 9, 7, 5, 10, 5, 14, 12, 14, 15, 16]
[4, 4, 4, 0, 4, 7, 5, 5, 8, 9, 5, 11, 11, 13]
[0, 1, 2, 1, 4]
[4, 4, 4, 0, 4, 5, 4, 7, 4, 11, 9, 11, 12]
[2, 0, 2, 5, 3, 2, 8, 6, 2, 11, 9]
[3, 3, 0, 5, 3, 5, 8, 6, 5, 11, 9, 5, 12]
[0, 1, 4, 1, 4, 7, 5, 4, 10, 8]
[5, 5, 5, 5, 0, 5, 8, 6, 5, 9, 5, 11]
[5, 5, 5, 5, 0, 5, 8, 6, 6, 6, 10, 11, 10, 13, 14]
[6, 6, 4, 6, 4, 0]
[2, 0, 4, 2, 4, 5, 4, 7, 4, 11, 9]
[2, 0, 2, 2, 4]
[0, 1, 5, 5, 1, 5, 6, 5, 10, 8]
[6, 6, 6, 6, 6, 0, 6, 7, 6, 9]
[2, 0, 2, 3, 2, 7, 5, 2]
[3, 3, 0, 5, 3, 7, 5, 9, 7, 9, 13, 13, 10, 9, 16, 14, 19, 19, 3, 21, 23, 23, 19, 23, 26, 24, 23, 23, 28, 31, 29, 28, 34, 32]
[2, 0, 4, 2, 4, 5, 2, 9, 2, 9, 10, 14, 14, 2, 14]
[5, 5, 5, 5, 0, 5, 6, 7, 7]
[3, 3, 0, 8, 8, 8, 8, 3, 8, 11, 9, 8, 14, 12, 8, 15, 16, 16]
[2, 0, 2]
[0, 1, 4, 1, 4, 5, 4, 9, 7, 4, 10]
[0, 1, 1, 7, 4, 7, 1, 9, 7, 9, 10, 9, 12, 13]
[2, 0, 2, 5, 2, 5, 6, 7, 8, 7, 10, 11]
[6, 6, 2, 2, 6, 0, 6, 7, 8, 9]
[5, 3, 5, 5, 0, 7, 5]
[0, 1, 5, 5, 6, 1, 6, 7, 6, 9]
[0, 1, 2, 5, 3, 5, 6, 5, 8, 5, 10]
[2, 3, 6, 6, 6, 0, 8, 6, 8, 11, 9, 11, 11, 8, 16, 14, 16, 17]
[0, 1, 6, 6, 6, 1, 6, 12, 12, 12, 12, 6, 23, 23, 23, 23, 23, 23, 20, 18, 23, 23, 1, 23, 24, 23, 26, 23, 23, 29, 30, 29, 35, 35, 32]
[2, 0, 2, 2, 4, 5]
[2, 0, 4, 2, 4, 5, 4, 7, 4, 9, 13, 13, 2, 13, 16, 13]
[5, 5, 5, 5, 0, 5, 6, 5, 10, 8, 5, 11]
[3, 3, 0, 5, 3, 7, 5, 7, 8, 7, 12, 10, 5, 13, 14, 14, 14, 17]
[0, 1, 4, 1, 4, 7, 5, 4, 10, 8, 4, 11]
[8, 8, 8, 5, 8, 8, 8, 0, 8, 9, 10, 13, 10]
[4, 4, 4, 0, 4, 8, 8, 4, 10, 8, 10, 11, 10, 13]
[0, 1, 2, 1, 4, 1, 8, 6]
[0, 1, 4, 1, 4, 5, 4, 7]
[2, 0, 4, 2, 4, 5, 6, 6, 4, 9, 10, 11]
[0, 1, 2, 1, 6, 4, 1, 7]
[4, 4, 4, 0, 4, 5, 4, 9, 7]
[4, 4, 4, 0, 4, 5, 4, 7, 4, 11, 9, 11]
[2, 0, 2, 3, 2, 5, 8, 2, 2, 9, 10, 11]
[0, 1, 2, 1, 4, 1, 8, 6]
[2, 0, 4, 2, 4, 4, 4, 7, 4, 11, 9]
[0, 1, 1, 3, 4, 3, 6]
[7, 1, 2, 2, 6, 7, 0, 7, 8, 7, 10, 7, 14, 12]
[0, 1, 5, 5, 1, 5, 8, 6, 5, 9]
[2, 0, 2, 3, 4, 5]
[0, 1, 5, 5, 1, 5, 6, 10, 10, 6]
[5, 1, 2, 5, 0, 7, 5, 7, 8, 7, 10, 7, 14, 12]
[3, 3, 0, 5, 3, 7, 5, 7, 10, 8, 7, 11, 7, 13, 14]
[5, 5, 5, 5, 0, 5, 6, 6, 8]
[0, 3, 1, 5, 3, 5, 6, 7, 7, 7, 7, 5, 5, 13, 14]
[2, 3, 0, 3, 3, 7, 5, 7, 10, 8, 3, 3, 12, 15, 13]
[0, 1, 2, 1, 6, 4]
[0, 1, 1, 3, 4, 5, 8, 5, 3, 9]
[2, 0, 4, 2, 4, 5, 4, 9, 7]
[4, 3, 4, 0, 4, 5, 4, 9, 7]
[4, 4, 4, 0, 4]
[0, 1, 5, 5, 1, 5, 6, 5, 8]
[4, 4, 4, 0]
[3, 3, 5, 5, 0, 5, 8, 6]
[2, 0, 4, 2, 4, 5, 4, 9, 7]
[3, 3, 0, 3, 4]
[0, 1, 4, 1, 4, 5, 5, 7, 4, 9, 10, 10]
[4, 4, 4, 0, 4, 5, 6, 6, 10, 4]
[2, 0, 4, 2, 7, 7, 4, 10, 10, 7, 10, 14, 14, 11, 10, 17, 15, 10, 18, 21, 18]
[2, 6, 2, 3, 6, 0, 6, 9, 7, 9, 10, 9, 12]
[3, 3, 0, 5, 3, 5, 6, 5, 8]
[0, 3, 1, 3, 4, 3, 8, 6, 3, 9]
[5, 5, 5, 5, 0, 7, 5, 7, 8, 7, 10, 13, 5, 13]
[2, 5, 5, 5, 0, 5, 6, 5, 10, 8]
[3, 3, 0, 3, 6, 3, 6, 9, 7, 9, 10, 9, 12]
[5, 5, 2, 5, 0, 5, 6, 5, 10, 8, 5, 11, 12, 12]
[4, 4, 4, 0]
[3, 3, 0, 3, 4, 3, 6]
[2, 4, 4, 0, 4, 7, 5]
[0, 1, 4, 1, 4, 5, 4, 7, 4, 9]
[3, 3, 0, 3, 4, 3, 6]
[4, 3, 1, 0, 4, 8, 8, 4, 8, 9, 9, 11]
[4, 4, 4, 0, 4]
[4, 4, 4, 0, 4, 5, 4, 9, 7, 4, 12, 10, 12]
[5, 5, 5, 5, 0, 5, 6, 5, 10, 8, 5, 13, 11, 13]
[2, 0, 4, 2, 6, 4, 6, 7, 8, 6, 10, 14, 14, 11, 11, 11, 16, 17]
[0, 1, 1, 3, 1, 5]
[5, 5, 5, 5, 0, 5, 6, 5, 8, 5, 12, 10]
[0, 1, 2, 1, 6, 4, 1, 9, 7]
[2, 0, 6, 6, 6, 2, 6, 7, 6, 9]
[2, 0, 2, 7, 7, 7, 2]
[2, 4, 4, 0]
[2, 0, 2, 2, 8, 8, 8, 2, 8, 9, 9, 11]
[0, 4, 4, 1, 4, 5, 4, 7]
[3, 3, 0, 6, 6, 3, 6, 7, 10, 8, 6, 11, 12, 11, 16, 14, 11, 19, 17, 19, 20]
[5, 5, 5, 5, 0, 5, 6, 5, 8, 11, 5]
[4, 4, 4, 0, 4, 5, 4, 9, 7, 4, 10, 11]
[0, 1, 4, 1, 4, 5, 6, 7, 7, 11, 7]
[0, 1, 4, 2, 1, 5]
[5, 5, 5, 5, 0, 5, 8, 6, 8, 11, 8, 5, 14, 12, 5, 15, 5, 19, 17, 19, 5]
[4, 1, 4, 0, 6, 4, 8, 6]
[2, 3, 0, 3, 3, 7, 5, 5, 10, 8]
[3, 3, 0, 6, 6, 3, 6, 7, 6, 11, 9]
[0, 1, 6, 6, 6, 1, 6, 7, 6, 9]
[2, 3, 0, 3, 4, 5, 6, 6]
[0, 1, 4, 1, 4, 5, 4, 7]
[0, 3, 1, 3, 4, 3, 8, 6, 3, 11, 9]
[3, 3, 0, 5, 3, 5, 6, 5, 8, 5, 12, 10, 10]
[2, 3, 0, 3, 3, 5, 3, 9, 7]
[4, 4, 4, 0, 4]
[0, 1, 1, 3, 6, 4, 6, 9, 6]
[0, 1, 1, 3, 4, 3, 6, 3, 8]
[0, 1, 4, 1, 4, 7, 5, 4, 10, 8]
[0, 1, 4, 1, 4, 5, 6, 6, 4, 11, 9, 11, 12, 12, 14]
[6, 6, 6, 5, 6, 0, 6, 7, 11, 11, 8, 7, 14, 12]
[5, 5, 5, 5, 0, 5, 6, 5, 8]
[3, 3, 0, 6, 6, 3, 6, 7, 6, 9, 12, 3]
[0, 1, 4, 1, 4, 7, 5, 4, 10, 8, 4, 11, 12]
[2, 0, 2, 3, 2, 5, 2, 7]
[0, 1, 5, 5, 1, 5, 8, 6, 6, 12, 12, 9]
[0, 1, 4, 1, 4, 5, 4, 9, 7, 11, 4, 11, 11, 16, 16, 13, 16]
[0, 4, 4, 1, 4, 5, 4, 7, 4, 9]
