[2, 7, 2, 3, 7, 7, 0, 7, 10, 8, 7, 11, 12, 7, 14, 14, 16]
[0, 1, 4, 1, 4, 5, 6, 7]
[0, 1, 1, 5, 3, 9, 9, 9, 1, 11, 9, 13, 11, 13, 14, 13, 16, 13, 20, 18, 20, 21, 22, 20, 24, 25]
[0, 1, 4, 1, 6, 4, 6, 9, 7, 6, 13, 13, 10, 6, 14, 15, 16]
[5, 5, 5, 5, 0, 5, 8, 6, 5, 11, 9, 11]
[3, 3, 0, 5, 3, 5, 6, 7, 8, 7, 13, 13, 10, 3, 14]
[0, 1, 5, 5, 1, 5, 8, 6, 5, 5, 12, 10, 10, 13]
[3, 3, 0, 3, 7, 7, 3, 7, 7, 9, 7, 11, 11, 13]
[2, 7, 2, 3, 7, 7, 0, 7, 8, 9, 8, 13, 11, 8, 14, 15, 15]
[2, 0, 2, 5, 2, 9, 9, 9, 5, 9, 10, 9, 12, 16, 16, 9, 16, 17, 18]
[5, 5, 5, 5, 0, 5, 6, 6, 8]
[2, 0, 4, 2, 4, 7, 5, 7, 8, 7, 12, 10]
[0, 1, 4, 1, 4, 5, 8, 6]
[0, 1, 1, 3, 4, 3, 8, 6, 8, 8, 8, 8]
[0, 1, 1, 3, 4, 3, 8, 6, 3, 9, 13, 13, 9]
[5, 5, 5, 5, 0, 5, 6, 7, 6, 9, 6, 11]
[2, 3, 0, 3]
[0, 1, 4, 1, 4, 5, 6, 5, 8, 5, 12, 10, 12]
[3, 3, 0, 5, 3, 5, 6, 5, 8]
[2, 0, 2, 3, 4, 5, 6, 5, 8, 8, 10, 8, 12, 13, 12, 12, 16, 17]
[2, 0, 4, 2, 6, 4, 4, 7, 4, 11, 9, 4, 14, 12, 14, 15, 18, 2, 18, 21, 18]
[0, 1, 6, 6, 6, 1, 6, 11, 11, 11, 7, 11, 14, 12, 12, 17, 15, 17, 18, 19, 17, 21, 22]
[3, 3, 0, 3, 4, 5, 6, 7, 6, 9, 6, 11, 12, 11, 16, 14]
[4, 4, 4, 0, 4, 7, 5]
[2, 5, 5, 5, 0, 5, 6, 7, 7, 5, 12, 10, 12, 16, 16, 13]
[3, 3, 0, 5, 3, 5, 6, 5, 8]
[0, 1, 4, 1, 4, 5, 5, 7, 8, 7, 10, 13, 4, 13, 14, 13, 16, 17]
[0, 4, 4, 1, 4, 5, 6, 7, 7]
[0, 1, 4, 2, 1, 5, 1, 7, 8, 11, 9]
[2, 0, 2, 3, 2, 5, 2, 9, 7]
[2, 0, 4, 2, 4, 5, 4, 9, 7, 4, 10, 11]
[4, 4, 4, 0]
[3, 3, 0, 5, 3, 8, 8, 5, 8, 5, 10, 10, 12, 5, 16, 14]
[0, 1, 4, 2, 4, 8, 8, 5]
[2, 0, 6, 6, 6, 2, 6, 9, 7, 7, 12, 10]
[0, 1, 1, 3, 4, 3, 6, 7, 8, 8, 8, 8]
[3, 3, 0, 3, 4, 3, 6]
[3, 3, 0, 5, 3, 5, 6, 5, 8, 5, 10]
[2, 0, 4, 2, 4, 5, 4, 7, 10, 4, 10, 13, 11, 15, 4, 15]
[2, 0, 5, 5, 2, 5, 6, 5, 8, 5, 10, 11, 12]
[3, 3, 0, 3, 7, 7, 4, 7, 8, 7, 10]
[0, 1, 5, 5, 1, 5, 6, 5, 8, 5, 10]
[6, 1, 2, 6, 6, 0, 8, 6, 8, 9, 8, 13, 11, 8, 17, 17, 14]
[4, 4, 4, 0, 4, 8, 8, 5, 4, 11, 9]
[0, 1, 4, 1, 4, 5, 4, 7, 4, 11, 9]
[3, 3, 0, 5, 3, 5, 6, 5, 8, 5, 10, 11, 5, 15, 13]
[0, 1, 1, 5, 3, 5, 9, 9, 6]
[4, 4, 4, 0, 6, 4, 9, 9, 6, 9, 10, 10, 12]
[5, 5, 5, 5, 0, 5, 6, 7, 8, 7, 10, 13, 7]
[12, 4, 4, 1, 4, 7, 5, 4, 8, 4, 10, 0, 14, 12, 16, 14]
[3, 3, 5, 5, 0, 5, 6, 6, 8]
[0, 1, 4, 1, 4, 7, 5, 4, 8]
[3, 3, 0, 5, 3, 5, 6, 5, 10, 8]
[2, 0, 4, 2, 6, 4, 6, 7, 6, 9, 4]
[7, 7, 7, 7, 7, 7, 0, 7, 8, 8, 10]
[2, 5, 5, 5, 8, 8, 8, 0, 8, 9, 12, 10, 9]
[4, 4, 4, 0, 4, 5, 4, 7]
[4, 4, 4, 0, 4, 5, 4, 9, 7]
[2, 3, 0, 3, 6, 4, 3, 7, 3, 9]
[0, 1, 2]
[2, 3, 0, 3, 3, 5, 3, 7]
[2, 4, 4, 0, 6, 4, 4, 7, 4, 9]
[3, 3, 5, 5, 0, 5, 6, 6, 8]
[2, 0, 6, 6, 6, 2, 6, 9, 7, 6, 10]
[0, 1, 6, 6, 6, 1, 6, 7, 6, 9, 12, 6, 12, 13, 14]
[0, 1, 1, 5, 3]
[5, 5, 5, 5, 0, 5, 6, 5, 8, 9]
[2, 3, 0, 3, 4, 3, 6, 3, 8, 3, 12, 10]
[3, 3, 0, 3, 4, 4, 6, 3]
[6, 6, 6, 6, 6, 0, 6, 7, 6, 9, 6, 11]
[2, 0, 4, 2, 4, 5, 4, 9, 7, 11, 4, 11, 14, 12]
[2, 0, 4, 2, 4, 5, 4, 7, 4, 11, 9]
[2, 0, 4, 2, 4, 5, 4, 7, 4, 9, 4, 4, 12, 13, 14, 17, 20, 20, 20, 12]
[0, 1, 4, 1, 4, 5, 8, 4, 8, 9]
[0, 4, 4, 1, 4, 7, 5, 4, 8, 8, 12, 10, 14, 4, 16, 14, 16, 17]
[2, 7, 7, 7, 7, 7, 0, 7, 8, 7, 12, 10]
[2, 0, 4, 2, 4, 5, 6, 9, 6]
[6, 6, 6, 6, 6, 0, 6, 9, 7, 7, 7, 11, 12, 11, 14, 15]
[4, 4, 4, 0, 4, 5, 4, 7]
[0, 1, 4, 1, 4, 7, 5, 4, 10, 8, 10, 10]
[3, 3, 8, 3, 4, 3, 6, 0, 8, 11, 8, 13, 11, 13, 14]
[4, 4, 4, 0, 4, 5, 4, 10, 10, 7, 4]
[4, 4, 4, 0, 4, 5, 4, 7]
[3, 3, 0, 3, 3, 7, 5, 5, 8, 3, 12, 10, 12, 15, 12]
[3, 3, 0, 5, 3, 5, 6, 5, 8, 5, 12, 10]
[0, 1, 1, 3, 7, 7, 4, 7, 10, 8, 7, 11, 3, 13]
[4, 3, 4, 0, 4]
[4, 4, 4, 0, 4, 5, 4, 7]
[2, 0, 2, 5, 2, 5, 6, 5, 10, 8, 10, 11, 10, 13]
[2, 4, 4, 0, 4, 8, 8, 5, 4, 9]
[2, 0, 2, 3, 6, 4, 6, 7, 6, 11, 9]
[6, 6, 4, 6, 4, 0]
[0, 1, 6, 6, 6, 1, 6, 7, 8, 8]
[2, 3, 0, 3, 4, 5, 5, 5]
[2, 3, 0, 3, 6, 4, 3, 7]
[4, 4, 4, 0, 4, 5, 4, 7, 4, 11, 9]
[0, 1, 2, 1, 6, 4, 1, 7, 8, 11, 8]
[4, 4, 4, 0, 4, 8, 8, 5, 8, 9, 8, 11, 8, 13, 14, 14]
[2, 0, 4, 2, 4, 5, 4, 7]
[3, 3, 0, 3, 8, 8, 8, 4, 8, 9, 8, 11]
[4, 4, 4, 0, 6, 4, 6, 7, 6, 11, 9, 6, 15, 15, 12, 15]
[0, 1, 4, 1, 4, 7, 5, 4, 8]
[5, 5, 5, 5, 0, 5, 10, 10, 10, 6, 10, 11, 10, 13]
[0, 1, 1, 3, 4, 3, 6]
[2, 6, 2, 3, 6, 0, 6, 9, 7]
[3, 3, 0, 5, 3, 7, 5, 7, 8, 9, 8, 11, 5, 13, 14, 14, 19, 19, 3, 21, 19, 21, 22, 21, 26, 24]
[0, 1, 4, 1, 4, 5, 9, 9, 4]
[4, 4, 4, 0, 4, 7, 5, 7, 10, 8, 8, 13, 11, 8, 14]
[2, 0, 2, 3, 4, 4, 6]
[9, 3, 1, 1, 6, 4, 9, 9, 0, 9, 9]
[2, 3, 6, 6, 6, 0, 6, 9, 7]
[4, 4, 4, 0, 4, 5, 4, 7]
[5, 5, 5, 5, 0, 5, 6, 5, 10, 8, 5, 13, 11, 13]
[5, 5, 5, 5, 0, 8, 8, 5, 8, 9, 8, 11]
[2, 3, 0, 3, 3, 5]
[6, 6, 6, 6, 6, 0, 6, 7, 6, 9]
[5, 5, 5, 5, 0, 5, 6, 5, 8, 5, 12, 10, 12, 15, 5, 15, 16, 17]
[3, 3, 0, 6, 6, 3, 6, 7, 6, 9, 6, 11, 12, 12]
[4, 3, 4, 0, 4]
[2, 0, 4, 2, 4, 7, 5, 4, 8, 2, 12, 2, 14, 12, 14, 15]
[0, 1, 4, 1, 4, 5, 4, 7, 4, 9]
[3, 3, 0, 6, 6, 3, 6, 9, 10, 6, 10, 10, 10, 13, 14, 13, 18, 16]
[2, 0, 5, 5, 2, 5, 8, 6, 5, 9]
[4, 4, 4, 0, 4, 5, 6, 9, 7, 6, 12, 10]
[3, 3, 0, 3, 4, 3, 8, 6, 3, 9, 10]
[4, 3, 4, 0, 4]
[2, 0, 2, 3, 2, 5, 2, 7]
[2, 0, 2, 3, 2, 7, 5, 2, 8, 2, 10, 13, 11]
[3, 3, 0, 5, 3, 5, 6, 5, 8]
[3, 3, 0, 3, 6, 4, 6, 7, 6, 11, 9, 6, 12, 17, 14, 17, 13]
[3, 3, 0, 5, 3, 5, 6, 5, 8, 11, 5]
[0, 1, 5, 5, 1, 5, 8, 6, 5, 9, 10, 13, 10]
[0, 1, 5, 5, 1, 5, 5, 9, 7, 5, 12, 10, 10, 13]
[2, 0, 2]
[2, 0, 2, 3, 2, 7, 5]
[5, 5, 5, 5, 0, 5, 6, 5, 8, 5]
[0, 1, 5, 5, 1, 5, 6, 5, 8]
[2, 0, 5, 5, 2, 2, 9, 9, 6, 12, 12, 2, 12, 15, 12]
[3, 3, 5, 5, 0, 5, 6, 6, 8, 5, 10, 11]
[0, 1, 6, 6, 6, 1, 6, 9, 7, 7, 10, 6, 12, 13]
[2, 0, 2, 6, 6, 2, 6, 6, 10, 8, 6, 11]
[3, 3, 6, 6, 6, 0, 6, 7, 8, 8, 10]
[0, 1, 1, 3, 4, 3, 6, 3, 8, 9]
[2, 0, 4, 2, 4, 5, 4, 9, 7]
[2, 0, 2, 3, 4, 5, 4, 7]
[3, 3, 0, 5, 3, 5, 6, 7, 11, 11, 8, 7, 14, 12, 3, 15]
[2, 3, 0, 3, 4, 3, 6, 3, 10, 8]
[2, 4, 4, 0, 4, 4, 8, 6, 4, 9]
[4, 4, 4, 0]
[0, 1, 4, 2, 4, 5, 4, 9, 7]
[2, 0, 4, 2, 4, 5, 4, 9, 7, 4, 13, 13, 10]
[0, 1, 4, 1, 4, 7, 5, 4, 8, 4, 12, 10, 4, 13, 14, 15]
[3, 3, 0, 5, 3, 7, 5, 7, 10, 8, 10, 13, 11, 10, 16, 14]
[2, 0, 2, 6, 6, 2, 6, 7, 7, 9]
[2, 0, 2, 5, 2, 5, 8, 6, 8, 8, 10, 10, 12, 8, 16, 8, 16, 16, 18, 18, 20]
[3, 3, 0, 5, 3, 5, 6, 7, 10, 8, 7, 11, 7, 15, 13]
[2, 0, 2, 3, 4, 7, 4, 2, 8, 9]
[3, 3, 0, 6, 6, 3, 6, 7, 6, 11, 9, 6]
[2, 3, 7, 7, 6, 7, 0, 7, 10, 8, 10, 13, 11, 13]
[0, 1, 2, 1, 4, 1, 6, 11, 8, 8, 7]
[3, 3, 5, 5, 0, 5, 6]
[0, 1, 4, 1, 7, 7, 4, 7, 8, 9, 9, 13, 4, 13, 14, 15, 15, 13, 20, 18]
[0, 1, 1, 6, 6, 3]
[0, 1, 4, 1, 4, 5, 6, 6]
[2, 3, 0, 3, 4, 3, 6, 3, 10, 8, 3, 11]
[3, 3, 0, 5, 3, 5, 8, 6, 12, 12, 12, 5, 12, 15, 13, 12, 18, 16]
[3, 3, 0, 3, 4, 3, 8, 6, 3]
[2, 3, 0, 3, 4, 3, 6]
[0, 1, 5, 5, 1, 5, 6, 5, 10, 8, 5, 13, 11]
[3, 3, 0, 5, 3, 5, 8, 6, 8, 9, 8, 13, 11, 8, 16, 14]
[2, 0, 2, 5, 3, 3, 8, 6, 12, 12, 12, 2]
[4, 4, 4, 0, 4, 7, 5, 7, 10, 8, 7, 11]
[0, 1, 4, 1, 4, 7, 5, 7, 10, 8]
[2, 0, 4, 2, 6, 4, 6, 7, 6, 9, 10]
[3, 3, 0, 3, 4, 3, 6, 3, 10, 8]
[0, 3, 1, 3, 4, 3, 6, 3, 10, 8]
[4, 4, 4, 0, 4, 5, 6, 5, 11, 11, 8, 13, 5, 5, 14, 15]
[3, 3, 0, 5, 3, 5, 6, 5, 10, 8]
[2, 0, 4, 2, 8, 8, 8, 4, 8, 11, 9, 11, 12, 11, 14]
[5, 5, 5, 5, 0, 5, 8, 6, 6, 11, 9]
[0, 1, 1, 3, 4, 3, 8, 6, 10, 3]
[2, 0, 2, 5, 3, 2, 6]
[4, 4, 4, 0, 4, 5, 4, 7, 4, 9, 4, 11]
[3, 3, 0, 5, 3, 5, 6, 9, 7, 6, 12, 10, 6, 15, 13, 15, 16]
[2, 0, 2]
[0, 1, 4, 1, 4, 5, 4, 7]
[0, 1, 2, 1, 6, 4]
[2, 0, 2, 2, 4, 5, 4, 7, 4, 9]
[0, 1, 4, 1, 4, 7, 5, 4, 8, 9, 4, 11, 11, 13, 4, 15]
[2, 0, 2, 3, 6, 3, 6, 7]
[5, 5, 5, 5, 0, 5, 10, 10, 10, 6, 5, 11, 5, 13]
[0, 1, 4, 1, 4, 5, 4, 7, 4, 12, 12, 4, 12, 13, 12, 15]
[6, 1, 2, 6, 6, 0, 8, 6, 12, 12, 12, 8, 12, 13, 12, 15]
[0, 1, 4, 1, 4, 7, 5, 7, 8, 7, 12, 10]
[2, 0, 4, 2, 7, 7, 4, 7, 8, 9, 12, 9]
[0, 3, 1, 3, 4, 3, 8, 6]
[2, 4, 4, 0, 4, 5, 6, 6, 4, 9, 10, 9, 12]
[2, 3, 0, 3, 4, 5, 5]
[2, 4, 4, 0, 4, 8, 8, 5, 5, 9]
[4, 4, 4, 0, 4, 5, 4, 7]
[0, 3, 1, 3, 4, 5, 6, 5, 8, 5, 10]
[4, 4, 4, 0, 4, 9, 9, 9, 5, 9, 12, 9]
[2, 0, 6, 6, 6, 2, 6, 7, 6, 12, 12, 9]
[2, 5, 5, 5, 0, 7, 5, 7, 8, 12, 12, 5, 14, 12, 14, 15, 16, 14, 20, 18, 14, 23, 21, 26, 26, 23, 26, 26]
[3, 3, 0, 3, 7, 7, 4, 7, 11, 11, 7]
[2, 3, 0, 5, 3, 3, 8, 6, 3, 3, 10, 11, 10, 13, 16, 14]
[5, 5, 5, 5, 0, 5, 6, 7, 6, 11, 9, 6, 14, 12]
[0, 1, 2, 3, 4, 3, 8, 6, 3, 9, 10, 9, 12, 13]
[2, 0, 4, 2, 4, 5, 4, 7, 10, 2]
[3, 3, 0, 5, 3, 5, 6, 5, 8, 5, 13, 13, 10, 13]
[8, 8, 8, 5, 8, 8, 8, 0, 8, 9, 9, 13, 11]
[6, 6, 4, 6, 4, 0]
[4, 4, 4, 0, 6, 4, 6, 6, 6, 9, 10, 9, 14, 12, 16, 12]
[3, 3, 0, 3, 7, 7, 4, 7, 8, 7, 10]
[0, 1, 1, 3, 4, 3, 6]
[2, 0, 2, 3, 2, 5, 2, 7, 8, 9, 12, 9]
[2, 0, 4, 2, 6, 9, 6, 7, 4, 9, 10, 9, 15, 15, 12, 9, 16]
[0, 1, 2, 1, 6, 4, 6, 6]
[0, 1, 2]
[6, 1, 6, 5, 6, 0, 6, 7, 6, 11, 9, 6, 14, 12]
[3, 3, 0, 5, 3, 7, 5, 7, 8, 7, 10]
[3, 3, 0, 3, 8, 8, 8, 4, 8, 9, 8, 11]
[4, 4, 4, 0, 4]
[4, 4, 4, 0, 4, 5, 6, 6, 4, 11, 9, 11, 15, 15, 12, 11, 16]
[5, 5, 5, 5, 0]
[3, 3, 0, 3, 4, 3, 8, 6, 3, 11, 9, 3, 14, 12, 14, 15]
[4, 4, 4, 0, 4, 7, 5, 7, 8, 4, 10]
[5, 5, 5, 5, 0, 5, 6, 5, 8]
[4, 4, 4, 0, 4, 7, 5, 4, 8, 11, 4]
[2, 3, 0, 3, 4]
[14, 3, 1, 3, 4, 5, 6, 9, 6, 14, 14, 14, 14, 0]
[0, 1, 6, 6, 6, 1, 6, 7, 6, 11, 9, 6, 12, 15, 13]
[2, 0, 4, 2, 6, 4, 6, 7, 6, 9]
[5, 5, 5, 5, 0, 5, 6, 5, 8, 5, 10, 11]
[3, 3, 0, 3, 4, 3, 6, 10, 10, 3, 12, 3, 14, 12, 16, 14, 16, 21, 21, 21, 17]
[3, 3, 0, 5, 3, 5, 8, 6, 5, 11, 9, 5, 12, 13, 14]
[3, 3, 0, 7, 7, 7, 3, 7, 8]
[4, 4, 4, 0]
[0, 1, 4, 1, 4, 8, 8, 5, 4, 11, 9, 13, 4]
[5, 5, 5, 5, 0, 5, 6, 5, 10, 8, 5, 11, 14, 5, 14]
[6, 6, 5, 5, 6, 0]
[10, 10, 2, 9, 9, 5, 5, 7, 3, 0, 10, 11]
[3, 3, 0, 5, 3, 5, 6, 5, 10, 8, 5, 11, 12]
[0, 1, 4, 1, 4, 7, 5, 4, 10, 8, 4, 11, 4, 15, 13, 15, 16, 17]
[2, 0, 4, 2, 4, 5, 4, 7, 8, 4, 4, 11, 12, 11, 14, 11, 18, 16]
[2, 5, 5, 5, 0, 7, 5, 7, 8, 7, 10, 7, 14, 12]
[0, 1, 4, 1, 4, 7, 5]
[4, 4, 4, 0, 4, 7, 5, 5, 8, 4, 12, 10]
[2, 0, 4, 2, 4, 7, 5, 4, 8, 11, 4, 4, 12, 15, 13, 12, 12, 20, 20, 17]
[3, 3, 0, 3, 4, 7, 5, 7, 8, 7, 12, 10, 7, 15, 13, 7, 18, 16, 18, 19, 20]
[8, 3, 8, 6, 6, 3, 8, 0, 10, 8, 10, 11, 10, 13, 8, 17, 8, 19, 17, 21, 23, 23, 19]
[0, 1, 1, 3]
[3, 3, 0, 3, 4]
[0, 1, 5, 5, 1, 5, 8, 6, 5, 9, 9, 11]
[0, 1, 4, 1, 4, 5, 4, 7]
[2, 0, 7, 7, 7, 7, 2, 7, 8, 8, 12, 10]
[5, 5, 5, 5, 0, 5, 6, 6, 8]
[6, 6, 6, 6, 6, 0, 6, 7, 7, 9]
[0, 3, 1]
[3, 3, 0, 5, 3, 5, 6, 5, 8]
[2, 0, 4, 2, 4, 5, 4, 7, 4, 11, 9]
[3, 3, 5, 5, 0, 5, 6, 6, 10, 8]
[2, 5, 2, 3, 0, 5, 6, 5, 8, 5, 10]
[3, 3, 5, 5, 0, 5, 6, 5, 8, 5, 12, 10]
[2, 0, 4, 2, 4, 5, 4, 7, 4, 11, 9]
[2, 0, 4, 2, 4, 2, 8, 2, 10, 8, 10, 13, 11, 2, 16, 2, 18, 16, 20, 18, 18, 16, 24, 16, 26, 24, 26, 27, 32, 32, 32, 2, 32, 35, 41, 35, 36, 41, 41, 41, 32]
[6, 6, 6, 6, 6, 0, 6, 7, 8, 6, 10, 10, 14, 12, 6, 6]
[3, 3, 5, 5, 0, 5, 6, 6, 8]
[2, 0, 4, 2, 4, 4, 8, 6, 4, 9, 4, 13, 11]
[5, 5, 5, 5, 0, 5, 6, 5, 8]
[0, 1, 4, 1, 4, 5]
[0, 4, 4, 1, 4, 5, 4, 9, 7]
[5, 5, 5, 5, 0, 5, 8, 6, 6, 9]
[2, 3, 0, 3, 3, 5, 3, 7]
[2, 0, 2, 3, 3, 7, 5, 3, 3, 9, 10]
[2, 0, 2, 2, 4, 7, 5, 4, 8]
[4, 3, 4, 0, 6, 4, 6, 7, 6, 11, 9]
[11, 3, 1, 3, 4, 5, 5, 9, 11, 11, 0, 11, 14, 12, 11, 11, 16, 17, 20, 18, 22, 25, 25, 25, 11]
[0, 1, 5, 5, 1, 5, 8, 6, 5, 9]
[0, 3, 1, 1, 4]
[0, 1, 4, 1, 4, 5, 4, 7, 4, 9, 12, 4, 14, 12, 12, 12, 16, 17]
[2, 0, 4, 2, 4, 5, 4, 9, 7, 4, 10]
[2, 4, 4, 0, 4, 4, 6, 4, 8]
[4, 4, 4, 0, 4, 8, 8, 5, 4, 11, 9]
[2, 0, 2, 3, 2, 5]
[5, 5, 5, 5, 0, 5, 6, 7, 6, 9, 6]
[5, 5, 5, 5, 0, 5, 6, 5, 10, 8, 5, 13, 11, 13]
[5, 5, 5, 5, 0, 7, 8, 5, 8, 9, 9]
[3, 3, 0, 3, 6, 4, 6, 6]
[0, 1, 4, 1, 4, 5, 6, 5, 8, 5, 10]
[0, 1, 4, 1, 4, 8, 8, 5]
[4, 4, 4, 0, 4, 5, 8, 6, 4, 9, 10, 13, 10]
[0, 1, 4, 1, 4, 5, 4, 7]
[2, 0, 4, 2, 4, 7, 5, 4, 10, 8]
[4, 4, 4, 0, 4, 7, 5, 7, 8, 4, 10]
[2, 7, 7, 7, 7, 7, 0, 7, 8, 8, 10]
[0, 1, 4, 2, 1, 7, 5]
[2, 0, 2, 3, 2, 5]
[2, 0, 5, 5, 2, 5, 6, 5, 8, 11, 5, 11, 11, 15, 13]
[0, 1, 4, 1, 4, 5, 4, 9, 7, 4, 12, 10, 12, 13]
[6, 3, 1, 6, 6, 0, 6, 9, 7, 6, 10]
[2, 0, 4, 2, 4, 5, 4, 7]
[2, 3, 0, 3, 3, 5, 3, 9, 7]
[0, 3, 1]
[3, 3, 6, 6, 6, 0, 6, 7]
[0, 1, 4, 1, 4, 7, 5, 4, 8]
[5, 5, 5, 5, 0, 5, 6, 5, 10, 8, 12, 5, 5, 13]
[3, 3, 5, 5, 0, 5, 6, 5, 8, 5, 10, 15, 12, 12, 11]
[0, 1, 1, 3, 4, 5, 5]
[2, 6, 6, 5, 6, 0, 6, 6, 8, 11, 9, 8, 14, 12]
[2, 0, 2, 3, 2, 7, 5, 2, 10, 8, 10, 11]
[2, 0, 2, 3, 2, 5, 8, 2, 8, 9, 10, 13, 8]
[4, 4, 4, 0, 7, 7, 4, 7, 8, 9, 9]
[2, 5, 2, 3, 0, 5, 9, 9, 6, 5, 12, 10]
[7, 7, 7, 7, 7, 7, 0, 7, 8, 8, 10]
[2, 0, 4, 2, 4, 5, 4, 9, 7, 4, 10, 13, 11, 15, 10, 15]
[2, 0, 2, 5, 3, 2, 6, 6, 6, 9, 10]
[5, 5, 5, 5, 0, 5, 6, 5, 8, 5, 12, 10, 5]
[0, 1, 4, 2, 7, 7, 1]
[0, 1, 4, 1, 4, 5, 4, 9, 7, 4, 10, 11]
[2, 3, 0, 3, 3, 5, 3, 3, 8, 9, 8, 13, 11]
[3, 3, 0, 5, 3, 7, 5, 7, 10, 8, 7, 11, 7, 13]
[2, 3, 0, 3, 4, 3, 8, 6, 3, 11, 13, 13, 9, 13, 13]
[2, 0, 4, 2, 4, 5, 4, 7, 10, 4, 10, 11, 14, 12]
[4, 4, 4, 0, 4, 5, 4, 9, 7]
[3, 3, 0, 5, 3, 5, 5, 5, 8, 8, 10, 5, 15, 15, 12, 19, 19, 19, 5, 19]
[0, 1, 4, 1, 4, 5, 4, 9, 7, 4, 12, 10, 12, 13]
[0, 1, 4, 1, 4, 8, 8, 5, 5, 11, 9, 13, 4, 13, 16, 14]
[3, 3, 0, 6, 6, 3, 6, 7, 6, 9, 6, 11, 12, 6, 17, 17, 6, 17, 18, 17, 20, 17, 22, 23]
[2, 6, 2, 5, 3, 0, 6, 6, 10, 8]
[0, 1, 4, 1, 4, 5, 4, 9, 7, 4, 13, 13, 10]
[0, 4, 4, 1, 4, 5, 4, 9, 7]
[3, 3, 5, 5, 0, 5, 9, 9, 6]
[0, 1, 1, 3, 4, 3, 6, 3, 10, 8]
[2, 0, 2, 5, 2, 5, 6, 7, 7, 11, 5]
[0, 1, 2, 1, 7, 7, 4]
[3, 3, 5, 5, 0, 5, 9, 9, 6]
[2, 0, 4, 2, 4, 5, 6, 5, 8]
[2, 0, 6, 6, 6, 2, 6, 7, 8, 7, 10, 11, 11, 7, 16, 14]
[0, 1, 6, 5, 6, 1]
[4, 4, 4, 0, 4, 5, 6, 6, 4, 11, 9]
[0, 1, 2, 1]
[0, 1, 4, 2, 1, 7, 5]
[2, 0, 2, 3, 2, 5, 2, 10, 10, 7]
[5, 5, 5, 5, 0]
[5, 5, 5, 5, 0, 5, 6, 5, 8]
[0, 1, 1, 3, 3, 5, 3, 7]
[2, 0, 5, 5, 2, 5, 6, 5, 8]
[4, 4, 4, 5, 0, 5, 6, 5, 10, 8, 5, 5, 12, 13, 12, 17, 15, 12, 18]
[2, 0, 2, 5, 3, 2, 8, 6, 2, 9, 2, 13, 11]
[4, 4, 4, 0, 4, 7, 5, 7, 8, 7, 12, 10]
[2, 10, 2, 3, 2, 5, 2, 9, 7, 0, 10]
[0, 3, 1, 3, 4, 3, 6]
[2, 0, 2, 3, 7, 7, 4, 7, 8, 7, 10]
[4, 4, 4, 0, 4, 5, 4, 9, 7, 4, 12, 10, 12, 13]
[2, 0, 4, 2, 4, 5, 5, 7, 5, 5, 10, 13, 11, 16, 14, 10, 16, 19, 17]
[7, 7, 7, 7, 7, 7, 0, 7, 8, 7, 10]
[4, 1, 4, 0, 6, 4, 6, 7, 6, 11, 9]
[0, 1, 2, 1, 4, 1, 6, 7, 7, 11, 1]
[4, 4, 4, 0]
[2, 3, 0, 3, 4, 3, 8, 6, 3, 11, 9]
[0, 1, 1, 3, 4, 5, 4, 7]
[2, 0, 2, 6, 6, 2, 6, 7]
[5, 1, 5, 5, 0, 7, 5, 7, 11, 11, 8, 7, 14, 12, 17, 17, 5, 19, 17, 19, 20, 19, 24, 22]
[4, 4, 4, 0, 4, 4, 4, 10, 10, 7]
[3, 3, 0, 3, 4, 3, 6, 9, 3, 9, 10]
[4, 4, 4, 0, 4, 7, 5, 4, 8, 4, 12, 10, 12, 12]
[3, 3, 0, 5, 3, 8, 8, 5, 8, 9, 8, 11]
[3, 3, 0, 3, 4, 3, 6, 3, 10, 8]
[0, 3, 1, 3, 4, 3, 6]
[4, 3, 4, 0, 6, 4, 6, 7, 6, 9]
[0, 1, 2, 1, 6, 4, 1, 9, 7, 1, 10]
[0, 1, 4, 1, 4, 5, 5, 7, 4, 11, 9, 13, 11]
[7, 7, 7, 7, 7, 7, 0, 7, 8, 7, 10]
[2, 0, 6, 6, 6, 2, 6, 7, 6, 11, 9, 6, 14, 12]
[6, 6, 6, 6, 6, 0, 6, 13, 13, 13, 13, 13, 6]
[3, 3, 0, 5, 3, 5, 6, 5, 8, 5, 10, 11, 10, 13, 14]
[2, 0, 4, 2, 4, 7, 5, 4, 8, 4, 10]
[5, 4, 4, 5, 0, 5, 5, 7]
[0, 1, 4, 1, 4, 7, 5, 4, 8, 4, 12, 10]
[2, 0, 2, 6, 6, 2, 6, 7, 8, 9, 10, 13, 10, 8, 14, 15, 18, 16]
[2, 9, 5, 5, 9, 7, 5, 9, 0, 14, 14, 14, 14, 9, 14, 15, 15, 17]
[3, 3, 0, 3, 4, 5, 6, 7, 6, 11, 9]
[4, 4, 4, 0, 4, 7, 5, 7, 8, 9, 8, 11, 8, 13, 13, 13]
[2, 0]
[0, 1, 4, 1, 4, 5, 4, 9, 7]
[4, 4, 4, 0, 4, 7, 5, 4, 8]
[4, 4, 4, 0, 4, 7, 5, 4, 10, 8]
[4, 4, 4, 0, 4, 5, 4, 9, 7, 4, 12, 10, 12]
[4, 4, 4, 0, 4, 5, 4, 7, 4, 11, 9, 11, 12]
[3, 3, 0, 3, 8, 8, 8, 4, 8, 11, 9, 8, 12]
[2, 0, 4, 2, 4, 5, 4, 7, 4, 11, 9, 11, 12]
[0, 1, 4, 1, 4, 7, 5, 4, 8, 11, 4, 11, 12]
[0, 5, 5, 5, 1, 5, 6, 5, 8]
[2, 0, 4, 2, 4, 5, 4, 7, 4, 9, 9, 11, 12]
[2, 0, 2, 3, 2, 7, 5]
[2, 3, 0, 3, 4, 3, 6]
[3, 3, 0, 5, 3, 5, 8, 6, 5, 9, 12, 10]
[4, 3, 4, 0, 4, 7, 5, 4, 8]
[4, 4, 4, 6, 6, 0, 6, 7, 7, 9, 6, 11, 12, 12, 12]
[0, 4, 4, 1, 6, 4, 6, 10, 10, 7]
[3, 3, 0, 3, 8, 8, 8, 4, 8, 9, 9, 13, 11]
[5, 4, 4, 5, 0, 5, 5, 7]
[3, 3, 0, 5, 3, 5, 6, 5, 8, 11, 5, 16, 16, 16, 16, 11]
[0, 1, 2, 1, 4, 1, 6, 10, 10, 7]
[5, 5, 5, 5, 0, 5, 6, 5, 8, 5, 10, 13, 11]
[0, 1, 4, 6, 6, 1, 6, 7, 7, 9, 6, 13, 11]
[0, 3, 1]
[5, 5, 5, 5, 0, 5, 8, 6, 5, 9]
[2, 0, 2, 3, 6, 4, 3, 7, 7, 9, 3, 11, 12, 13]
[3, 3, 0, 6, 6, 3, 3, 7, 7, 9, 7, 11, 7, 13, 14]
[0, 1, 4, 1, 4, 5, 6, 4, 8, 9, 12, 4, 14, 12]
[10, 1, 2, 2, 2, 7, 5, 7, 10, 0, 12, 10, 12, 13, 12, 15, 10, 19, 10, 21, 19, 21, 22]
[0, 1, 4, 1, 4, 5, 4, 7]
[2, 0, 2, 5, 2, 5, 6, 5, 8]
[6, 6, 6, 6, 6, 0, 6, 7, 7, 9]
[2, 0, 2, 5, 2, 5, 6, 7, 8, 9, 9]
[3, 3, 0, 3, 6, 3, 6, 7, 6, 9, 12, 6, 12]
[0, 1, 2, 1, 4]
[4, 4, 4, 0, 4, 7, 5, 4, 10, 8, 4]
[2, 0, 4, 2, 4, 7, 5, 4, 8, 4, 10, 13, 11, 10, 14]
[2, 0, 2, 3, 2, 7, 5]
[2, 0, 4, 2, 4, 5, 6, 7, 7, 7, 10, 11, 10, 15, 13]
[0, 1, 4, 1, 4, 7, 5, 4, 10, 8, 4]
[0, 1, 2, 1, 4]
[0, 3, 1, 3, 4, 3, 6]
[2, 3, 0, 3, 3, 5, 3, 7]
[10, 1, 1, 3, 1, 5, 6, 6, 10, 0, 13, 13, 10]
[3, 3, 4, 0, 4, 5, 4, 7, 4, 11, 9]
[2, 5, 5, 5, 8, 8, 8, 0, 8, 9, 12, 10, 9]
[2, 0, 2, 3, 2, 5]
[3, 3, 0, 3, 9, 9, 9, 9, 3, 9, 10, 10, 12]
[6, 6, 6, 5, 6, 0, 6, 6, 8, 6, 12, 10]
[0, 1, 10, 5, 10, 10, 10, 10, 10, 1, 10, 13, 11, 10, 14, 14, 16]
[4, 4, 4, 0, 4, 4, 4, 10, 10, 7]
[3, 3, 0, 3, 4, 7, 3, 9, 7, 9, 9, 11, 9, 9, 14, 15]
[3, 1, 0, 3, 6, 3, 6, 7, 8, 8]
[2, 0, 2, 3, 2, 5, 8, 9, 10, 2]
[2, 0, 4, 2, 6, 4, 6, 7, 6, 9]
[3, 3, 0, 5, 3, 5, 6, 7, 10, 8, 7, 11, 7, 13]
[2, 3, 0, 3, 3, 5, 3, 3, 8, 11, 9, 8, 14, 12]
[7, 7, 4, 2, 4, 7, 0, 9, 7, 9, 10, 9, 12, 9, 17, 17, 14]
[2, 3, 0, 3, 3, 5, 3, 7, 3, 11, 9, 13, 3, 13, 14, 13, 18, 16]
[4, 4, 4, 0, 4, 7, 5, 4, 8, 4, 10]
[3, 3, 0, 5, 3, 3, 9, 9, 6, 9, 10]
[0, 1, 1, 3, 4, 3, 6, 3, 10, 8]
[2, 0, 4, 2, 4, 5, 6, 6, 4, 9, 12, 10]
[4, 4, 4, 0, 4, 7, 5, 4, 8, 4, 12, 10, 12, 4, 4, 17, 15]
[3, 3, 0, 3, 7, 7, 3, 7, 8, 9, 12, 9]
[2, 0, 4, 2, 4, 5, 8, 4, 8, 8, 12, 10, 8, 8, 14, 15]
[4, 4, 4, 0, 7, 7, 4, 4, 8, 4, 12, 10]
[3, 3, 0, 5, 3, 7, 5, 7, 8, 7, 13, 13, 10, 7, 14, 15, 16]
[2, 0, 2, 3, 2, 5, 8, 2, 8, 11, 9, 11, 14, 11]
[3, 3, 5, 5, 0, 5, 6]
[3, 3, 0, 5, 3, 5, 6, 5, 8, 12, 12, 5, 12, 13]
[3, 3, 0, 3, 4, 5, 6, 7, 6, 9, 6, 11, 6, 13, 14, 13, 18, 16]
[2, 0, 2, 2, 4, 5, 4, 7, 4, 9, 10, 10]
[2, 0, 4, 2, 7, 7, 4, 7, 8, 7, 10, 13, 7, 13, 14, 17, 15, 13, 13, 19, 20, 19, 22]
[2, 0, 2, 5, 2, 5, 8, 6, 5, 9]
[2, 0, 2, 3, 4, 3, 6]
[2, 0, 4, 2, 4, 4, 6, 4, 8, 9]
[2, 0, 2, 3, 6, 4, 6, 9, 7, 9, 10]
[0, 1, 5, 5, 1, 5, 8, 6, 5, 9]
[3, 3, 0, 5, 3, 7, 5, 7, 8, 7, 10, 7, 12, 13]
[0, 1, 1, 3, 4, 3, 6, 3, 10, 8, 10, 13, 10]
[4, 4, 4, 0, 4]
[6, 6, 6, 6, 6, 0]
[2, 0, 2, 3, 6, 4, 6, 9, 7, 6, 10, 14, 14, 6, 14, 17, 15]
[2, 0, 4, 2, 4, 5, 4, 9, 7, 4, 10, 13, 11]
[2, 6, 2, 5, 3, 0, 6, 6, 8]
[3, 3, 0, 3, 8, 8, 8, 3, 8, 9, 8, 11, 8, 13, 14]
[0, 1, 6, 6, 6, 1, 6, 7, 6, 9]
[0, 1, 4, 1, 4, 5, 6, 7, 6, 9, 12, 6, 12, 15, 13]
[5, 5, 5, 5, 0, 5, 5, 7, 8, 12, 12, 8]
[6, 6, 6, 5, 6, 0, 6, 7, 8, 8, 6, 11, 12]
[2, 3, 0, 3, 3, 5, 3, 7]
[0, 1, 2, 3, 4, 3, 6]
[2, 4, 4, 0, 4, 5]
[2, 3, 0, 3, 4, 3, 6, 3, 8, 11, 9, 8, 14, 12, 8, 17, 8]
[4, 4, 4, 0, 4, 8, 8, 4, 8, 9, 10, 10]
[0, 3, 1, 3, 4, 3, 8, 6, 10, 3, 12, 10, 12, 13]
[3, 3, 0, 6, 6, 3, 6, 9, 7, 6, 12, 10]
[0, 1, 6, 6, 6, 1, 6, 7, 6, 9]
[5, 5, 5, 5, 0, 5, 8, 6]
[2, 0, 2, 5, 3, 2, 6, 2, 8, 11, 9, 8, 12]
[2, 0, 5, 5, 2, 5, 6, 5, 10, 8, 5, 13, 11]
[5, 1, 5, 5, 0, 5, 6, 5, 8, 5, 12, 10]
[3, 3, 0, 5, 3, 5, 6, 5, 8, 11, 12, 5, 12, 13, 12, 15]
[3, 3, 0, 5, 3, 5, 6, 5, 8]
[6, 6, 6, 6, 6, 0, 6, 7, 7, 9]
[2, 0, 4, 2, 4, 5, 4, 7, 10, 4, 10, 11]
[0, 3, 1, 6, 6, 1, 8, 6, 8, 11, 9, 8, 12, 12, 14]
[2, 0, 2, 3, 3, 5]
[4, 4, 4, 0, 6, 4, 6, 7, 6, 9, 12, 6, 12, 13]
[2, 3, 6, 6, 6, 0, 6, 9, 7]
[2, 0, 6, 6, 6, 2, 6, 9, 7, 6, 12, 10]
[2, 3, 7, 7, 6, 7, 0, 7, 11, 11, 8]
[5, 5, 5, 5, 0]
[0, 1, 4, 1, 4, 5, 4, 7, 4, 9]
[4, 4, 4, 0, 4, 7, 5, 4, 8, 8, 10]
[6, 6, 6, 6, 6, 0, 6, 7, 6, 9, 6, 11, 12]
[0, 1, 6, 6, 6, 1, 6, 7, 8, 11, 8]
[3, 3, 0, 3, 4, 3, 6, 3, 10, 8, 12, 3, 12, 13, 12, 15, 12, 12, 20, 18]
[0, 5, 5, 5, 1, 5, 6, 5, 8]
[2, 0, 4, 2, 4, 5, 4, 10, 10, 7, 12, 2]
[3, 3, 0, 3, 4, 8, 8, 5, 8, 9, 8, 11, 5, 5, 14, 18, 18, 15]
[0, 1, 4, 2, 1, 5]
[0, 1, 5, 5, 1, 5, 6, 5, 8]
[0, 1, 6, 6, 6, 1, 6, 7]
[0, 6, 6, 6, 6, 1, 6, 7, 7, 11, 9]
[4, 4, 4, 0, 4, 7, 5, 4, 8]
[4, 4, 4, 0, 4, 9, 9, 9, 4, 9, 10, 10, 12]
[0, 1, 2, 1, 4, 1, 6, 9, 7, 9, 10]
[4, 4, 4, 0, 4, 5, 6, 5, 8, 11, 5, 5, 12, 13]
[0, 1, 4, 1, 4, 5, 6, 7]
[5, 5, 5, 5, 0, 5, 6, 5, 10, 8, 5, 11]
[3, 3, 0, 3, 4, 4, 6, 9, 10, 11, 3]
[0, 1, 4, 1, 4, 5, 4, 9, 7]
[2, 0, 6, 6, 6, 2, 6, 7, 6, 9]
[3, 3, 0, 7, 7, 7, 3, 7, 8, 7, 10, 7, 14, 12]
[0, 1, 4, 1, 4, 5, 4, 7, 4, 9]
[3, 3, 0, 6, 6, 3, 6, 7, 6, 9, 12, 6]
[2, 0, 2, 5, 3, 5, 6, 5, 8]
[5, 5, 5, 5, 0]
[2, 3, 0, 3, 4, 3, 8, 6, 3, 11, 9, 11, 12]
[0, 3, 1]
[3, 3, 0, 3, 6, 4, 3, 7]
[3, 3, 0, 3, 4, 5, 6, 6, 11, 11, 8, 6, 12, 13, 13, 17, 15]
[0, 1, 1, 3, 4, 3, 6]
[0, 1, 1, 3, 4, 3, 6]
[2, 0, 5, 5, 2, 5, 6, 5, 10, 8, 12, 5, 12, 15, 12]
[6, 6, 6, 5, 6, 0, 6, 7, 6, 9, 6, 11, 12, 13]
[2, 0, 2, 3, 2, 7, 5, 2, 8, 11, 9]
[2, 0, 2, 5, 3, 5, 6, 5, 10, 8, 12, 5, 12, 15, 13, 19, 19, 19, 5, 23, 23, 23, 5, 23, 23]
[2, 0, 4, 2, 4, 5, 4, 7, 4, 11, 9, 11, 12]
[2, 0, 2, 3, 2, 5, 2, 7]
[3, 3, 0, 3, 6, 3, 6, 7, 6, 9]
[2, 4, 4, 5, 0, 5, 5, 9, 7]
[2, 0, 4, 2, 6, 4, 6, 7, 6, 9]
[6, 6, 5, 5, 6, 0]
[0, 3, 1]
[2, 0, 2, 5, 3, 5, 6, 5, 8, 11, 5, 13, 11, 11, 11, 15, 15, 19, 17]
[3, 3, 0, 5, 3, 5, 6, 7, 10, 7, 5, 11, 12, 11, 16, 14, 11, 11, 18, 21, 19, 27, 27, 27, 27, 27, 11]
[2, 0, 4, 2, 4, 7, 5]
[2, 5, 5, 5, 0, 7, 5, 9, 7, 7, 10, 7, 12, 15, 7]
[4, 4, 4, 0, 4, 5, 4, 7]
[3, 3, 0, 5, 3, 5, 6, 5, 10, 8]
[2, 0, 6, 6, 6, 2, 6, 9, 7, 6, 10]
[3, 3, 0, 3, 4, 3, 8, 6, 11, 11, 3]
[5, 5, 5, 5, 0, 5, 6, 9, 7]
[4, 4, 4, 0, 4, 5, 8, 6, 8, 9, 8, 11, 8, 15, 16, 13, 13, 17]
[5, 5, 5, 5, 0, 5, 6, 5, 8, 5, 12, 10, 12, 13]
[3, 3, 0, 5, 3, 7, 5, 7, 8, 7, 10]
[5, 5, 5, 5, 0, 5, 8, 6, 5, 9, 9, 11]
[4, 4, 4, 0, 4]
[6, 6, 6, 5, 6, 0, 6, 7, 6, 12, 12, 9]
[2, 0, 4, 2, 4, 5, 4, 7, 10, 4]
[2, 0, 4, 2, 4, 5, 4, 7, 4, 4, 10, 10, 12, 4, 4, 15, 15, 15, 18, 15, 20, 21]
[0, 6, 6, 6, 6, 1, 6, 7, 7, 11, 9]
[2, 0, 2]
[2, 0, 4, 2, 4, 5, 6, 4, 8, 9, 10, 10, 8, 15, 13]
[0, 1, 4, 1, 8, 7, 8, 4]
[2, 0, 4, 2, 4, 5, 4, 9, 7, 4, 12, 13, 10]
[0, 1, 5, 5, 1, 5, 6, 5, 8, 11, 5, 11, 14, 12, 11, 11, 16, 19, 17, 19, 22, 19]
[2, 0, 6, 6, 6, 2, 6, 9, 7, 6, 12, 10]
[3, 3, 0]
[3, 3, 0, 8, 8, 8, 8, 3, 8, 9, 9, 13, 11]
[5, 5, 5, 5, 0, 5, 6, 5, 10, 8]
[2, 5, 5, 5, 9, 9, 8, 9, 0]
[4, 4, 4, 0, 4, 4, 6]
[2, 3, 0, 3, 4, 3, 8, 6, 3, 11, 9, 13, 11]
[2, 0, 4, 2, 2, 5, 2, 7, 2, 12, 12, 9]
[0, 1, 4, 1, 4, 5, 4, 7]
[0, 1, 1, 3, 4, 3, 6]
[3, 3, 0, 5, 3, 9, 9, 9, 5, 9, 10, 9, 12, 9, 14, 15]
[2, 7, 2, 5, 3, 7, 0, 7, 10, 8]
[3, 3, 0, 5, 3, 5, 6, 5, 8, 5, 10]
[3, 3, 0, 3, 6, 8, 8, 3, 8, 9, 9, 11, 8, 13, 14, 17, 13, 17]
[0, 1, 5, 5, 1, 5, 6]
[2, 0, 2, 6, 6, 3, 2, 9, 7]
[0, 1, 5, 5, 1, 5, 6, 5, 8]
[7, 7, 7, 7, 7, 7, 0, 7, 8, 8, 10]
[0, 1, 5, 5, 1, 5, 6, 6, 8]
[2, 0, 4, 2, 4, 5, 6, 6]
[7, 7, 7, 7, 7, 7, 0, 7, 8, 7, 10]
[2, 3, 0, 3, 3, 5, 3, 9, 7, 3, 10]
[2, 3, 0, 3, 4, 5, 8, 5]
[0, 1, 5, 5, 1, 5, 6, 5, 8, 5, 10, 13, 5, 13, 14, 13, 13, 17]
[2, 3, 0, 3, 3, 5, 6, 9, 6, 12, 12, 3, 12, 12, 14, 15, 15, 15, 20, 18]
[0, 1, 5, 5, 1, 5, 8, 6, 5, 9, 12, 5, 14, 12]
[0, 1, 4, 1, 4, 7, 5, 4, 8]
[2, 0, 2, 6, 6, 3, 2, 9, 7, 2, 10]
[0, 1, 1, 3, 4, 3, 8, 6, 3]
[0, 1, 4, 2, 4, 5, 4, 9, 7]
[0, 1, 4, 1, 4, 5, 4, 7]
[4, 4, 4, 0, 4, 8, 8, 5, 8, 9, 8, 11, 8, 15, 13]
[4, 4, 4, 0, 4, 5]
[0, 1, 4, 1, 4, 5, 4, 7, 4, 11, 9]
[3, 3, 0, 3, 4, 5, 5]
[3, 3, 0, 3, 4, 5, 5, 3, 8, 3, 10]
[3, 3, 0, 3, 4, 3, 6, 10, 10, 3, 10, 13, 11, 10, 10, 15, 18, 16]
[4, 4, 4, 0, 4, 5, 4, 7, 4, 9, 4, 11]
[4, 4, 4, 0, 6, 4, 8, 6, 8, 11, 9, 8, 12, 8, 14]
[0, 1, 4, 1, 6, 4, 6, 7, 8, 8]
[7, 7, 7, 7, 7, 7, 0, 11, 11, 11, 7, 13, 11, 11, 14, 11, 16]
[2, 0, 4, 2, 4, 5, 4, 7, 4, 11, 9, 11, 12, 16, 16, 4]
[4, 4, 4, 0, 4, 5, 4, 9, 7]
[0, 1, 4, 1, 6, 4, 6, 9, 7, 6, 10, 6, 12, 13, 14]
[0, 1, 4, 1, 4, 7, 5, 4, 8, 4, 12, 10]
[4, 4, 4, 0, 4, 5, 5, 10, 10, 7, 12, 4]
[0, 1, 4, 1, 4, 5, 4, 7, 4]
[6, 6, 5, 5, 6, 0]
[2, 0, 2, 5, 3, 5, 8, 6, 5, 9, 5, 11]
[2, 0, 2, 2, 4, 5, 4, 7]
[0, 1, 2, 1, 4]
[2, 3, 0, 3, 3, 5, 6, 5, 10, 8, 5, 11]
[0, 1, 4, 1, 4, 5, 6, 9, 7, 6, 10, 11, 11]
[2, 0, 4, 2, 4, 5, 4, 7, 10, 2, 10, 13, 11, 16, 16, 10]
[2, 3, 0, 5, 3, 3, 8, 6, 3, 3, 10, 14, 14, 11]
[0, 1, 6, 6, 6, 1, 6, 7, 8, 6, 10]
[2, 0, 4, 2, 4, 5, 4, 7, 4, 11, 9, 11, 12]
[2, 3, 0, 3, 4, 3, 6]
[0, 1, 4, 1, 4, 7, 5, 4, 10, 8, 4, 11, 12, 13]
[5, 5, 5, 5, 0, 5, 5, 10, 10, 7]
[2, 3, 7, 7, 6, 7, 0, 7, 8, 8, 10]
[3, 3, 0, 7, 7, 7, 3, 7, 8, 7, 12, 10]
[2, 4, 4, 0, 4, 5]
[3, 3, 0, 8, 6, 8, 8, 3, 8, 9, 8, 11, 8, 15, 13]
[2, 0, 5, 5, 2, 5, 6, 6, 8]
[2, 0, 2, 3, 2, 5]
[0, 1, 5, 5, 1, 5, 6, 5, 8, 5, 12, 10, 5, 13]
[3, 3, 0, 6, 6, 3, 6, 7, 6, 9, 6, 11, 12, 6, 17, 17, 6, 17, 18, 17, 20, 21, 17, 23, 24]
[0, 1, 5, 5, 1, 5, 8, 6, 6, 9, 5, 15, 15, 15, 11, 15]
[2, 3, 0, 7, 7, 7, 3, 7, 8, 7, 10]
[0, 1, 2, 1, 6, 4]
[3, 3, 0, 3, 6, 3, 8, 6, 8, 9, 8, 11, 14, 8, 16, 14]
[7, 7, 7, 7, 7, 7, 0, 7, 8, 7, 10]
[0, 1, 2, 1]
[0, 3, 1, 3, 4, 3, 6, 9, 3, 9, 12, 10]
[0, 1, 6, 6, 6, 1, 6, 7, 6, 9]
[0, 1, 4, 1, 4, 5, 4, 9, 7, 4, 12, 10]
[0, 1, 2, 1, 4, 1, 8, 6]
[2, 3, 0, 3, 4, 3, 6, 3, 10, 8]
[3, 3, 0, 3, 4, 5, 4, 9, 7, 3, 12, 10, 3, 13, 13, 17, 15]
[4, 4, 4, 0, 4]
[0, 1, 4, 1, 4, 7, 5, 4, 8, 4, 12, 10]
[0, 1, 4, 2, 1, 5]
[5, 5, 5, 5, 0, 5, 6, 5, 10, 8]
[0, 1, 4, 1, 4, 5, 4, 9, 7, 4, 12, 10]
[2, 0, 4, 2, 4, 5, 6, 9, 6]
[4, 3, 4, 0, 8, 8, 8, 4, 8, 9, 8, 11]
[5, 5, 5, 5, 0, 5, 6, 6, 8]
[4, 4, 4, 0, 4, 5, 4, 7, 4, 9, 12, 10, 12, 13]
[5, 5, 5, 5, 0, 5, 6, 5, 10, 8, 12, 5, 12, 13]
[2, 3, 0, 3, 3, 5, 3, 7, 7, 9]
[2, 3, 0, 3, 4, 5, 5]
[0, 3, 1, 1, 4, 1, 8, 6]
[0, 1, 4, 1, 4, 5, 6, 6, 6, 6, 4, 11]
[0, 1, 5, 5, 1, 5, 8, 6, 5, 11, 9, 5, 5, 15, 13]
[3, 3, 0, 5, 3, 5, 6, 5, 8]
[6, 6, 6, 6, 6, 0, 6, 7, 7, 9]
[2, 3, 0, 3, 4, 5, 8, 5]
[2, 0, 5, 5, 2, 5, 6, 6, 8]
[2, 0, 4, 2, 4, 5, 4, 7, 4, 12, 12, 9, 2, 13, 17, 17, 13, 17, 18]
[4, 4, 4, 0]
[3, 3, 0, 5, 3, 5, 6, 5, 8, 5, 10, 11, 11, 11]
[0, 1, 4, 1, 4, 5, 4, 9, 7, 4, 10, 13, 11, 10, 14]
[2, 0, 5, 5, 2, 5, 6, 6, 8]
[0, 1, 4, 1, 4, 7, 5, 4, 8, 11, 4, 11, 14, 12]
[0, 1, 6, 6, 6, 1, 6, 7, 6, 9, 1, 11]
[4, 4, 4, 0, 4, 5, 4, 7]
[2, 0, 4, 2, 4, 5, 4, 7, 4, 11, 9, 11, 14, 4, 14, 17, 14]
[0, 5, 5, 5, 1, 5, 6, 5, 8]
[2, 7, 2, 3, 7, 7, 0]
[2, 3, 0, 6, 6, 3, 3]
[0, 1, 4, 1, 4, 5, 4, 7]
[2, 0, 5, 5, 2, 5, 6, 5, 8, 5, 10, 2]
[3, 3, 5, 5, 0, 5, 6]
[7, 5, 5, 5, 1, 7, 0, 9, 7, 9, 10, 9, 14, 12, 12, 12, 16]
[2, 0, 2, 3, 2, 7, 5, 2, 8, 9]
[2, 5, 5, 5, 0, 7, 5, 7, 8, 7, 10, 10, 12]
[5, 5, 5, 5, 0, 5, 6, 5, 10, 8, 5, 13, 11, 13]
[2, 3, 0, 3, 6, 4, 3, 7, 3, 9]
[0, 1, 1, 3, 7, 7, 4, 7, 10, 7]
[3, 3, 0, 5, 3, 7, 5, 7, 10, 8, 10, 11, 10, 13, 10, 18, 18, 15]
[0, 1, 4, 1, 4, 5, 4, 7, 10, 4, 10, 11, 10, 15, 13, 15]
[6, 4, 4, 6, 6, 0, 6, 9, 7]
[5, 5, 5, 5, 0, 5, 6, 5, 8, 9]
[0, 1, 4, 1, 4, 5, 4, 7]
[2, 0, 2, 9, 6, 9, 9, 9, 2, 9, 10, 9, 12]
[4, 4, 4, 0, 4, 5, 4, 7, 10, 4, 10, 11]
[5, 5, 5, 5, 0, 5, 8, 6, 5, 9, 5, 11]
[2, 0, 2, 3, 2, 5, 2, 9, 7, 9, 12, 9, 9, 15, 13]
[2, 3, 0, 3, 4, 5, 5]
[4, 4, 4, 0, 4, 7, 5, 4, 8, 4, 10, 11, 12]
[2, 3, 0, 3, 4, 3, 6]
[0, 1, 4, 2, 4, 5, 4, 9, 7]
[3, 3, 0, 3, 4, 3, 8, 6, 3, 11, 12, 13, 9]
[3, 3, 0, 5, 3, 5, 6, 5, 10, 8, 10, 5, 12, 13]
[0, 1, 5, 5, 1, 5, 6, 7, 7]
[0, 1, 7, 7, 7, 7, 1, 7, 8, 7, 10, 1]
[2, 0, 4, 2, 4, 5, 4, 7]
[2, 0, 2, 3, 6, 4, 2, 9, 7]
[5, 5, 5, 5, 0, 5, 6, 7]
[0, 1, 5, 5, 1, 5, 6, 5, 8, 5, 10]
[0, 3, 1, 3, 4, 5, 4, 7, 3, 9, 10, 13, 14, 3, 18, 17, 18, 14]
[0, 1, 4, 1, 4, 5, 4, 7]
[4, 4, 4, 0, 4, 5, 4, 7, 4, 9, 10, 11]
[2, 0, 4, 2, 4, 5, 4, 9, 7, 4, 4, 4, 12, 13]
[0, 1, 4, 2, 1, 5]
[0, 1, 2, 3, 6, 3]
[2, 7, 7, 7, 7, 7, 0, 7, 8, 7, 12, 10]
[0, 1, 5, 5, 1, 5, 6, 7, 7]
[4, 4, 4, 0, 4, 5, 4, 7]
[2, 0, 2, 3, 2, 5]
[2, 3, 0, 3, 4, 3, 6, 3, 10, 8, 12, 10]
[4, 4, 4, 0, 4, 7, 5, 7, 10, 8, 10, 11, 7, 13]
[2, 3, 0, 3, 4, 3, 6, 3, 8, 9, 12, 10]
[2, 7, 2, 3, 7, 7, 0]
[0, 1, 5, 5, 2, 5, 8, 6, 6, 11, 9, 6, 12, 15, 13, 17, 21, 17, 18, 21, 1, 21, 24, 22]
[2, 3, 0, 3, 3, 5, 3, 7, 3, 9]
[0, 1, 5, 5, 1, 5, 9, 9, 6, 5, 10]
[2, 3, 0, 3, 4, 5, 4, 7]
[3, 3, 0, 3, 7, 7, 4, 3, 10, 8, 12, 3, 12, 15, 13]
[2, 3, 0, 3, 4, 5, 5, 3, 8, 9, 9]
[0, 1, 4, 1, 4, 5, 4, 9, 7]
[4, 4, 4, 0]
[3, 3, 0, 3, 4, 5, 5]
[8, 8, 8, 8, 8, 8, 8, 0, 8, 9, 10, 10]
[0, 1, 1, 3, 4, 7, 5, 4, 8, 9, 8, 11]
[2, 0, 2, 3, 4, 4, 2, 7, 7, 11, 9]
[2, 5, 5, 5, 0, 7, 5, 7, 8, 7, 10]
[2, 0, 2, 3, 2, 7, 5]
[5, 5, 5, 5, 0, 5, 6, 5, 10, 8, 5, 13, 11]
[0, 1, 5, 5, 1, 5, 6, 5, 10, 8]
[0, 1, 2, 1, 4]
[2, 0, 4, 2, 6, 4, 6, 7, 6, 9]
[0, 1, 4, 1, 4, 7, 5, 4, 8]
[6, 6, 6, 5, 6, 0, 6, 7, 6, 11, 9, 6, 15, 15, 12]
[0, 1, 1, 3, 4, 3, 6, 3, 10, 8]
[2, 0, 4, 2, 4, 5, 4, 9, 7, 4, 10, 13, 11, 10, 10, 15, 18, 16, 4, 19]
[2, 0, 2, 3, 2, 5, 5, 7]
[3, 3, 0, 5, 3, 7, 5, 5, 8, 5, 10]
[2, 0, 4, 2, 4, 9, 6, 6, 5, 11, 4, 11, 12]
[0, 1, 4, 1, 4, 7, 5, 7, 10, 8, 7, 11]
[2, 0, 2, 5, 3, 2, 6, 2, 8]
[3, 3, 0, 3, 4, 3, 6, 3, 11, 11, 8]
[0, 1, 6, 5, 6, 1, 6, 7, 7, 9]
[4, 4, 4, 0, 4, 5, 4, 7, 4, 9, 10, 10]
[6, 6, 6, 6, 6, 0, 6, 9, 7, 6, 10]
[2, 0, 5, 5, 2, 5, 5, 7, 5, 9]
[2, 0, 4, 2, 4, 7, 5, 4, 8, 11, 4, 11, 4, 13, 14]
[2, 5, 5, 5, 0, 5, 6, 9, 7, 9, 9, 6, 12]
[2, 0, 2, 5, 3, 2, 8, 6]
[3, 3, 0, 3, 7, 7, 4, 3, 10, 8]
[6, 1, 2, 1, 4, 0, 6]
[2, 4, 4, 0, 6, 4, 4]
[6, 6, 6, 6, 6, 0, 9, 9, 6, 9, 10, 9, 14, 12, 9, 17, 15]
[0, 1, 4, 1, 4, 7, 5, 4, 8, 4, 10, 13, 11]
[4, 4, 4, 0, 4, 5, 6, 9, 4, 9, 10, 13, 9]
[5, 5, 5, 5, 0, 5, 6, 7, 7, 5, 10]
[0, 1, 4, 1, 4, 7, 5, 4, 8, 4, 10]
[5, 5, 5, 5, 0, 7, 5, 7, 7, 9]
[2, 0, 4, 2, 7, 7, 4, 7, 8, 8, 10]
[5, 5, 5, 5, 0, 5, 6, 6, 8]
[0, 1, 5, 5, 1, 5, 6, 5, 8, 5, 12, 10, 12, 15, 13]
[0, 1, 5, 5, 1, 5, 8, 6, 5, 9, 5, 11, 12]
[2, 0, 4, 2, 4, 5, 4, 7]
[2, 0, 4, 2, 4, 7, 5, 7, 10, 8, 7, 11, 7, 13]
[5, 5, 5, 5, 0, 5, 6, 5, 8, 8, 8, 13, 11]
[2, 0, 2, 3, 2, 7, 5, 2, 8]
[2, 0, 4, 2, 4, 5, 4, 7, 4, 11, 9, 11, 14, 11]
[3, 3, 0, 3, 4, 5, 6, 7, 6, 9, 6, 11, 12, 11, 16, 14, 11, 17]
[2, 4, 4, 0]
[0, 1, 2]
[2, 0, 2, 5, 3]
[2, 5, 5, 5, 0, 7, 5, 7, 8, 9, 12, 14, 14, 8, 14, 17, 15, 17, 18, 17, 22, 20, 25, 25, 5, 27, 25, 29, 27, 29, 30, 34, 34, 29, 34, 37, 35, 34, 38, 39, 42, 40]
[0, 1, 5, 5, 1, 5, 6, 5, 8]
[3, 3, 0, 5, 3, 5, 6, 5, 8]
[2, 0, 4, 2, 4, 7, 5, 4, 8, 11, 4, 13, 11]
[0, 1, 4, 1, 4, 5, 4, 9, 7, 11, 4, 13, 11, 13, 14, 11, 19, 19, 16]
[4, 4, 4, 0, 4, 9, 9, 9, 5, 11, 9, 9, 12, 13, 13]
[0, 1, 5, 5, 1, 5, 6, 9, 5, 9, 9, 11, 9, 13]
[2, 0, 4, 2, 4, 7, 5, 4, 8, 4, 13, 13, 10]
[3, 3, 0, 5, 3, 5, 6, 5, 8, 5, 10, 11]
[2, 8, 8, 8, 8, 8, 8, 0, 8, 9, 8, 13, 11]
[4, 4, 4, 5, 0, 5, 6, 5, 10, 8, 5, 5, 14, 12, 14, 15]
[6, 6, 4, 5, 6, 0]
[0, 1, 4, 1, 4, 5, 8, 6, 5, 12, 12, 9]
[0, 1, 4, 1, 8, 7, 8, 4]
[2, 0, 6, 6, 6, 2, 6, 7, 6, 9]
[2, 0, 2, 2, 4, 5, 6, 6, 6, 9, 10]
[5, 5, 5, 5, 0, 5, 6, 5, 8]
[2, 0, 2, 2, 4, 5, 4, 7]
[2, 3, 0, 5, 3, 5, 8, 6, 5, 9]
[6, 6, 6, 6, 6, 0, 6, 7, 7, 9]
[2, 0, 2, 3, 4, 3, 6, 3, 10, 8]
[0, 1, 5, 5, 1, 5, 6, 5, 8]
[2, 3, 0, 3, 4, 3, 6, 3, 10, 8]
[0, 4, 4, 1, 4, 7, 5, 4, 8, 4, 12, 10, 12, 13]
[4, 4, 4, 0, 4, 5, 4, 9, 7, 11, 4]
[8, 8, 8, 8, 8, 8, 8, 0, 8, 9, 8, 13, 11]
[5, 5, 5, 5, 0, 5, 6, 5, 8]
[0, 3, 1]
[2, 0, 2, 5, 2, 5, 6, 5, 8, 9, 5, 11, 12, 11, 16, 14, 16, 19, 17]
[0, 1, 4, 2, 1, 5, 6, 6]
[0, 1, 5, 5, 1, 5, 6, 5, 8, 11, 5, 11, 12, 11, 11, 15]
[0, 1, 6, 6, 6, 1, 6, 7, 6, 9]
[3, 3, 0, 5, 3, 3, 9, 9, 6, 3, 13, 13, 10]
[2, 3, 0, 7, 7, 7, 3]
[2, 0, 4, 2, 4, 7, 5, 4, 8, 4, 12, 10, 14, 4, 14, 15, 16]
[5, 5, 5, 5, 0, 5, 6, 5, 8]
[3, 3, 0, 5, 3, 5, 6, 5, 8]
[4, 1, 4, 0, 6, 4, 6, 9, 7, 6, 10]
[2, 0, 2, 3, 2, 7, 2, 9, 7, 9, 10, 11, 11, 9, 16, 9, 16]
[4, 3, 4, 0, 4]
[4, 4, 4, 0, 4, 5, 4, 9, 7, 4, 12, 10, 12, 15, 13, 4]
[0, 1, 4, 2, 1, 5]
[5, 5, 5, 5, 0, 5, 6, 5, 8]
[3, 3, 0, 5, 3, 7, 5, 7, 10, 8, 7, 14, 14, 11, 7, 15, 3, 3, 18, 22, 22, 19, 18, 25, 23, 29, 29, 29, 3, 29, 32, 29, 32, 36, 36, 32, 32, 37]
[0, 3, 1, 3, 4, 5, 4, 7, 4, 12, 12, 9, 12, 13]
[2, 0, 2, 3]
[2, 0, 4, 2, 4, 7, 5, 4, 8, 11, 2, 13, 2, 13, 13, 15, 16, 19, 17]
[0, 1, 1, 3, 4, 7, 5, 4, 11, 11, 8, 4, 12, 4, 14, 15, 15]
[0, 1, 5, 5, 1, 7, 5, 7, 8, 7, 12, 10, 12, 13, 13]
[2, 0, 2, 2, 4, 5, 4, 9, 7, 4, 10, 4, 14, 12]
[2, 0, 2, 2, 4, 5, 6, 5, 8, 5, 12, 10]
[4, 4, 4, 0, 4, 5, 4, 9, 7]
[0, 1, 2, 3, 4, 3, 8, 6]
[0, 1, 4, 1, 4, 5, 4, 7, 10, 4, 12, 10, 12, 13]
[2, 0, 2, 2, 4, 2, 6]
[2, 0, 2, 3, 2, 5]
[4, 4, 4, 0, 6, 4, 8, 6, 8, 9, 8, 11, 14, 12, 14, 15, 14, 17, 14]
[3, 3, 0, 3, 6, 3, 8, 10, 10, 6, 10, 11, 10, 13, 10, 17, 15]
[5, 5, 5, 5, 0, 5, 6, 7, 8, 7, 10, 13, 7]
[0, 1, 2, 1, 4]
[5, 5, 5, 5, 0, 5, 5]
[3, 3, 0, 5, 3, 7, 5, 7, 8, 7, 10, 5, 12, 13, 16, 3, 22, 22, 22, 22, 22, 16]
[2, 0, 2, 3, 3, 5]
[2, 0, 5, 5, 2, 5, 6, 5, 8, 11, 5, 11, 14, 12]
[2, 0, 2, 3, 6, 4, 6, 7, 6, 9, 13, 13, 6]
[3, 3, 0, 5, 3, 7, 5, 5, 10, 8, 5, 13, 11]
[2, 0, 2, 3, 2, 7, 5, 9, 2, 11, 9]
[0, 1, 5, 5, 1]
[8, 1, 2, 2, 6, 8, 8, 0, 8, 9, 10, 10, 8, 15, 13]
[2, 0, 7, 6, 6, 7, 2, 7, 8, 7, 12, 10, 7, 13, 14, 17, 15]
[2, 0, 2, 5, 3]
[3, 3, 0, 3, 4, 5, 4, 7, 4, 9, 10]
[4, 4, 4, 0, 4, 5, 4, 7]
[4, 4, 4, 0, 4, 7, 5, 4, 8]
[2, 0, 2, 2, 4, 5, 6, 7, 6, 9, 6, 11, 12, 13]
[0, 3, 1, 3, 4, 5, 4, 7, 4, 11, 9, 11, 11, 13]
[0, 1, 4, 1, 4, 5, 4, 7]
[2, 0, 4, 2, 6, 4, 6, 7, 6, 9, 12, 4, 12, 15, 13, 15, 15]
[6, 6, 6, 6, 6, 0, 6, 11, 11, 11, 7, 11, 12, 11, 16, 14]
[0, 4, 4, 1, 4, 5, 6, 6, 4, 11, 9]
[5, 5, 5, 5, 0]
[2, 5, 5, 5, 0, 5, 5, 9, 7, 7, 10]
[6, 6, 6, 6, 6, 0, 6, 7, 6, 11, 9]
[3, 3, 0, 5, 3, 8, 8, 5, 8, 9, 8, 11]
[5, 5, 5, 5, 0, 7, 5, 7, 8, 7, 10, 7, 12, 13]
[3, 3, 0, 3, 4]
[5, 5, 5, 5, 0, 5, 8, 6, 5, 11, 9]
[3, 3, 0, 8, 8, 8, 8, 3, 8, 9, 8, 11]
[0, 1, 2, 1, 4, 1]
[0, 1, 4, 1, 4, 5, 4, 7]
[3, 3, 0, 5, 3, 7, 5, 7, 8, 9, 8, 13, 11, 7, 14]
[0, 1, 6, 6, 6, 1, 6, 7, 7, 7, 10, 7, 12, 13, 13, 13, 18, 16]
[2, 0, 2, 3, 2, 7, 5]
[2, 3, 0, 3, 6, 4, 3, 7, 3, 3, 10, 13, 11]
[2, 0, 2, 3, 4, 4]
[0, 1, 1, 3, 4, 7, 5, 4, 8, 4, 12, 10, 4, 13, 14, 14]
[2, 0, 2, 5, 2, 5, 8, 6, 5, 12, 12, 9]
[4, 4, 4, 0, 4, 5, 6]
[3, 1, 0, 3, 6, 4, 6, 7, 8, 8, 6, 11]
[4, 4, 4, 0, 4, 7, 5, 4, 8]
[4, 4, 4, 0, 4]
[0, 3, 1, 3, 4, 3, 8, 6, 3, 9]
[2, 3, 0, 3, 4, 3, 6]
[3, 3, 0, 5, 3, 5, 6, 5, 8]
[2, 3, 0, 3, 3, 5, 6, 6]
[2, 7, 7, 6, 6, 7, 0]
[3, 3, 0, 3, 6, 4, 3, 7, 10, 3, 10, 13, 11]
[3, 3, 0, 3, 4, 5, 4, 7]
[2, 0, 2, 3, 2, 2, 8, 6, 8, 9]
[2, 0, 4, 2, 4, 5, 4, 9, 7]
[2, 0, 4, 2, 6, 4, 6, 9, 7, 9, 10, 9, 12, 9, 16, 14, 16, 17]
[2, 3, 0, 3, 4, 5, 5]
[6, 6, 6, 6, 6, 0, 6, 9, 7, 6, 13, 13, 10]
[3, 3, 0, 3, 4, 5, 5]
[2, 0, 4, 2, 4, 5, 4, 7, 4, 9, 12, 10, 9, 9]
[2, 3, 0, 3, 4, 3, 8, 6]
[5, 5, 5, 5, 0, 5, 6, 7, 7]
[3, 3, 0, 3, 4]
[6, 1, 2, 6, 6, 0, 6, 7, 6, 9, 13, 13, 6, 13, 16, 20, 20, 20, 20, 13]
[3, 3, 0, 3, 4, 5, 4, 7, 3, 14, 14, 14, 14, 9]
[4, 4, 4, 0, 4, 7, 5, 7, 11, 11, 7]
[2, 0, 2, 3, 4, 5, 5]
[2, 0, 4, 2, 6, 8, 8, 4, 10, 8, 10, 13, 10, 8, 14, 14, 16]
[4, 4, 4, 0]
[2, 0, 5, 5, 2, 5, 8, 6, 5, 11, 9]
[2, 0, 2, 3, 2, 7, 5]
[2, 0, 4, 2, 4, 7, 5, 4, 8, 11, 4, 11, 14, 12, 12, 15]
[2, 6, 2, 3, 6, 0, 6, 10, 10, 7, 10]
[4, 4, 4, 0, 4, 5, 4, 7, 10, 4, 10, 11, 10, 15, 13, 15]
[2, 0, 4, 2, 4, 5, 4, 9, 7]
[2, 5, 5, 5, 8, 8, 8, 0, 8]
[4, 4, 4, 0, 4, 7, 5, 4, 8, 9, 8, 13, 11, 8, 14, 15, 4]
[5, 5, 5, 5, 0, 5, 8, 6, 5, 11, 9]
[3, 3, 0, 5, 3, 5, 8, 6, 5, 9, 5, 13, 11, 5, 16, 14, 18, 5]
[0, 1, 2, 1, 6, 4, 1, 7, 8]
[0, 1, 1, 3, 6, 4, 3, 7, 3, 9]
[4, 4, 4, 0, 4, 7, 5, 4, 8, 4, 10]
[2, 0, 4, 2, 6, 4, 6, 9, 7, 6, 12, 10, 14, 6, 14, 17, 15, 14, 18]
[2, 11, 2, 6, 6, 3, 2, 10, 10, 7, 0, 13, 11, 11, 16, 14]
[0, 1, 1, 5, 3, 5, 8, 6]
[2, 0, 4, 2, 4, 7, 5, 4, 8, 4, 12, 10, 10, 10, 17, 17, 14]
[2, 0, 2, 2, 4, 5, 4, 9, 7, 4, 10, 4, 14, 12]
[2, 4, 4, 0, 4, 4, 8, 6, 4, 9]
[2, 0, 4, 2, 4, 7, 5, 4, 8, 4, 10]
[0, 4, 4, 1, 4, 5, 4, 7]
[0, 1, 6, 6, 6, 1, 6, 7, 7, 9]
[6, 6, 4, 5, 6, 0]
[2, 0, 5, 5, 2, 5, 6, 5, 8]
[4, 4, 4, 0]
[4, 3, 4, 0, 7, 7, 4, 7, 8, 7, 10]
[0, 1, 4, 1, 4, 8, 8, 5, 8, 9, 10, 10]
[2, 0, 2, 3, 2, 7, 5]
[4, 4, 4, 0, 4, 5, 4, 9, 7, 9]
[0, 1, 1, 3]
[0, 1, 2, 1, 4, 1, 6, 1, 10, 8]
[4, 4, 4, 0, 4, 7, 5, 5, 8]
[3, 3, 0, 3, 8, 8, 8, 4, 8, 9, 8, 11, 8, 13, 16, 14]
[2, 3, 0, 3, 4, 3, 8, 6, 3, 11, 9]
[6, 6, 6, 5, 6, 0, 8, 6, 8, 9, 8, 13, 11]
[4, 4, 4, 0, 4, 5, 4, 7]
[0, 1, 4, 1, 4, 5, 4, 7]
[0, 1, 5, 5, 1, 7, 5, 10, 10, 7, 7, 11, 7, 15, 13]
[2, 0, 2, 5, 3, 2, 6]
[0, 3, 1, 3, 4, 3, 8, 6, 3, 11, 9, 11, 12, 11, 16, 14]
[2, 0, 2, 5, 2, 5, 6, 5, 8]
[3, 3, 4, 0, 4, 4, 6]
[2, 3, 0, 3, 4, 3, 6]
[3, 3, 0, 5, 3, 5, 6, 5, 11, 11, 8, 13, 5, 13, 13, 15]
[4, 4, 4, 0, 4, 7, 5, 4, 10, 8, 4]
[2, 3, 0, 3, 3, 5, 3, 7]
[0, 1, 4, 1, 4, 7, 5, 4, 10, 8, 4]
[2, 3, 0, 3, 3, 5, 3, 7, 3, 11, 9]
[2, 0, 2, 3]
[0, 1, 5, 5, 1, 7, 5, 7, 8, 7, 10]
[3, 3, 0, 3, 4, 3, 8, 6, 3, 9, 12, 10, 9, 9, 14, 17, 15]
[2, 0, 4, 2, 6, 4, 6, 7, 8, 8]
[0, 1, 1, 3, 4, 5, 6, 5, 8, 5]
[4, 4, 4, 0]
[0, 3, 1, 3, 4, 5, 4, 9, 7]
[3, 3, 0, 3, 4, 5, 4, 7, 4, 11, 9, 11, 12, 13]
[3, 3, 0, 5, 3, 7, 5, 5, 8, 5, 12, 10]
[2, 0, 2, 3, 2, 5, 9, 9, 2]
[4, 4, 4, 0, 4]
[4, 4, 4, 0, 4, 5, 6, 7, 8, 8, 6, 13, 11, 13, 14, 15]
[5, 5, 4, 5, 0, 8, 8, 5, 8, 9]
[2, 0, 4, 2, 4, 5, 4, 9, 7, 4, 12, 10]
[0, 3, 6, 6, 6, 1, 6, 7, 8, 6, 12, 10, 6, 13, 13, 15]
[0, 3, 1, 3, 6, 4, 8, 4, 4, 9, 10]
[0, 1, 4, 1, 4, 7, 5, 4, 10, 8, 4, 13, 11]
[4, 4, 4, 0, 4, 7, 5, 4, 8]
[11, 5, 5, 5, 11, 5, 5, 7, 7, 9, 0, 11, 12]
[2, 0, 5, 5, 2, 5, 6, 5, 10, 8, 2, 13, 16, 13, 14, 11, 18, 16, 18, 19]
[4, 4, 2, 0, 4, 7, 5, 7, 8]
[0, 1, 4, 1, 4, 5, 4, 9, 7]
[0, 1, 2, 1, 4, 7, 1]
[2, 0, 4, 2, 4, 4, 8, 6, 4, 4, 10, 11, 10, 15, 13]
[2, 0, 4, 2, 4, 7, 5, 4, 8, 4, 12, 10, 4, 15, 13, 15, 16]
[2, 0, 4, 2, 8, 8, 8, 4, 8, 9, 9, 11, 8, 15, 13, 15, 16]
[2, 0, 4, 2, 4, 5, 6, 5, 8, 11, 5, 11, 12, 2, 16, 2, 18, 16, 18, 19, 20, 19, 22, 25, 19, 25, 26]
[2, 0, 6, 6, 6, 2, 6, 10, 10, 7, 7, 13, 11]
[5, 5, 5, 5, 0, 5, 6, 5, 8]
[0, 1, 5, 5, 2, 1, 8, 6]
[5, 5, 5, 5, 0, 5, 6, 5, 8, 5, 12, 10, 12, 13, 14]
[0, 1, 4, 1, 4, 5, 4, 7, 4, 11, 4, 13, 11]
[0, 1, 5, 5, 1, 5, 6, 5, 8]
[0, 5, 5, 5, 1, 7, 5, 7, 7, 9, 7, 7, 12, 13]
[2, 0, 2, 3, 2, 5]
[2, 0, 5, 5, 2, 5, 6, 6, 8]
[2, 0, 4, 2, 4, 5, 4, 9, 7]
[2, 0, 2, 3, 2, 5]
[0, 1, 4, 1, 4, 5, 4, 7]
[3, 3, 0, 6, 6, 3, 6, 7, 6, 9, 12, 6, 12, 13, 12, 18, 18, 15, 12, 21, 19, 3]
[2, 0, 2]
[2, 0, 2, 5, 3, 2, 6]
[4, 4, 4, 0, 4, 7, 5, 4, 8]
[2, 14, 14, 7, 7, 7, 14, 7, 7, 9, 9, 13, 11, 0]
[0, 1, 4, 1, 4, 5, 4, 9, 7, 11, 4, 11, 14, 12]
[4, 4, 4, 0, 4, 5, 4, 9, 7, 4, 13, 13, 10]
[5, 5, 5, 5, 0, 5, 6]
[2, 0, 2, 3, 10, 7, 10, 10, 10, 4, 10, 11, 10, 13]
[2, 0, 4, 2, 4, 5, 4, 9, 7, 4, 12, 10, 12, 13]
[2, 0, 2, 3, 4, 5, 6]
[4, 4, 4, 0, 4, 5, 4, 7, 4, 11, 9, 11]
[3, 3, 0, 5, 3, 5, 6, 5, 8, 5, 10, 13, 5, 13, 14, 13, 18, 16]
