[5, 5, 5, 3, 0]
[2, 0, 7, 7, 7, 7, 2, 2, 8, 2, 10, 2, 12, 17, 17, 17, 13, 19, 24, 19, 22, 20, 24, 12, 24, 27, 25]
[2, 0, 4, 2, 7, 7, 9, 9, 4, 9, 13, 13, 10, 16, 16, 9, 22, 17, 20, 18, 22, 9, 22, 25, 23, 22, 28, 30, 30, 22, 30, 33, 31]
[3, 3, 0, 5, 3, 7, 5, 7, 8, 9]
[2, 5, 5, 5, 0, 5, 6, 7, 7]
[2, 3, 0, 3, 4, 5, 6, 6]
[0, 3, 1, 1, 1]
[2, 0, 4, 2, 4, 5, 4, 7, 10, 4, 10, 11, 2]
[2, 0, 4, 2, 4, 5, 4, 10, 10, 7]
[0, 1, 4, 1, 4, 5, 4, 7, 4, 11, 9]
[6, 6, 6, 6, 6, 0, 6, 7, 8]
[2, 3, 0, 3, 4, 5, 6, 6]
[0, 1, 5, 5, 1]
[3, 3, 0]
[0, 1, 4, 1, 4, 7, 5, 4, 8, 4, 10, 4, 12]
[0, 1, 6, 3, 3, 1, 6, 7, 8, 6, 12, 10]
[3, 3, 0, 5, 3, 7, 5, 7, 10, 8, 7, 11, 7, 13, 5, 15, 5]
[3, 3, 0, 7, 7, 7, 3, 7, 12, 12, 12, 8]
[0, 1, 4, 1, 4, 7, 5]
[0, 1, 1]
[4, 4, 4, 0, 7, 7, 4, 4, 8, 4, 12, 10, 14, 4, 16, 14, 14, 17, 14, 19, 20, 21, 4]
[4, 4, 4, 0, 4, 7, 5, 4, 10, 8]
[2, 0, 4, 12, 4, 5, 6, 7, 12, 12, 12, 2, 12]
[0, 1, 1, 5, 3]
[0, 1, 2, 1, 4, 1, 8, 6]
[5, 5, 5, 5, 0, 5, 6, 5, 10, 5, 10]
[4, 4, 4, 0, 6, 4, 6, 7]
[0, 1, 9, 9, 9, 9, 9, 9, 1, 1, 12, 10, 1, 13]
[2, 0, 2, 3, 3, 7, 5]
[0, 3, 1]
[0, 1, 5, 5, 1]
[0, 1, 4, 2, 4, 5, 4, 7]
[2, 0, 4, 2, 2, 8, 8, 5, 2]
[3, 3, 0, 3, 4, 3, 6]
[3, 3, 0, 3, 4, 3, 3]
[2, 0, 2, 3, 3, 2, 6]
[2, 0, 4, 10, 4, 5, 4, 7, 10, 2, 10, 13, 11]
[4, 3, 4, 0, 6, 4, 6, 7, 6, 11, 9]
[2, 0, 2, 3, 2, 5, 6, 11, 11, 11, 6]
[3, 3, 5, 5, 0, 5, 8, 6, 8, 8]
[0, 1, 5, 5, 1, 5, 8, 6, 5, 9, 12, 10, 12, 15, 13]
[2, 0, 4, 2, 4, 8, 8, 5, 4, 9, 2]
[0, 1, 4, 1, 4, 5, 5, 9, 7, 9, 13, 13, 10, 4, 16, 14, 4, 17, 20, 4, 20, 24, 24, 21]
[3, 3, 0, 3, 6, 4]
[0, 1, 4, 1, 1, 8, 8, 5, 1, 11, 9]
[0, 1, 4, 1, 6, 4, 6, 6, 6, 6, 10, 10, 14, 12, 14]
[0, 1, 4, 1, 4, 7, 5, 7]
[2, 3, 5, 5, 0, 5, 6, 7, 12, 12, 12, 8]
[2, 0, 2, 7, 7, 7, 3, 7, 10, 8, 10, 10, 14, 12]
[0, 1, 1, 3, 6, 4, 3, 7]
[9, 3, 7, 7, 7, 7, 9, 9, 0, 14, 14, 14, 14, 9]
[2, 0, 4, 2, 12, 5, 9, 9, 5, 12, 12, 4, 12, 13]
[2, 0, 2, 7, 7, 7, 3]
[0, 1, 4, 1, 4, 5, 4, 12, 8, 8, 12, 7]
[0, 1, 4, 1, 4, 7, 5]
[2, 0, 4, 2, 6, 4, 6, 7, 2]
[4, 3, 4, 0, 4, 5, 4, 7]
[2, 0, 2, 7, 7, 7, 3, 7, 8, 7, 10]
[4, 3, 4, 0, 4, 7, 5]
[4, 3, 4, 0, 7, 7, 4, 7, 8, 7, 10]
[0, 1, 1, 3, 4, 3, 9, 9, 6, 3, 12, 10, 14, 3]
[0, 1, 2, 1, 4, 1, 8, 6, 8, 8]
[0, 1, 2, 5, 3, 2, 6, 1, 8, 9, 9]
[2, 0, 4, 2, 4, 5, 4, 10, 10, 7, 4, 11, 12]
[0, 1, 2, 3, 3, 1, 6]
[2, 3, 0, 3]
[2, 0, 2, 3, 2, 5]
[0, 1, 2, 6, 6, 3]
[2, 0, 4, 2, 4, 4, 6, 7, 6, 9]
[4, 4, 4, 0, 4, 5, 4, 7, 4, 12, 12, 9]
[0, 1, 4, 1, 4, 5, 4, 7]
[2, 6, 2, 5, 3, 0, 6, 7, 6, 11, 9]
[0, 1, 4, 2, 1, 1]
[5, 5, 5, 5, 0, 7, 5]
[0, 1, 5, 5, 1, 5, 6, 9, 7, 5, 10, 1]
[0]
[3, 3, 0, 3, 4, 5, 4, 9, 7]
[5, 5, 5, 5, 0, 9, 9, 9, 5, 9, 12, 10]
[0, 1, 4, 1, 1, 1, 10, 10, 10, 6, 10, 11, 10, 13]
[2, 0, 2, 5, 8, 7, 8, 10, 10, 2, 10, 11, 11, 13]
[2, 0, 2, 3, 2, 7, 5]
[0, 1, 4, 9, 4, 5, 8, 4, 1, 9, 10, 11]
[0, 1, 4, 1, 4, 5, 4, 7]
[2, 0, 2, 3, 2, 5, 8, 2, 8, 11, 9]
[0, 1, 1, 3, 4, 4, 8, 6]
[0, 1, 4, 2]
[4, 4, 4, 0, 4, 5, 4, 9, 7, 4, 10, 11, 15, 15, 12]
[0, 1, 4, 1, 4, 5, 4, 10, 10, 7]
[3, 3, 10, 3, 8, 5, 5, 4, 10, 0, 12, 10, 10, 15, 13]
[3, 3, 0, 5, 3, 5, 6, 7, 8, 9, 12, 10, 8, 13, 14]
[2, 0, 2, 5, 3, 2, 8, 9, 6]
[4, 4, 4, 0, 4, 9, 8, 9, 5, 9, 10, 9]
[5, 5, 5, 5, 0, 5, 5, 5, 8, 5, 10, 5, 14, 12]
[0, 1, 4, 1, 4, 8, 8, 5, 4, 11, 9]
[2, 0, 2, 5, 3, 2]
[2, 3, 0, 5, 3, 5, 6, 5, 8, 9, 10, 3, 12, 12, 12]
[0, 5, 5, 5, 1, 5]
[0, 9, 2, 3, 4, 8, 8, 5, 1, 9, 9, 11, 12, 9, 16, 14, 16, 17]
[3, 3, 0, 3, 4]
[2, 0, 4, 2, 2, 7, 5, 9, 7, 2, 12, 2, 12, 15, 13]
[2, 0, 2, 5, 3, 2, 6, 2, 10, 8, 13, 13, 10, 10, 10, 18, 18, 15]
[2, 0, 2, 5, 3]
[3, 3, 0, 5, 3, 10, 6, 7, 10, 5, 3]
[0, 1, 1, 3, 4, 5, 4, 9, 7, 1]
[3, 3, 0, 7, 6, 7, 3, 7, 10, 8, 7, 13, 11, 7, 16, 14]
[0, 1, 1, 5, 3, 5, 8, 6]
[4, 4, 4, 0, 4, 5, 4, 9, 7, 9, 9]
[0, 1, 5, 5, 2]
[0, 1, 1, 3, 4, 3, 8, 6, 3, 11, 12, 3]
[3, 3, 0, 3, 8, 8, 8, 3, 8, 11, 9, 8, 12]
[6, 6, 6, 6, 6, 0, 8, 6, 10, 8]
[0, 1, 2]
[3, 3, 4, 0, 4, 4, 8, 6, 8, 9, 10, 6, 12]
[0, 1, 2, 2, 6, 4, 1, 7, 10, 1, 10, 13, 11]
[0, 1, 2, 1, 6, 4]
[2, 3, 6, 6, 6, 0, 6, 6, 8]
[0, 1, 2, 7, 7, 7, 3]
[2, 0, 4, 2, 4, 5, 4, 7, 4, 9]
[3, 3, 0, 3, 6, 4, 3, 7, 8, 8]
[2, 0, 2, 3, 2, 5, 5, 7, 8, 8, 12, 2, 12, 17, 17, 17, 13, 2]
[6, 6, 2, 6, 6, 0, 6, 7, 10, 8, 10, 11, 12, 12, 10, 15, 10, 17, 10, 10, 20, 21, 24, 22, 27, 27, 20]
[5, 5, 5, 5, 0, 5, 6, 6, 8, 9, 6, 11, 6, 13, 14]
[0, 1, 4, 2, 4, 5]
[0, 1, 4, 1, 4, 7, 5]
[2, 0, 4, 2, 6, 4, 6, 7, 6, 9, 4]
[2, 0, 2, 3, 2, 7, 5, 2, 8]
[2, 3, 0, 3, 6, 4, 3]
[2, 0, 5, 5, 2, 5, 9, 9, 6, 2, 10]
[0, 1, 4, 1, 4, 5, 4, 9, 7, 4, 12, 10, 4, 13, 16, 14, 16, 19, 17]
[3, 3, 0, 5, 3, 5, 6, 7, 8, 11, 9, 8, 12, 15, 13, 12, 12, 17, 12, 19]
[0, 3, 4, 1, 4, 5, 5, 10, 10, 7, 5, 13, 11]
[0, 1, 2, 1, 6, 4, 4, 7, 1, 11, 9]
[0, 1, 4, 1, 4, 5, 4, 7, 4, 11, 9]
[3, 3, 0, 5, 3, 7, 5, 9, 7, 9, 10, 9, 12, 16, 16, 3, 19, 19, 16, 21, 19, 21, 24, 22, 3, 28, 28, 3, 30, 28, 32, 30, 32]
[0, 1, 8, 5, 8, 8, 8, 1, 8, 9, 8, 14, 14, 11]
[5, 5, 5, 5, 0, 5, 6, 7]
[3, 3, 9, 3, 4, 5, 6, 9, 0, 9, 13, 13, 10]
[7, 7, 4, 7, 4, 4, 0, 7, 8, 7, 10, 14, 14, 11]
[3, 3, 0, 3, 4, 3, 6]
[3, 3, 0, 5, 3, 7, 5, 5, 10, 8]
[2, 0, 4, 2, 4, 4, 9, 9, 6]
[2, 0, 7, 7, 7, 7, 8, 2, 8, 9]
[2, 0, 4, 2, 2, 7, 5]
[0]
[2, 0, 2, 3, 4, 7, 5]
[7, 7, 7, 7, 6, 7, 0]
[3, 3, 0, 5, 3]
[3, 3, 4, 0, 4, 5, 4, 9, 7, 4, 4, 11, 11, 15, 13, 4]
[2, 3, 0, 3, 3, 8, 8, 5, 8]
[0, 1, 5, 5, 1, 5, 6, 5, 10, 8]
[3, 3, 0, 5, 3, 5, 5, 7, 8]
[0, 1, 4, 1, 6, 4, 6, 7]
[0, 1, 4, 8, 4, 8, 8, 1]
[6, 6, 5, 5, 6, 0, 6, 9, 7, 9, 10, 6]
[3, 3, 0, 6, 6, 3, 6, 7, 8, 8, 3, 11, 12]
[4, 4, 4, 0, 4, 5, 6, 4, 10, 8, 4, 11, 4]
[2, 3, 4, 0, 4, 5, 4, 7, 4, 4, 10, 11]
[2, 0, 2, 5, 3]
[2, 0, 2, 3, 2, 5]
[2, 0, 2, 3, 6, 4, 6, 7, 8, 9, 10, 2]
[2, 0, 2, 5, 3]
[2, 0, 2, 2, 4, 5, 6, 7, 6, 9, 6, 13, 11, 13, 14]
[0, 1, 4, 1, 4, 5, 4, 7]
[3, 3, 5, 5, 0, 5, 6, 7, 10, 7]
[2, 3, 0, 3, 3, 7, 5, 5, 8, 9, 9]
[3, 3, 0, 5, 3, 5, 8, 5]
[2, 0, 4, 2, 4, 8, 8, 5]
[2, 0, 4, 2, 6, 4, 4, 7, 4, 9]
[0, 1, 5, 5, 1, 5, 6, 7, 7, 5, 10]
[2, 3, 0, 3, 6, 4, 6, 9, 6]
[0, 1, 2, 3]
[2, 0, 4, 2, 4, 5, 4, 7]
[0, 1, 4, 1, 4, 5, 4, 9, 7, 4, 10, 13, 11]
[2, 0, 2, 3]
[0, 1, 2, 1, 6, 4, 1, 7]
[3, 3, 5, 5, 0, 5, 8, 6]
[0, 5, 5, 5, 1, 5, 6, 5, 8, 5, 10, 13, 11]
[0, 1, 4, 1, 4, 5, 4, 7, 1]
[0, 5, 5, 5, 1, 5, 6, 5, 10, 8]
[0, 1, 1, 3, 4, 3, 8, 6]
[2, 0, 2, 5, 2, 5, 9, 9, 5]
[2, 4, 4, 0, 4, 7, 5]
[2, 0]
[0, 1, 4, 1, 4, 7, 5, 4, 10, 8]
[2, 5, 5, 5, 0, 5, 8, 6, 6, 12, 12, 9, 12, 5]
[0, 1, 4, 1, 4, 9, 9, 9, 5, 4, 10, 11]
[2, 0, 2, 5, 3, 2, 8, 6, 2, 9, 2, 13, 11]
[0, 1, 2, 1, 4]
[2, 0, 2, 2, 4, 7, 5, 4, 10, 8, 4, 11]
[2, 0, 4, 2, 7, 7, 4, 7, 8, 7, 12, 10]
[2, 3, 0, 3, 3, 5, 3, 9, 7, 3, 10]
[4, 4, 4, 0, 4, 5, 8, 6, 8, 9, 8]
[5, 5, 5, 5, 0, 5, 6, 5, 8, 11, 5]
[3, 3, 5, 5, 0, 5, 6]
[0, 1, 4, 1, 4, 5, 4, 11, 11, 11, 7, 11]
[0, 1, 1, 3, 6, 4, 3, 7, 3, 11, 9, 14, 14, 3, 14, 14, 20, 20, 20, 21, 16]
[0, 1, 4, 1, 4, 5, 4, 7, 4, 11, 9, 4, 15, 15, 12]
[2, 7, 2, 5, 3, 7, 0, 7, 8]
[0, 1, 4, 5, 1, 9, 9, 9, 1, 9, 10, 10, 12]
[3, 3, 0, 7, 7, 7, 3, 7, 8, 7, 10, 7, 14, 12]
[0, 1, 4, 1, 4, 7, 5, 4, 12, 12, 12, 8]
[0, 1, 6, 6, 6, 2, 6, 7, 6, 11, 9]
[0, 1, 7, 7, 6, 7, 1, 7, 10, 8, 7, 15, 15, 15, 11, 7, 16, 1]
[3, 3, 0, 6, 6, 3, 6, 9, 7]
[2, 0, 2, 3]
[2, 0, 2, 3, 2, 7, 5, 2, 8, 8, 8, 8, 8]
[2, 0, 4, 2, 4, 8, 8, 5, 8, 12, 12, 9, 8, 13, 14, 2]
[2, 0, 2, 5, 3]
[2, 0, 2, 3, 2, 5, 8, 2, 8, 11, 9, 13, 8]
[2, 0, 2, 3, 4]
[0, 1, 1, 5, 3, 3, 8, 6, 3, 9, 10, 11]
[2, 0, 2, 5, 2, 5, 8, 6, 8, 9, 10, 10]
[2, 0, 4, 2, 6, 8, 8, 4, 8, 9, 9, 13, 11]
[2, 0, 4, 9, 4, 7, 5, 9, 2, 9, 12, 10, 10, 13]
[0, 1, 4, 1, 4, 5, 4, 7, 10, 4, 10, 11, 10, 13, 14]
[2, 0, 2, 5, 3]
[2, 0, 4, 2, 7, 7, 4, 7, 8, 7, 13, 13, 10]
[0, 1, 4, 2, 6, 1]
[0, 3, 1, 3, 4, 3, 8, 6, 6, 12, 12, 9]
[0, 1, 4, 1, 4, 5, 8, 6, 4, 11, 9]
[3, 3, 0, 6, 6, 3, 6, 7, 8, 11, 9, 8, 12]
[0, 1, 2, 1, 4]
[3, 3, 0, 5, 3, 7, 5, 11, 11, 11, 7, 13, 7, 15, 13, 13, 16]
[2, 4, 4, 0, 4, 5, 4, 7, 4]
[2, 0, 2, 6, 6, 3, 6, 7, 6, 9]
[2, 0, 4, 2, 6, 4, 6, 10, 10, 7, 10, 11, 11, 15, 13]
[2, 0, 2, 3, 2, 5, 2]
[0, 1, 1, 3, 3, 7, 5, 7, 12, 12, 12, 8]
[0, 1, 1, 3, 4]
[3, 3, 0, 6, 4, 3, 6, 9, 7, 6, 10, 6, 3]
[2, 0, 2, 7, 7, 7, 2, 7, 10, 8, 7, 11]
[5, 5, 5, 5, 0, 5, 6, 5, 10, 8]
[0, 1, 1, 3, 7, 7, 4]
[2, 0, 2, 5, 3, 7, 9, 9, 10, 2]
[3, 3, 0, 5, 6, 3, 6, 7, 6, 9]
[3, 3, 0, 3, 4, 7, 5, 7, 11, 11, 8]
[2, 0, 4, 2, 4, 5, 10, 10, 10, 6, 2, 2, 12, 13, 13, 2]
[2, 4, 4, 0, 4]
[0, 1, 2, 1, 1, 7, 5, 7, 7, 7, 1]
[2, 0, 5, 5, 2, 5, 8, 6, 5, 9, 10, 9, 12, 13, 16, 13]
[3, 3, 0, 6, 6, 3, 6, 7, 6, 11, 9, 6, 14, 12, 14, 15, 15, 6]
[2, 0, 2, 6, 6, 2, 2, 9, 10, 7]
[2, 0, 6, 6, 6, 2, 8, 6]
[0, 1, 4, 2, 4, 8, 8, 4, 1]
[3, 3, 0, 5, 3, 5, 6, 5, 8, 5, 10, 13, 5, 15, 13, 17, 15, 17, 18]
[2, 10, 2, 3, 3, 5, 3, 9, 7, 0, 12, 10]
[0, 1, 4, 2, 6, 1]
[3, 3, 4, 0, 4, 5]
[2, 0, 2, 3, 4, 9, 9, 9, 2, 11, 9]
[0, 1, 6, 5, 6, 1, 6, 7, 6, 9]
[2, 0]
[3, 3, 0, 3, 4, 5, 6, 10, 10, 7, 6, 11, 6, 15, 13]
[0, 1, 4, 1, 11, 11, 6, 7, 6, 9, 4, 14, 12, 11, 17, 17, 14, 1]
[0, 1, 4, 1, 4, 5, 10, 10, 10, 6]
[0, 1, 5, 5, 1, 5, 6, 5]
[2, 6, 6, 6, 6, 0, 6, 7, 8]
[2, 0, 2, 3, 4, 3, 8, 6, 3, 12, 10, 13, 9]
[0, 1, 2, 1, 4, 1, 6, 7, 7, 11, 7]
[3, 3, 7, 3, 6, 4, 0, 7, 8]
[0, 3, 1, 5, 3, 7, 3]
[2, 0, 4, 2, 4, 5, 4, 7]
[0, 1, 1, 5, 3, 1, 6]
[2, 0, 2, 8, 8, 8, 8, 3, 8, 9, 9, 11]
[0, 1, 1, 1, 6, 4]
[7, 3, 7, 3, 6, 3, 0, 7]
[0, 3, 1, 3, 4, 3, 8, 6, 1, 1, 10]
[0, 1, 5, 5, 1, 5, 9, 9, 6, 5, 10, 1]
[4, 4, 4, 0, 4, 7, 5, 4, 8, 8, 10]
[4, 4, 4, 5, 0, 5, 6]
[2, 0, 2, 5, 3, 5, 6, 9, 7, 11, 6, 6, 15, 15, 12, 15]
[3, 3, 0, 3, 4, 9, 9, 9, 5, 3]
[3, 3, 0, 5, 3, 5, 8, 6]
[3, 3, 0, 5, 3, 5, 8, 6, 8, 11, 9, 8, 12, 13, 17, 17, 14, 8, 18]
[0, 1, 2, 3, 6, 4, 3]
[2, 0, 2]
[0, 1, 4, 1, 1, 5, 8, 6, 8, 8, 10, 15, 15, 15, 8, 15, 16, 17, 16, 19]
[5, 5, 4, 5, 0, 5, 6]
[5, 5, 5, 5, 0, 5, 6]
[4, 4, 4, 5, 0, 5, 6, 5, 8, 11, 9]
[0, 1, 4, 1, 4, 7, 5]
[0, 1, 4, 1, 4, 5, 6, 7, 8, 8]
[0, 1, 5, 5, 1, 5, 6, 7, 10, 8, 17, 17, 16, 16, 16, 17, 7, 1]
[0, 1, 1, 3, 4, 3, 6]
[0, 1, 6, 6, 6, 1, 6, 7, 6, 9]
[3, 3, 0, 6, 6, 3, 8, 6, 8, 9, 8, 11]
[4, 4, 4, 0, 4, 7, 5]
[3, 3, 0, 7, 7, 7, 3, 7, 8, 9, 14, 14, 14, 3]
[0, 4, 4, 1, 4, 5, 4, 9, 7]
[2, 0, 2, 7, 7, 7, 3, 2, 8, 12, 12, 2]
[2, 0, 2, 5, 3, 5, 6]
[2, 0, 2, 3, 4, 5, 6]
[3, 3, 0, 3, 3, 5, 6, 5, 8, 5, 12, 10]
[3, 3, 0, 3, 7, 7, 3, 7, 10, 8, 10, 11, 7, 13]
[0, 1, 5, 5, 1, 5, 8, 6]
[4, 4, 4, 0, 4, 7, 5]
[0, 1, 2]
[0, 1, 1, 3, 4, 5, 8, 6, 5, 9]
[2, 0, 2, 3, 2, 5]
[3, 1, 0, 3, 3, 7, 5, 3, 8, 8]
[0, 1, 4, 1, 4, 5, 4, 7]
[0, 1, 4, 1, 4, 8, 8, 5, 4, 9]
[5, 5, 5, 5, 0, 5, 6]
[8, 8, 8, 8, 8, 8, 8, 0, 8, 9]
[6, 6, 6, 6, 6, 0, 6, 7, 6, 9]
[2, 0, 4, 2, 7, 7, 4, 9, 7, 9, 9, 11, 9, 13, 16, 14, 20, 17, 18, 4, 20, 21, 20, 25, 26, 20, 26, 27]
[2, 0, 2, 3, 2, 5, 8, 10, 10, 11, 2, 14, 14, 2, 14, 15, 16, 17, 20, 22, 22, 23, 25, 25, 14, 25, 26, 26, 28, 31, 33, 33, 34, 25]
[5, 5, 5, 5, 0, 5]
[0, 1, 7, 7, 6, 7, 1, 7, 8, 9, 9, 13, 7, 13, 13, 17, 15]
[0, 5, 5, 5, 1, 5, 8, 6, 10, 5, 10]
[2, 0, 2, 6, 6, 2, 6, 7, 7, 9]
[2, 7, 7, 7, 6, 7, 0, 11, 11, 11, 12, 7, 7, 13, 14, 15]
[2, 4, 4, 5, 0, 5]
[2, 0, 2, 3, 2, 5, 2, 7]
[0, 1, 4, 1, 4, 5, 4, 7]
[5, 5, 5, 5, 0, 5, 5]
[2, 0, 4, 2, 6, 4, 6, 7, 4, 11, 9, 16, 16, 15, 16, 11, 16]
[2, 0, 2, 3, 2, 7, 5, 2, 8, 9, 12, 10]
[4, 4, 4, 7, 4, 5, 0, 7, 8, 7, 12, 10]
[3, 3, 0, 5, 3, 7, 5, 7, 8, 11, 5, 13, 11, 5, 14]
[0, 1, 1, 3, 6, 4]
[2, 0, 2, 3, 6, 4, 6, 6]
[3, 3, 0, 5, 3, 5, 6, 5, 8, 5, 12, 10]
[0, 1, 4, 1, 4, 9, 9, 9, 5, 11, 4, 13, 11, 13, 14, 13, 16, 17]
[0, 1, 1, 3, 4, 5, 6, 5, 10, 8, 5, 11, 12, 15, 13, 12, 12, 17, 20, 18]
[3, 3, 4, 0, 4, 4, 6]
[2, 0, 4, 2, 4, 7, 5]
[0, 1, 4, 7, 7, 7, 1]
[0, 1, 4, 1, 6, 4, 4, 9, 7]
[3, 3, 0, 5, 13, 5, 8, 6, 5, 11, 9, 13, 3, 13, 13, 18, 18, 15, 20, 18, 20, 21]
[0, 4, 4, 1, 4, 5, 6, 9, 7, 6, 10]
[2, 0, 2, 3, 4, 3]
[5, 5, 5, 5, 0, 5, 9, 9, 6, 11, 9]
[0, 1, 4, 1, 6, 4, 4, 7, 4, 9]
[2, 18, 2, 3, 4, 5, 6, 7, 7, 2, 13, 13, 10, 18, 18, 17, 18, 0]
[6, 6, 6, 6, 6, 0, 6, 9, 7, 7, 10]
[2, 0, 2, 5, 3, 5, 6, 5, 10, 8]
[2, 0, 2, 5, 3, 2, 6, 11, 11, 11, 7]
[2, 7, 2, 3, 7, 7, 0, 7, 11, 11, 7, 17, 17, 17, 17, 17, 11, 17, 18, 17, 20]
[4, 1, 4, 0, 4, 4, 8, 6]
[0, 1, 5, 5, 1, 5, 6, 6]
[2, 0, 4, 2, 4, 7, 5, 7, 7, 9, 9, 4, 14, 12]
[0, 1, 2, 6, 6, 3]
[0, 1, 5, 5, 1, 5, 6, 5, 8]
[0, 1, 2, 1, 4, 1, 6, 7, 7, 11, 7]
[3, 3, 0]
[3, 3, 5, 5, 0, 5, 5, 7, 5, 9, 5, 11, 12]
[2, 0, 2, 3, 4, 8, 8, 5, 2]
[0, 1, 4, 1, 4, 5, 4, 7]
[5, 5, 5, 5, 0, 5, 6, 7, 11, 11, 7]
[2, 0, 2]
[2, 0, 2, 3, 2, 5, 2, 9, 7]
[5, 5, 5, 5, 0, 5, 6, 6, 11, 11, 8]
[3, 3, 0, 3, 6, 3, 6, 7, 10, 8, 10, 11, 10, 16, 16, 13]
[0]
[2, 0, 2, 5, 3]
[0]
[7, 5, 5, 5, 7, 7, 0, 7, 12, 12, 12, 8, 17, 17, 17, 17, 7, 17]
[3, 1, 0, 3, 6, 3, 3, 7, 3]
[4, 4, 4, 0, 4, 9, 9, 9, 5, 9, 10, 11, 10, 15, 13, 10, 16, 10, 18, 18]
[2, 0, 4, 2, 4, 5, 4, 7]
[2, 0, 4, 2]
[0, 1, 4, 1, 4, 5, 4, 9, 7, 9, 12, 10]
[5, 5, 5, 5, 0, 5, 6, 5, 8, 11, 5, 11, 12]
[0, 4, 4, 1]
[2, 0, 2, 3, 3, 7, 5]
[2, 0, 4, 2, 4, 5]
[2, 3, 0, 3, 6, 4, 3, 7, 3, 9, 3]
[0, 1, 5, 5, 1, 7, 5, 1]
[0, 1, 1, 3, 4, 4, 8, 6]
[3, 3, 0, 3, 4, 3]
[2, 0, 2, 2, 2, 5, 5, 11, 11, 11, 7]
[0, 1, 4, 1, 4, 5, 4, 7]
[0, 3, 1, 3, 7, 7, 4]
[0, 1, 5, 5, 2, 5, 6, 9, 5, 9, 9, 13, 11, 13, 14]
[4, 4, 4, 0, 4, 5, 4, 7, 4, 9, 4, 13, 11]
[0, 1, 5, 5, 1, 5, 8, 6, 5, 9]
[2, 0, 4, 2, 6, 4, 6, 2, 2, 11, 2, 11, 12, 13, 13, 11, 18, 16, 18, 18, 23, 23, 18, 23, 24]
[0, 1, 4, 1, 4, 7, 5, 4, 8, 9, 9]
[3, 3, 0, 5, 3, 5, 6, 9, 7, 6, 12, 10, 14, 6, 14, 14, 16]
[7, 7, 7, 7, 7, 7, 0, 7, 8, 7, 10]
[0, 4, 4, 1, 4, 5, 8, 1, 8, 11, 9, 8, 8, 13, 16, 14, 1]
[4, 4, 4, 0, 4, 7, 5, 4, 8, 4, 10, 4, 14, 12]
[0, 1, 4, 1, 4, 7, 5, 4]
[2, 0, 2, 6, 6, 3, 2]
[3, 3, 0, 5, 3, 5, 6, 5, 8, 5, 10]
[3, 3, 0, 3, 6, 4, 3, 7, 3, 9]
[0, 4, 4, 1, 4, 7, 5, 4, 8, 11, 4, 11, 14, 12, 14, 15]
[0, 1, 4, 1, 4, 7, 5, 4, 8, 4, 10]
[2, 6, 2, 5, 3, 0, 6, 6, 8, 12, 12, 9]
[3, 3, 4, 0, 8, 8, 8, 4, 8, 11, 9]
[4, 4, 4, 0, 6, 4, 6, 6, 10, 8, 10, 11, 16, 16, 16, 19, 19, 19, 4, 19, 23, 23, 19]
[2, 3, 0, 3, 3]
[2, 0, 5, 5, 2, 5, 6, 5, 10, 8, 5, 11, 12, 13]
[4, 4, 4, 0, 4, 7, 8, 4, 8, 9, 8, 4]
[8, 1, 4, 2, 8, 8, 8, 0, 8]
[2, 0, 2]
[8, 8, 8, 8, 8, 8, 8, 0, 8, 9]
[0, 1, 1, 1, 4, 5, 5]
[2, 0, 2, 3, 2, 7, 5, 2, 8]
[2, 0, 4, 2, 4, 5, 6, 6]
[2, 0, 2]
[0, 1, 4, 1, 4, 8, 8, 5, 4]
[0, 1]
[3, 3, 0, 3, 9, 9, 9, 9, 4]
[3, 1, 0, 3, 4, 3]
[5, 5, 5, 5, 0, 5, 6, 6, 8]
[6, 6, 6, 6, 6, 0, 6, 6, 10, 8]
[0, 1, 4, 1, 4, 5, 5, 9, 7]
[0, 1, 2]
[3, 3, 0]
[4, 4, 4, 0, 4, 7, 5, 7, 10, 8]
[0, 1, 1, 3, 6, 4, 3, 7, 3]
[0, 1, 4, 1, 4, 5, 4, 7, 10, 4, 10, 10, 14, 12, 14, 15]
[2, 5, 2, 3, 0, 5, 6, 5, 8]
[0, 3, 1, 3, 7, 7, 4, 3, 10, 8, 10, 13, 11]
[0, 1, 2, 1, 4, 8, 8, 1, 8]
[2, 7, 2, 5, 3, 7, 0, 7, 10, 8]
[0, 1, 5, 5, 1, 5, 6, 7, 8, 8, 10, 11, 11, 8, 16, 14]
[6, 6, 6, 6, 6, 0, 6, 7, 6, 9, 6, 11, 12]
[4, 3, 1, 0, 6, 4, 9, 9, 6]
[3, 3, 0, 7, 7, 7, 3, 7, 10, 8]
[4, 4, 4, 0, 4, 7, 5, 4, 10, 8]
[0, 1, 4, 1, 6, 4]
[4, 4, 4, 0, 4, 5, 4, 7, 4, 12, 12, 9, 12, 15, 16, 12]
[0, 1, 4, 1, 4, 9, 9, 9, 1, 9, 12, 9]
[3, 3, 0, 3, 7, 7, 3, 7, 8, 7, 10, 7, 14, 12]
[4, 4, 4, 0, 4, 5]
[4, 4, 4, 5, 0, 8, 8, 5, 5]
[4, 3, 4, 0, 4, 5, 6, 6]
[2, 0, 2, 5, 3, 2, 6, 7, 7, 9, 7, 16, 15, 15, 16, 7]
[2, 5, 5, 5, 0, 5, 8, 6, 8, 11, 9]
[3, 3, 5, 5, 0]
[2, 5, 5, 5, 0, 5, 6, 7, 6, 11, 9]
[4, 4, 4, 0, 4, 5, 6, 5, 10, 8]
[2, 3, 0, 5, 3, 5, 5, 9, 7]
[0, 1, 1, 5, 1, 5, 6, 5, 5, 11, 9]
[0, 1, 4, 1, 4, 7, 5]
[2, 0, 4, 2, 4, 5, 4, 7, 10, 4]
[0, 1, 2, 2, 2, 5, 2, 7, 8]
[2, 0, 4, 2, 4, 5, 4, 9, 7, 4, 10, 11]
[0, 1, 4, 1, 4, 7, 5, 4, 8, 11, 4, 11, 12, 11, 17, 17, 14]
[2, 3, 0, 3, 3, 5, 3, 7]
[0, 1, 4, 2]
[6, 6, 6, 6, 6, 0, 6, 9, 7, 9, 10]
[2, 0, 4, 2, 4, 4, 4, 10, 10, 7]
[2, 0, 2, 3, 6, 4, 6, 7, 6, 9]
[2, 0, 2, 3, 2, 2]
[2, 0, 2, 5, 2, 5, 9, 9, 6, 2]
[0, 1, 1, 3, 4, 7, 3, 7, 8]
[2, 0, 4, 2, 7, 7, 4, 7, 10, 8, 7, 11, 7, 13]
[5, 5, 5, 5, 0, 5, 6, 6, 10, 8]
[2, 0, 4, 2, 4, 5, 4, 9, 7, 4, 12, 10, 12, 12, 14]
[3, 3, 0, 7, 7, 7, 3, 7, 8, 9, 9, 8, 12, 13, 14]
[3, 3, 0, 3, 6, 3, 6, 7, 7, 9, 7, 11]
[2, 0, 2, 3, 3, 5]
[3, 3, 0, 3, 4, 7, 5, 4, 8, 4, 10]
[0, 1, 1, 3, 6, 4, 4, 7, 3, 13, 13, 13, 3]
[3, 3, 0, 3, 4, 5, 6, 7, 6, 6, 10, 11, 12]
[2, 0, 2, 8, 8, 8, 8, 3]
[2, 0, 4, 2, 4, 5, 4, 9, 7, 11, 2]
[2, 3, 0, 3, 3, 7, 5, 7, 10, 7, 3, 11]
[2, 0, 2, 3, 2, 5, 2, 7, 8, 9]
[4, 4, 4, 0, 4, 4]
[2, 0, 2, 5, 2, 5, 5]
[0, 1, 2, 1]
[2, 0, 4, 2, 4, 7, 5, 4, 8, 11, 2]
[2, 0, 2, 6, 6, 2, 6, 7, 8, 11, 8, 6, 12, 13, 12, 17, 15]
[3, 3, 0, 5, 3, 5, 8, 6, 8, 8, 10, 8, 12, 13]
[0, 1, 4, 1, 6, 4, 4, 7, 10, 8, 7, 14, 14, 11, 4, 4, 16, 19, 17]
[4, 3, 4, 0, 4, 7, 5, 4, 8, 9, 8, 11]
[3, 3, 0, 5, 3, 5, 8, 6, 8, 11, 9]
[2, 5, 5, 5, 0, 5, 9, 9, 6]
[0, 1, 2, 1]
[2, 0, 4, 2, 4, 7, 5, 4, 10, 8, 4, 4, 12, 15, 13]
[3, 3, 0, 3, 4, 5, 6, 7, 6, 9]
[2, 4, 4, 0, 8, 8, 8, 4, 4]
[2, 0, 8, 8, 8, 8, 8, 2, 2, 11, 9, 9, 12]
[0, 1, 6, 6, 6, 1, 6, 7, 6, 9]
[2, 0, 2, 3, 4, 5, 4, 7, 2, 11, 12, 9]
[2, 0, 2, 3, 2, 5, 2, 7]
[5, 5, 5, 5, 0, 7, 5, 7, 8]
[0, 4, 4, 1]
[3, 3, 0, 3, 3, 7, 5, 7, 11, 11, 8, 11, 14, 11]
[2, 4, 4, 0, 4, 5, 5, 5, 10, 8]
[0, 1, 4, 1, 4, 5, 4, 9, 7]
[3, 3, 0, 3, 3, 5, 9, 9, 6, 9, 12, 10, 12, 9, 14, 9, 18, 16, 18, 18]
[0, 1, 1, 5, 3, 5, 9, 9, 6]
[5, 5, 5, 5, 0, 5, 8, 6, 8]
[3, 3, 0, 5, 3, 7, 5, 7, 8, 8, 10, 7]
[5, 5, 5, 5, 0, 5, 8, 6, 5, 9, 5, 11]
[4, 4, 4, 0, 4, 8, 8, 5]
[0, 1, 2, 3, 4, 3, 6]
[0, 1, 2, 1, 7, 7, 4, 10, 10, 1]
[4, 4, 4, 0, 4, 5, 5, 7]
[3, 3, 0, 3, 6, 4]
[3, 3, 0, 5, 3, 5, 6, 7, 8, 9, 9, 9, 14, 12]
[0, 1, 4, 1, 4, 5, 5, 5, 10, 8]
[0, 1, 5, 5, 2, 1, 8, 6, 1, 12, 12, 9]
[2, 4, 4, 0, 7, 7, 4, 7, 8, 11, 9, 7, 14, 12]
[8, 1, 2, 3, 4, 8, 8, 0, 8]
[2, 6, 6, 6, 6, 0, 6, 7, 6, 11, 9]
[0, 1, 5, 5, 1, 1]
[3, 3, 0, 5, 3, 5, 6, 5, 10, 8]
[9, 3, 1, 3, 4, 9, 9, 9, 0, 9, 10, 13, 11, 15, 13, 15, 15]
[2, 3, 0, 3, 4, 7, 5, 4, 8, 4, 10, 11, 12]
[2, 7, 7, 7, 7, 7, 0, 7, 12, 12, 12, 8]
[4, 4, 4, 0, 6, 4, 8, 6, 10, 8, 12, 10, 12, 15, 13, 15]
[2, 0, 2, 3, 2, 7, 5, 7]
[2, 0, 4, 2, 4, 5, 8, 4, 8, 9, 8, 8, 12, 12, 16, 14]
[2, 0, 2, 3, 2, 5, 5, 7, 2, 9, 2, 11]
[4, 4, 4, 0, 4, 5, 6, 7, 6, 11, 9]
[0, 1, 2]
[2, 3, 5, 5, 0, 5, 6, 7, 8]
[4, 4, 4, 0]
[5, 5, 5, 5, 0, 5, 5, 7, 10, 8, 7, 11]
[6, 6, 5, 5, 6, 0, 6]
[4, 4, 4, 0]
[0, 3, 1, 5, 1, 5, 6, 1, 10, 8, 10, 13, 10, 10, 14]
[0, 1, 1, 3, 7, 7, 4, 7, 12, 12, 12, 7]
[5, 1, 2, 5, 0, 8, 8, 9, 5]
[6, 6, 6, 5, 6, 0, 6, 7, 6]
[2, 0, 4, 2, 4, 5, 4, 4, 8, 9, 10, 11, 12, 12, 2, 2, 18, 16]
[2, 4, 4, 0, 4, 4, 8, 6, 4, 4]
[2, 3, 5, 5, 0, 5, 6, 7, 8, 7, 12, 10, 15, 15, 7, 15, 18, 16]
[8, 1, 2, 3, 7, 7, 8, 0, 8, 11, 9, 8, 14, 12]
[0, 1, 5, 5, 1, 5, 8, 6, 5, 9, 5, 13, 11]
[0, 1, 2, 2, 4, 2, 6]
[0, 1, 1, 1, 1, 7, 5, 5, 8]
[0, 1, 5, 5, 1, 5, 6, 5, 11, 11, 8]
[0, 1]
[3, 3, 0]
[6, 6, 6, 6, 6, 0, 6, 7, 6, 11, 9]
[6, 6, 6, 6, 6, 0, 6, 11, 11, 11, 7, 16, 16, 16, 16, 11, 16, 16]
[6, 6, 6, 6, 6, 0, 6, 7, 6, 9]
[0, 1, 4, 1, 4, 7, 5, 7, 8, 9, 9, 4, 14, 12, 1]
[2, 0, 2, 3, 2, 5, 6, 7, 8, 8]
[2, 0, 2, 2]
[0, 1, 2, 3, 2, 8, 8, 5]
[2, 3, 0, 3]
[2, 0, 4, 2, 4, 5, 6, 9, 7, 9, 12, 10, 12, 15, 13]
[2, 0, 2, 6, 6, 3, 2, 7, 2]
[0, 1, 5, 5, 2, 1, 6]
[0, 1, 8, 8, 8, 8, 8, 1, 8]
[4, 4, 4, 0, 4, 5, 6, 7, 6, 9, 12, 6]
[5, 5, 5, 5, 0, 5, 6, 7, 8]
[0, 1, 4, 1, 4, 5, 4, 7, 4, 9]
[2, 0, 2, 3, 4, 4, 2]
[2, 0, 2, 2, 4, 7, 5, 4, 11, 11, 4]
[0, 1, 5, 5, 1, 5, 6, 5, 8, 5, 12, 5, 16, 16, 16, 12]
[0, 3, 10, 3, 7, 7, 10, 10, 10, 1, 10]
[5, 5, 5, 5, 9, 7, 9, 9, 0, 9, 10, 11]
[0, 1, 2, 1, 6, 4]
[0, 1, 4, 1, 4, 7, 5]
[0, 1, 4, 1, 4, 7, 5, 4, 10, 8]
[0, 1, 4, 1, 4, 5, 4, 7]
[2, 0, 2, 3, 2, 7, 5]
[2, 3, 5, 5, 0, 5, 5, 10, 10, 7]
[3, 3, 0, 3, 3, 9, 9, 9, 5, 5, 10, 10, 12]
[0, 1, 1, 3, 4, 3, 6]
[3, 3, 0, 3, 6, 4, 3, 7]
[2, 10, 2, 3, 4, 4, 2, 7, 8, 0, 14, 14, 14, 10]
[2, 0, 4, 2, 4, 8, 8, 5, 4, 9, 2, 11]
[7, 7, 5, 5, 2, 7, 0, 9, 7, 9, 10, 9, 12, 15, 9, 15, 16]
[3, 3, 0, 6, 6, 3, 6, 10, 10, 7]
[3, 3, 0, 3, 6, 4, 3, 9, 11, 11, 12, 7]
[2, 5, 2, 3, 0, 5, 6, 5, 10, 8, 5, 11, 5]
[0, 1, 4, 1, 4, 5, 4, 4, 10, 8, 4, 13, 11]
[2, 0, 2, 6, 6, 2, 8, 6, 10, 8, 10, 11, 12, 13, 10, 17, 15, 17]
[3, 3, 4, 0, 6, 4]
[2, 0, 2, 3, 2, 5, 2]
[0, 3, 1, 3, 6, 4, 3, 9, 7, 3, 3, 14, 14, 11]
[2, 0, 4, 2, 4, 5, 6, 4, 8, 4, 10, 13, 11, 11]
[0, 1, 2, 7, 7, 7, 3]
[3, 3, 0, 6, 6, 3, 6, 7, 10, 8, 6, 13, 11, 13, 14, 13]
[2, 0, 2, 5, 3, 2, 6]
[4, 4, 4, 0, 4, 5, 4, 7, 4, 11, 9]
[2, 0, 2, 3, 4, 7, 5, 4, 8, 9, 12, 2, 14, 12, 14, 15]
[3, 3, 0, 5, 3, 5, 6, 5, 8, 5, 10]
[3, 3, 0, 3, 7, 7, 9, 9, 3, 9, 10, 9, 12, 15, 13]
[3, 3, 0, 3, 6, 4, 3, 7, 3, 11, 9, 11, 12, 3]
[2, 6, 6, 6, 6, 0]
[2, 0, 4, 2, 4, 5, 4, 9, 7, 4, 10, 14, 14, 11]
[2, 0, 4, 2, 6, 4, 6, 7]
[2, 0, 5, 5, 2, 5, 8, 6, 5, 11, 9]
[4, 4, 4, 0, 4, 8, 8, 5, 8, 9, 12, 10, 12, 15, 13]
[3, 3, 0, 5, 3, 5, 6, 7, 6, 11, 9, 6, 16, 16, 16, 12]
[0, 1, 4, 1, 4, 7, 5, 4, 8, 4, 10]
[2, 0, 5, 5, 2, 5, 9, 9, 6, 5, 5]
[2, 0, 4, 2, 4, 7, 5, 4, 8, 11, 4, 11, 14, 4, 14]
[4, 4, 4, 0]
[4, 4, 4, 0, 4, 4, 4, 7, 8]
[0, 1, 4, 2]
[4, 4, 4, 0, 4, 4, 6, 10, 10, 7, 10, 13, 11, 15, 10, 15, 20, 20, 20, 16, 20, 21]
[0, 1, 6, 6, 6, 1, 6, 9, 7, 9]
[3, 3, 0, 6, 6, 3, 3]
[2, 0, 4, 2, 2, 5, 6, 2, 10, 8, 8, 11, 8, 15, 13]
[3, 3, 0]
[2, 0, 2, 5, 3]
[2, 3, 0, 3, 4, 5, 3]
[0, 3, 1, 3, 1, 1, 8, 6, 6, 9, 10]
[0, 1, 4, 1, 4, 5, 6, 7, 8, 8, 12, 6, 12, 15, 13]
[2, 0, 4, 2, 6, 4, 6, 7, 6, 9, 2, 13, 2, 15, 13, 15, 18, 16]
[0, 1, 4, 1, 4, 5, 4, 9, 7, 4, 13, 13, 10]
[2, 0, 4, 2, 4, 5, 4, 7, 4, 9]
[2, 0, 2, 3, 2, 2]
[8, 4, 4, 1, 8, 8, 8, 0]
[0, 3, 1, 5, 3, 5, 6, 5, 8, 12, 12, 5, 5, 13, 14]
[2, 0, 4, 2, 4, 9, 9, 9, 4]
[0, 1, 1]
[5, 5, 5, 5, 0, 5, 6, 5]
[5, 5, 5, 5, 0, 5]
[2, 0, 2, 3, 2, 7, 5]
[5, 5, 5, 5, 0, 5, 6, 5, 8, 11, 5]
[2, 0, 2, 3, 2, 7, 5]
[0, 4, 4, 1, 4, 7, 5]
[0]
[3, 3, 0, 3, 6, 3, 6, 7, 6, 9, 6, 6, 15, 15, 12, 3]
[5, 1, 2, 5, 0, 7, 5, 7, 8, 7, 10, 7, 15, 15, 12, 15, 18, 16]
[2, 0, 2, 5, 3, 2, 8, 9, 6]
[4, 4, 4, 0, 4, 8, 8, 5, 4, 9, 4]
[3, 3, 0, 5, 3, 5, 8, 6, 8, 8, 12, 10, 12, 5, 16, 14]
[5, 5, 5, 5, 0, 5, 9, 9, 5]
[4, 4, 4, 0, 4, 5, 6, 6, 11, 11, 8]
[3, 1, 0, 3, 4, 8, 8, 5]
[0, 1, 5, 5, 2]
[2, 3, 7, 7, 6, 7, 0, 7, 12, 12, 12, 8]
[2, 0, 2, 3, 6, 4, 6, 11, 11, 11, 7, 11, 11]
[5, 5, 5, 5, 0, 7, 5, 9, 7, 9, 10, 5, 12]
[3, 3, 0, 5, 3, 7, 8, 5, 8, 9, 10, 11]
[0, 1, 4, 1, 4, 7, 5, 7, 8, 11, 4, 11]
[4, 4, 4, 0, 4, 5, 4, 7, 4, 9]
[2, 0, 2, 3, 2, 5, 9, 9, 2, 9, 10]
[0, 1, 2, 1, 4, 1, 6, 7, 7, 11, 7]
[2, 0, 2, 3, 6, 4, 3, 7]
[4, 4, 4, 0, 4, 5, 4, 7]
[5, 5, 5, 5, 0, 5, 6, 7, 8, 7, 10]
[0, 3, 1, 3, 3, 7, 5, 1, 10, 8, 1, 11, 14, 12, 23, 23, 18, 22, 22, 22, 22, 23, 14]
[0, 1]
[3, 3, 0, 5, 3, 8, 8, 5, 8, 11, 9, 8, 12, 17, 17, 17, 5]
[3, 3, 0, 3, 7, 7, 4, 9, 3, 11, 3, 11]
[0, 1, 1, 3, 4, 12, 12, 12, 12, 12, 12, 1, 12, 13]
[0, 1, 4, 2, 1, 8, 8, 9, 5]
[3, 3, 0, 6, 6, 3, 6, 7, 6, 9, 10, 13, 9, 9, 9, 15, 20, 20, 20, 16]
[2, 0, 2, 3, 6, 4, 6, 6]
[6, 6, 6, 6, 6, 0, 6, 10, 8, 13, 13, 13, 7]
[5, 5, 5, 5, 0, 5, 8, 6, 11, 11, 5, 11, 12]
[0, 1, 2, 3, 1]
[4, 4, 4, 0, 6, 4, 8, 6, 8, 9, 6]
[2, 0, 4, 2, 4, 5, 4, 9, 7, 2, 12, 10]
[0, 1, 4, 1, 4, 5, 4, 10, 10, 7, 10, 14, 14, 10]
[5, 5, 5, 5, 0, 5, 8, 6]
[3, 3, 0, 3, 4, 3, 8, 6]
[2, 3, 5, 5, 0, 5, 5, 9, 7]
[3, 3, 0, 3, 7, 7, 3, 7, 8, 7, 12, 10]
[2, 0, 2, 3, 4, 3, 6]
[2, 5, 5, 5, 7, 7, 0, 7, 8]
[0, 1, 4, 1, 4, 5, 4, 9, 7, 4, 10]
[2, 0, 5, 5, 2, 5, 6, 10, 10, 2, 10]
[0, 1, 2, 1, 4]
[4, 4, 4, 0, 4, 9, 9, 9, 5, 9, 12, 10]
[5, 5, 5, 5, 0, 8, 8, 5, 8]
[0, 1, 4, 1, 4, 7, 5]
[4, 4, 4, 0, 4, 5, 6, 7, 4]
[2, 0, 2, 3, 4, 5, 8, 6, 6, 11, 9, 6, 6, 13, 14]
[6, 6, 6, 6, 6, 0, 6, 7]
[0, 1, 5, 5, 1, 5, 10, 10, 10, 6, 12, 5, 12, 12, 14, 14, 14]
[2, 0, 2, 5, 3, 9, 9, 9, 2, 9, 10, 9, 12]
[0, 1]
[2, 0, 2, 3, 4, 7, 4, 2, 8]
[3, 3, 6, 6, 6, 0]
[2, 0, 4, 2, 2, 2, 8, 6]
[3, 3, 0, 5, 3, 5, 6, 5, 10, 8, 5, 13, 11, 13, 14, 14]
[2, 0, 6, 6, 6, 2, 6, 7, 10, 2, 10, 11, 12]
[2, 0, 4, 2, 2, 5, 6, 7]
[3, 3, 0, 3, 4, 7, 5, 7]
[3, 3, 0, 5, 3, 5, 6, 7, 5, 11, 9, 13, 5, 5, 16, 5, 16, 20, 20, 17, 16, 3]
[2, 3, 0, 3, 4, 8, 8, 5, 4, 11, 9]
[0, 1, 4, 5, 1, 1]
[0, 1, 6, 6, 6, 1, 6, 7, 7, 11, 9]
[3, 3, 0, 3, 4, 3, 6]
[5, 5, 5, 5, 0, 5, 8, 6]
[5, 5, 5, 5, 0, 5, 8, 6]
[4, 4, 4, 0, 4, 7, 5, 7, 7]
[2, 0, 2, 3]
[0, 5, 5, 5, 1, 5, 5, 13, 13, 13, 13, 13, 7]
[0, 1, 2, 1, 6, 4]
[3, 3, 0, 3, 6, 4]
[0, 1, 1, 3, 6, 4, 3, 7]
[0, 1, 6, 6, 6, 1, 6, 9, 7]
[2, 3, 0, 8, 8, 8, 8, 3, 8, 12, 12, 8, 8, 15, 13, 15]
[2, 0, 4, 2, 4, 5, 8, 5, 11, 11, 2, 14, 14, 11, 14]
[5, 5, 5, 5, 0, 5, 6, 7, 6, 9]
[2, 0, 2, 5, 2, 5, 8, 6, 5, 9, 5, 11]
[2, 0, 4, 2, 4, 7, 5, 4, 8, 4, 10, 4, 14, 12, 4, 4, 19, 19, 4]
[5, 5, 5, 5, 7, 7, 0, 7, 8, 7, 10, 13, 7, 13, 18, 18, 18, 14, 13, 19]
[2, 0, 4, 2, 4, 5, 4, 7, 4, 11, 9, 13, 11]
[3, 3, 0]
[2, 0, 2, 3, 7, 7, 4, 7, 8, 7, 10]
[2, 3, 7, 3, 6, 4, 0, 9, 7, 9, 9, 11]
[0, 1, 2, 1, 4, 7, 1]
[3, 3, 0, 3, 6, 4]
[0, 1, 1, 7, 7, 7, 3, 7, 8]
[3, 3, 0, 6, 6, 3]
[3, 3, 0, 3, 4]
[5, 5, 5, 5, 0, 5, 9, 9, 6, 5, 10, 11, 12, 13, 13]
[4, 4, 4, 0, 4, 4, 8, 6]
[0, 1, 5, 5, 1, 5, 8, 6]
[0, 1, 2, 1, 6, 4, 1, 7]
[5, 5, 5, 5, 0, 7, 5, 7]
[3, 3, 0, 6, 6, 3, 6, 3, 11, 11, 8, 3, 12]
[13, 1, 5, 5, 2, 5, 6, 7, 13, 13, 12, 10, 0, 13]
[0, 1, 5, 5, 1, 5, 6, 6, 8]
[3, 3, 0, 3, 3, 5, 8, 6, 3, 9, 10, 13, 10, 3]
[4, 4, 4, 0, 4, 5, 4, 7]
[2, 0, 2, 6, 6, 3, 6, 7, 8, 9, 14, 14, 14, 2, 14, 15, 18, 2, 20, 18, 25, 25, 22, 22, 20]
[2, 0, 2]
[2, 0, 2, 5, 2, 5, 8, 6, 5, 11, 9, 11, 14, 11]
[3, 3, 0, 3, 4]
[0, 1, 2, 1, 6, 4, 1, 10, 10, 7, 10, 11]
[3, 3, 0, 5, 3, 5, 6, 9, 7, 9]
[2, 0, 2, 3, 2, 7, 5, 9, 2]
[3, 3, 0, 3, 6, 3, 6, 7, 6, 9]
[0, 4, 4, 7, 4, 7, 1]
[3, 3, 0, 5, 3, 5, 6, 5, 8, 5, 12, 10]
[4, 1, 4, 0, 4, 7, 5, 4, 8, 4, 12, 10]
[7, 7, 7, 5, 7, 7, 0, 7, 8]
[6, 3, 6, 6, 6, 0, 6, 7, 8, 7, 13, 13, 10]
[3, 3, 0, 5, 3, 5, 6, 5, 8]
[2, 0, 4, 2, 4, 7, 5, 4, 8, 11, 4, 11, 12, 15, 13]
[3, 3, 0, 5, 3, 5, 8, 6, 5, 11, 9, 11, 12, 15, 13, 13, 20, 20, 20, 3]
[2, 0, 2, 5, 3, 2, 6, 6, 8, 9, 8, 11, 12]
[3, 3, 0, 5, 3, 5, 6, 5, 5, 9, 5, 11, 12, 3]
[0, 1, 4, 1, 4, 7, 5, 4, 11, 11, 8, 13, 4, 13]
[0, 1, 6, 6, 6, 1, 6, 7, 6, 9]
[4, 4, 4, 0, 4, 7, 5, 4, 10, 8, 12, 4, 12, 13, 14]
[2, 0, 2, 5, 3, 2, 8, 6, 8, 11, 8]
[2, 8, 2, 5, 3, 8, 8, 0, 8, 9, 8, 11]
[4, 4, 4, 0, 4, 9, 9, 9, 4, 9, 10, 9, 12, 4]
[3, 3, 0, 5, 3, 5, 6, 5, 8, 5, 10, 13, 11]
[4, 3, 4, 0, 4, 5, 8, 6, 4, 9, 10]
[0, 1, 4, 1, 4, 7, 5, 4, 8]
[8, 8, 8, 8, 8, 8, 8, 0]
[0, 1, 1, 3, 1, 1]
[0, 4, 4, 1, 4, 5, 4, 9, 7]
[3, 3, 0]
[3, 3, 0, 5, 3, 5, 6, 5, 11, 11, 8, 13, 3]
[5, 5, 5, 5, 0, 5, 9, 9, 6, 5, 12, 10, 12, 13]
[2, 0, 2, 3, 4, 4, 9, 9, 4, 2, 14, 14, 14, 10]
[3, 3, 0, 3, 8, 8, 8, 4]
[3, 3, 0, 5, 3, 7, 5, 7, 8, 9, 10, 11, 14, 11, 5, 18, 18, 15, 18, 22, 22, 19, 22, 23]
[2, 0, 4, 2, 4, 8, 8, 5, 4, 9, 2]
[4, 4, 4, 0, 4, 5, 6, 4, 8, 11, 4]
[3, 3, 0, 3, 4, 5, 6, 9, 7, 6, 13, 13, 10]
[2, 0, 4, 2, 4, 5, 4, 9, 7, 11, 4, 11, 14, 12, 11, 17, 15]
[0, 1, 1, 1, 9, 9, 9, 9, 4]
[4, 4, 4, 0]
[2, 0, 2, 3, 2, 5, 2, 7, 8, 8]
[0, 3, 1, 3, 6, 9, 6, 6, 4, 11, 9, 11, 12, 13, 16, 14]
[0, 1, 2, 3, 4, 3, 6]
[3, 3, 0, 3, 7, 7, 4, 7, 8]
[0, 1, 4, 1, 4, 5, 4, 10, 10, 7, 10, 10]
[6, 6, 6, 6, 6, 0, 6, 7]
[4, 4, 4, 0, 4, 8, 8, 5, 4, 12, 12, 9]
[0, 1, 2, 3, 1, 5, 1, 9, 7, 9, 12, 9]
[2, 0, 4, 2, 4]
[0, 1, 4, 1, 4, 7, 5, 4, 8, 4, 10, 4, 4, 13, 16, 14]
[3, 3, 0, 5, 3, 5, 6, 7, 3]
[2, 0, 2, 7, 7, 7, 3, 7, 8, 2]
[0, 1, 2]
[2, 0, 4, 2, 2, 5, 2, 7]
[2, 3, 0, 3, 4, 3, 6]
[2, 0, 2, 5, 3, 2, 8, 6, 2, 11, 9, 11, 11, 13]
[5, 5, 4, 5, 0]
[2, 0, 2, 3]
[0, 1, 5, 5, 2]
[0, 3, 1, 3, 6, 4, 6]
[0, 3, 1, 3, 4, 3, 6, 10, 10, 3]
[2, 0, 2, 5, 3, 5, 8, 5]
[2, 0, 4, 2, 4, 5, 8, 6, 2]
[2, 0, 6, 5, 6, 2, 6, 7, 6, 9, 12, 6, 14, 12]
[5, 5, 5, 5, 0, 5, 8, 6, 8, 12, 12, 9]
[2, 0, 2, 3, 4, 5, 4, 7]
[2, 0, 2, 3, 2]
[0, 1, 2, 1, 6, 4, 8, 1]
[3, 3, 0, 3, 4, 5, 10, 10, 10, 6, 6, 13, 11, 13]
[5, 5, 5, 5, 0]
[2, 0]
[0, 1, 2, 6, 6, 3]
[0, 1, 1, 3, 6, 4]
[2, 0, 2, 3, 4, 3, 6, 2]
[0, 3, 1, 3, 1]
[2, 3, 0, 3, 4, 8, 8, 3]
[0, 1, 2, 1, 4]
[3, 3, 0, 5, 3, 7, 5, 7, 8, 9, 9, 5, 12, 5, 16, 14, 22, 19, 22, 22, 22, 5, 22]
[0, 1, 4, 8, 4, 7, 5, 1, 8, 9, 9, 11]
[0, 1, 6, 6, 6, 1, 6, 7, 6, 11, 9]
[0, 1, 1, 3, 4, 3, 6]
[0, 1, 2, 1, 4]
[0, 1, 4, 2, 1, 7, 8, 1, 8, 9, 10, 8, 12]
[3, 3, 0, 3, 7, 7, 3, 7, 10, 8, 8, 11, 14, 7, 14, 15]
[0, 1, 4, 1, 4, 7, 5, 7, 10, 8]
[2, 0, 2, 3, 4, 4, 2]
[4, 4, 4, 0, 4, 5, 4, 9, 7]
[4, 4, 4, 0, 4, 5]
[0, 1, 1, 1, 6, 4, 8, 1]
[3, 3, 0, 5, 3, 7, 5, 7, 11, 11, 8, 11, 12, 15, 13, 12, 18, 16]
[2, 4, 4, 0, 6, 4, 4, 7, 4, 12, 12, 9]
[5, 5, 5, 5, 0, 5]
[0, 1, 6, 6, 6, 1, 6, 7, 7, 9]
[2, 3, 0, 6, 6, 3, 6, 7, 6, 11, 9]
[4, 4, 4, 0, 4, 5, 4, 7]
[0, 1, 4, 6, 6, 1, 6, 7]
[3, 3, 4, 0, 4]
[4, 4, 4, 0, 4, 8, 8, 5]
[0, 1, 4, 10, 6, 4, 6, 7, 10, 1, 14, 14, 14, 10]
[3, 3, 0, 6, 6, 3, 6, 9, 7, 9, 9, 13, 6, 13, 16, 14, 13, 13, 20, 18, 20, 3]
[2, 0, 9, 9, 4, 5, 4, 7, 2, 9, 2]
[0, 1, 4, 1, 4, 5]
[0, 3, 4, 1, 4, 5, 4, 7, 8, 7, 12, 7, 12, 15, 13, 12, 16]
[0, 4, 4, 1, 7, 7, 4, 9, 11, 11, 7, 11, 12, 11, 14]
[0, 1, 4, 1, 4, 5]
[2, 3, 0, 5, 3, 5, 8, 6]
[0, 1, 5, 5, 1, 5, 6, 5, 8]
[2, 0, 2, 5, 3, 5]
[5, 5, 5, 5, 0, 5, 8, 6, 8, 8, 5, 11, 14, 12, 14, 15]
[0, 1, 5, 3, 16, 5, 6, 5, 12, 12, 12, 8, 16, 16, 16, 1, 1]
[5, 4, 4, 5, 0, 5, 6]
[5, 5, 5, 5, 0, 5, 8, 6, 5, 9]
[2, 0, 2, 3, 6, 4]
[2, 0, 4, 2, 4, 7, 5]
[0, 1, 6, 5, 6, 1, 6, 7, 7, 9, 7, 13, 15, 15, 11]
[4, 3, 4, 0, 4, 5, 4, 9, 7, 4]
[3, 3, 0, 3, 8, 5, 8, 4, 8, 9, 10]
[7, 7, 7, 7, 7, 7, 0, 7, 12, 12, 12, 8, 7, 15, 13]
[2, 3, 0, 3, 3, 5, 3, 7, 8, 8, 8, 11]
[0, 1, 6, 6, 6, 1, 6, 7, 8, 12, 12, 8]
[3, 3, 0, 5, 3, 5, 6, 5, 8, 5, 10, 11, 14, 12, 11, 17, 15]
[3, 3, 0, 3, 6, 3, 6, 6, 6, 11, 9, 6, 16, 16, 16, 12]
[6, 6, 6, 6, 6, 0, 6, 9, 7, 9, 12, 10]
[2, 0, 4, 2, 4, 5, 8, 2, 8, 12, 12, 8]
[2, 0, 2, 2]
[2, 6, 2, 3, 6, 0, 6, 9, 7, 9, 10, 11, 10, 13]
[0, 1, 7, 5, 7, 7, 1, 7, 10, 8]
[2, 0, 4, 2, 4, 5, 6, 5, 8]
[0, 1, 4, 1, 4, 5, 4, 7, 4, 9]
[0, 1, 2, 3, 6, 4, 6, 6, 1, 9, 10]
[4, 4, 4, 0, 4, 5, 6]
[3, 1, 0, 3, 4, 7, 4]
[2, 0, 2, 6, 6, 3, 2, 7, 8, 2]
[2, 0, 4, 2, 4, 5, 4, 7]
[0, 1, 4, 1, 4, 7, 5, 4, 8]
[0, 1, 2, 5, 2]
[0, 4, 4, 1, 4, 5, 6, 6, 4, 9, 10, 10, 4, 15, 13]
[2, 8, 2, 3, 2, 7, 5, 0, 8, 9]
[0, 1, 1, 3, 4, 3, 6]
[0, 1, 1, 6, 6, 3]
[0, 1, 6, 6, 6, 1]
[3, 3, 0, 6, 6, 3, 6, 7, 6, 11, 9]
[0, 3, 1, 3, 4, 3, 6]
[4, 1, 1, 0, 7, 7, 4]
[2, 0, 6, 6, 6, 2, 6, 9, 7, 9, 12, 10, 6, 13, 14, 15]
[0, 1, 4, 1, 4, 7, 5, 4, 8, 4, 10]
[2, 0, 2, 3, 2, 7, 5, 2, 8, 9, 12, 10, 2, 15, 13]
[2, 0, 2, 3, 2, 5]
[2, 0, 4, 2, 4, 5, 4, 7, 4, 9, 10, 4, 12, 15, 13]
[5, 5, 5, 5, 0, 5, 6, 7, 7, 5, 10, 5, 5]
[2, 6, 2, 3, 6, 0]
[4, 4, 4, 0, 4, 5, 6, 7, 8, 4]
[2, 0, 2, 5, 3, 2, 6, 2, 8]
[0, 5, 5, 5, 1, 5, 6, 1, 10, 11, 1, 11, 11, 19, 19, 19, 19, 19, 11, 19, 23, 23, 20, 23, 24, 19, 19, 27, 28, 27, 33, 33, 30]
[2, 0, 2, 3, 2, 7, 5, 7]
[5, 5, 5, 5, 0, 5, 10, 10, 10, 6]
[2, 3, 0, 6, 6, 3, 6, 7, 7, 9, 10, 9, 12, 13]
[3, 3, 0, 5, 3, 7, 5, 7, 11, 11, 8, 7, 12, 13, 12, 18, 18, 15, 20, 5]
[3, 3, 4, 0, 4]
[4, 3, 4, 0, 4, 5, 4, 7]
[0, 1, 6, 6, 6, 1, 6, 9, 7]
[0, 4, 4, 1, 4, 8, 8, 5, 4, 9]
[0, 1, 4, 1, 4, 4, 8, 6, 8, 11, 8]
[2, 0, 2, 5, 3, 2, 6, 2, 10, 8, 12, 2, 14, 12, 14, 14, 16]
[3, 1, 0, 3, 4, 7, 5, 3, 11, 11, 8, 11, 14, 12]
[2, 6, 6, 6, 6, 0, 6, 7, 6, 9, 6, 11, 12, 12]
[2, 0, 2]
[2, 0, 2, 3, 7, 7, 4, 7, 10, 8, 7, 11, 7, 13]
[2, 0, 5, 5, 2, 5, 6, 5, 10, 8, 5, 11, 12]
[3, 3, 0, 5, 3, 5, 6, 5, 8]
[6, 3, 6, 5, 6, 0, 8, 6, 8, 11, 9]
[4, 3, 1, 0, 6, 4]
[0, 1, 8, 5, 7, 7, 8, 1, 1, 9, 10, 11, 10, 13]
[3, 3, 0, 3, 4, 5, 6, 9, 7, 6, 12, 10, 6, 13, 14]
[7, 3, 7, 3, 6, 4, 0, 7, 10, 8]
[5, 5, 5, 5, 0, 5, 6, 5, 10, 8, 12, 5]
[4, 4, 4, 0, 8, 8, 8, 4, 10, 8, 8, 8]
[7, 1, 2, 3, 2, 5, 0, 7, 7, 9]
[2, 0, 5, 5, 2, 5, 6, 5]
[0, 4, 4, 1, 4, 4]
[4, 4, 4, 0, 4, 4, 6, 4, 10, 8]
[3, 3, 0, 3, 4, 4, 8, 6, 4, 11, 9]
[3, 3, 0, 5, 3, 7, 5, 7, 8, 7, 10]
[0, 4, 4, 1, 6, 1]
[2, 0, 4, 2, 9, 7, 9, 9, 4, 9, 9, 11, 11, 13]
[8, 8, 8, 5, 8, 7, 8, 0, 8, 9, 10, 10]
[0, 1, 4, 1, 4, 5]
[2, 0, 4, 2, 7, 7, 4, 7, 8, 4, 13, 13, 10, 13, 16, 14, 13, 19, 17]
[3, 3, 0, 5, 3, 5, 9, 9, 6, 9, 14, 14, 14, 10, 5, 17, 15, 5, 18, 21, 19]
[2, 0, 2, 3]
[3, 3, 0, 3, 3, 5, 3, 3, 8]
[3, 3, 0, 5, 3, 5, 8, 6, 5, 12, 12, 9, 12, 15, 13, 15]
[6, 6, 6, 5, 6, 0, 6, 10, 10, 7]
[2, 7, 2, 5, 3, 7, 0, 7, 11, 11, 8, 7]
[2, 0, 2, 2, 2, 8, 8, 5, 2, 9]
[2, 0, 4, 2, 4, 7, 5, 9, 7]
[3, 3, 0, 3, 4, 5, 6, 5, 10, 8]
[2, 0, 2, 6, 6, 3, 6, 9, 7]
[6, 6, 6, 6, 6, 0, 6, 7, 10, 8]
[0, 1, 4, 1, 4, 5, 4, 7]
[0, 1, 4, 1, 4, 5, 4, 7]
[2, 0, 6, 6, 6, 2]
[3, 3, 0, 3, 6, 3, 6, 7, 8, 12, 12, 8, 6, 13, 6, 15]
[0, 1, 4, 1, 4, 7, 5]
[4, 4, 4, 0, 4, 5, 6, 5, 8]
[2, 0, 4, 2, 4, 5, 4, 9, 7, 2]
[0, 1, 4, 1, 4, 7, 5]
[2, 4, 2, 0, 4, 7, 5, 4, 8, 9, 9]
[2, 3, 0, 3, 4, 4, 3, 7, 10, 8, 10]
[0, 1, 4, 1, 4, 7, 5, 4, 8, 12, 10, 4, 12, 15, 13]
[2, 0]
[0, 1, 4, 2, 1, 5, 5, 5, 8]
[6, 6, 6, 6, 6, 0, 6, 7]
[2, 0, 2, 3, 2, 5]
[0, 1, 4, 1, 4, 7, 5]
[2, 0, 2, 3, 4, 5, 4, 7, 3, 9, 10, 11, 9, 15, 13]
[2, 0, 4, 2]
[3, 3, 0]
[2, 0, 2, 5, 2, 5, 6, 5, 8, 5, 10]
[2, 0, 2, 3, 2, 7, 5, 2, 10, 8, 2, 11, 12, 2, 16, 14]
[2, 0, 4, 2, 4, 5, 4, 9, 7, 4, 4, 13, 11, 13, 14, 18, 18, 4]
[0, 1, 4, 1, 4, 5, 4, 7, 10, 4, 10, 10, 12, 13, 16, 14, 13, 17]
[0, 4, 4, 1, 6, 4, 9, 9, 6, 9]
[6, 6, 6, 6, 6, 0, 6, 9, 7]
[6, 6, 6, 6, 6, 0, 6, 7, 8, 8]
[4, 4, 4, 0, 4, 5, 4, 7]
[3, 3, 9, 5, 3, 5, 8, 6, 0, 9, 10, 9, 14, 12, 9, 9, 16]
[2, 0, 2, 3, 2, 7, 5, 2, 8, 9, 13, 13, 9]
[3, 3, 0, 3, 4, 7, 5, 7, 10, 8, 3]
[0, 1, 5, 5, 1, 5, 9, 9, 6, 5, 10, 11, 14, 11]
[4, 4, 4, 7, 7, 7, 12, 7, 8, 9, 12, 0, 12, 16, 16, 13]
[5, 1, 5, 5, 0, 5, 6, 9, 7]
[3, 3, 0, 5, 3, 5, 6, 5, 10, 8, 5, 16, 16, 16, 16, 11]
[0, 5, 5, 5, 1, 5, 6, 9, 5, 9, 12, 9, 9, 13, 9, 15, 1]
[0, 1, 1, 3, 6, 4, 3, 7, 3, 11, 9]
[0, 1, 1, 3, 4, 3, 8, 6, 1, 11, 9]
[2, 0, 4, 2, 4, 7, 5, 4, 10, 8]
[3, 3, 4, 0, 4, 5, 9, 9, 6]
[2, 0, 2, 3, 2, 5, 2, 9, 2, 11, 9, 11, 11, 15, 13, 2, 18, 2, 20, 18, 22, 26, 22, 23, 26, 20]
[3, 3, 8, 8, 8, 8, 8, 0]
[0, 1, 2, 3, 4, 3, 8, 6]
[4, 4, 4, 0, 4]
[2, 0, 2, 3, 6, 4, 6, 9, 6, 2, 13, 13, 10, 13, 14, 15, 15]
[2, 3, 0, 3, 4, 3, 6, 3, 10, 8, 10, 11]
[0, 1, 4, 2, 4, 5, 4, 7]
[0, 1, 4, 1, 4, 7, 5, 7, 8, 4, 12, 10]
[0, 1, 1, 3, 4, 5, 3, 9, 7, 1]
[3, 3, 0, 5, 3, 7, 5, 7, 8, 7, 10]
[2, 0, 4, 2, 4, 5, 6, 7, 10, 8, 10]
[5, 3, 5, 5, 0, 5, 6]
[3, 3, 0, 3, 4, 5, 3]
[2, 0, 2, 3, 6, 4, 3]
[0, 1, 1, 3, 4, 3, 6, 3, 12, 12, 12, 13, 8, 3, 14]
[2, 0, 4, 2, 4]
[2, 4, 4, 0, 4, 7, 5, 4, 8, 4, 10]
[4, 4, 4, 5, 11, 5, 8, 6, 5, 9, 0, 11, 12, 11, 11, 17, 15, 17, 17, 19]
[6, 6, 6, 6, 6, 0, 6, 7, 8]
[2, 0, 4, 2, 4, 7, 5, 4, 8, 2]
[0, 1, 2, 1]
[0, 1, 6, 6, 6, 1, 6, 9, 7]
[3, 3, 0, 6, 6, 3, 6, 7, 10, 8]
[3, 3, 0, 3, 3, 3, 8, 6, 6, 11, 9, 11, 15, 15, 12]
[3, 3, 0, 5, 3, 7, 5, 7, 11, 11, 8, 7, 12, 7, 14, 7, 16, 17]
[0, 4, 4, 1, 4, 8, 8, 5]
[2, 0, 2, 5, 2, 5, 6, 5, 8]
[2, 0, 4, 2, 2, 5]
[3, 3, 0, 3, 6, 4]
[0, 1, 4, 1, 4, 5, 8, 6]
[2, 3, 6, 5, 6, 0, 6, 6, 6, 12, 12, 9]
[6, 1, 6, 6, 6, 0, 6, 7, 6, 9, 6, 13, 11]
[2, 3, 0, 3, 4, 5, 5]
[0, 1, 4, 1, 4, 7, 5]
[3, 3, 0, 5, 3, 7, 5, 7, 10, 8]
[0, 1, 2, 5, 3, 2, 8, 6, 2, 9, 1]
[3, 3, 9, 3, 4, 5, 9, 9, 0]
[0, 1, 5, 5, 1, 5, 9, 9, 6, 9, 14, 14, 14, 9, 17, 17, 1, 17, 22, 19, 19, 18]
[8, 8, 8, 5, 8, 8, 8, 12, 8, 11, 9, 0, 12]
[3, 3, 0, 5, 3, 5, 5, 5, 8]
[3, 3, 0, 5, 3, 5, 6, 9, 5]
[5, 5, 5, 5, 0, 5, 9, 9, 6, 9]
[0, 1, 4, 1, 4, 7, 5, 4, 8, 1]
[0, 1, 4, 1, 4, 7, 5, 4, 8, 4, 10]
[0, 3, 1, 3, 7, 7, 4, 3, 8, 3, 10, 3, 15, 15, 12]
[0, 1, 4, 1, 4, 7, 5, 4, 8]
