[7, 7, 5, 5, 7, 5, 0, 7]
[2, 0, 2, 2, 4, 2, 6, 2, 8, 9, 12, 16, 12, 13, 16, 8, 16, 19, 17]
[2, 0, 4, 2, 9, 7, 9, 9, 4, 9, 12, 10, 15, 15, 9, 21, 16, 19, 17, 21, 9, 21, 24, 22, 21, 27, 29, 29, 21, 29, 30, 2]
[3, 3, 0, 5, 3, 5, 6, 7, 8, 7, 10]
[2, 5, 5, 5, 0, 5, 6, 7, 7]
[2, 3, 0, 3, 4, 5, 6, 6]
[0, 3, 1, 1, 1]
[2, 0, 4, 2, 4, 5, 4, 7, 10, 4, 10, 13, 11]
[2, 0, 4, 2, 4, 5, 4, 9, 7]
[0, 1, 4, 1, 4, 5, 4, 7, 4, 9, 10]
[0, 6, 6, 6, 6, 1, 6, 7, 8, 8]
[2, 3, 0, 3, 4, 5, 6, 6]
[0, 1, 5, 5, 1]
[0, 1, 2, 1]
[0, 1, 4, 1, 4, 7, 5, 4, 8, 4, 10, 4, 12]
[0, 1, 6, 3, 3, 1, 6, 7, 6, 9, 6, 13, 11]
[3, 3, 0, 5, 3, 7, 5, 7, 10, 8, 7, 11, 7, 13, 5, 15, 5]
[3, 3, 0, 7, 7, 7, 3, 7, 8, 7, 10, 7, 14, 12]
[0, 1, 4, 1, 4, 5, 8, 4, 8, 9, 10, 10, 10]
[4, 4, 4, 0]
[4, 4, 4, 0, 4, 4, 6, 4, 8, 11, 4, 13, 11, 15, 13, 15, 16, 13, 18, 13, 20, 21, 22, 4]
[4, 4, 4, 0, 4, 7, 5, 7, 7, 4, 12, 10]
[2, 0, 4, 2, 4, 5, 8, 6, 5, 11, 9, 5, 12, 13]
[5, 1, 4, 5, 0, 5, 5, 10, 10, 7, 5, 5, 12, 13]
[0, 1, 2, 1, 4, 1, 8, 6]
[5, 5, 5, 5, 0, 5, 6, 5, 10, 5, 10, 11, 5]
[5, 5, 5, 5, 0, 5, 6, 7]
[0, 1, 4, 1, 4, 8, 8, 5, 4, 11, 9, 13, 4, 13, 14]
[0, 3, 1, 3, 6, 4, 3, 7, 10, 3]
[0, 1, 1, 3]
[0, 1, 4, 1, 4, 5, 4, 7, 4, 9]
[0, 1, 4, 2, 4, 5, 4, 7]
[2, 0, 4, 2, 4, 2, 6, 2, 11, 11, 8]
[2, 3, 0, 3, 4, 3, 6]
[4, 4, 4, 0, 4, 5, 4, 9, 7]
[2, 3, 0, 3, 4, 3, 6]
[2, 0, 4, 2, 4, 5, 4, 9, 7, 4, 10, 4, 15, 15, 12]
[4, 4, 4, 0, 6, 4, 6, 7, 6, 11, 9]
[2, 0, 5, 5, 2, 5, 8, 6, 5, 12, 12, 9]
[3, 3, 5, 5, 0, 5, 9, 9, 6]
[0, 1, 5, 5, 1, 5, 8, 6, 8, 8, 12, 5, 12, 13, 12, 17, 15]
[2, 0, 4, 2, 4, 8, 8, 5, 4, 9, 12, 2, 12]
[0, 1, 4, 1, 4, 5, 4, 9, 7, 9, 13, 13, 9, 4, 16, 14, 4, 17, 20, 4, 20, 24, 24, 21]
[0, 3, 1, 3, 4, 3, 6]
[0, 3, 1, 3, 6, 3, 3, 7, 8, 12, 12, 9, 9, 13, 9, 17, 15]
[0, 1, 4, 1, 6, 4, 6, 6, 6, 6, 10, 11, 10, 16, 16, 13]
[0, 1, 4, 1, 4, 5, 4, 7]
[2, 3, 5, 5, 0, 5, 8, 6, 5, 12, 12, 9]
[2, 0, 2, 5, 3, 5, 6, 5, 8, 5, 12, 10, 12, 15, 13, 2]
[0, 1, 1, 3, 6, 4, 3, 7]
[0, 3, 1, 3, 4, 11, 11, 11, 11, 11, 1]
[2, 0, 4, 2, 4, 5, 6, 5, 8, 11, 5, 11, 12]
[0, 4, 4, 1, 4, 5, 6, 6]
[0, 1, 4, 1, 4, 5, 10, 9, 10, 4]
[0, 1, 4, 1, 4, 5, 4, 7]
[2, 0, 4, 2, 6, 4, 6, 7, 6, 11, 9]
[4, 3, 4, 0, 4, 5, 4, 7]
[0, 3, 1, 3, 8, 8, 8, 4, 8, 9, 8, 11]
[6, 5, 5, 5, 6, 0, 6, 9, 7]
[4, 3, 4, 0, 6, 4, 6, 7, 8, 8]
[0, 1, 1, 3, 4, 3, 8, 6, 3, 9, 12, 10, 14, 9]
[0, 1, 2, 1, 4, 1, 8, 6, 1, 9]
[0, 1, 4, 1, 4, 5, 4, 7, 4, 9, 12, 10, 12, 15, 12]
[0, 1, 1, 5, 3, 5, 6, 5, 11, 11, 8, 5, 12, 13]
[0, 1, 2, 3, 6, 3, 1, 7]
[2, 3, 0, 3]
[2, 0, 2, 3, 2, 5]
[2, 3, 0, 3, 3, 5, 5, 7]
[2, 0, 4, 2, 6, 4, 6, 7, 6, 9]
[4, 4, 4, 0, 4, 5, 4, 7, 4, 12, 12, 9]
[0, 1, 4, 1, 4, 5, 4, 7]
[2, 0, 2, 3, 2, 5, 2, 9, 7, 9, 12, 10]
[2, 0, 4, 2, 4, 7, 5, 4, 10, 8]
[4, 4, 4, 0, 4, 5, 4, 7, 10, 4, 10]
[0, 1, 5, 5, 1, 5, 6, 5, 8, 5, 10, 1]
[0, 3, 1]
[3, 3, 0, 3, 4, 5, 4, 9, 7]
[5, 5, 5, 5, 0, 9, 9, 9, 5, 9, 10, 11, 14, 11]
[0, 1, 5, 5, 1, 5, 10, 10, 10, 6, 10, 11, 10, 13]
[2, 0, 2, 5, 7, 7, 9, 9, 2, 9, 10, 10, 12]
[3, 3, 0, 3, 4, 3, 8, 6]
[0, 1, 4, 1, 4, 5, 4, 7, 10, 4, 10, 11, 12]
[0, 1, 4, 1, 4, 5, 4, 7]
[2, 0, 2, 3, 2, 5, 8, 2, 8, 11, 9]
[0, 1, 1, 3, 4, 3, 6, 3, 10, 8]
[0, 1, 2, 1, 4]
[4, 4, 4, 0, 4, 5, 4, 9, 7, 4, 10, 11, 15, 15, 12]
[0, 1, 4, 1, 4, 5, 4, 9, 7]
[0, 3, 1, 3, 7, 7, 4, 3, 8, 11, 3, 11, 14, 12]
[3, 3, 0, 5, 3, 5, 9, 9, 6, 5, 10, 13, 11, 5, 14]
[3, 3, 0, 3, 4, 3, 6, 3, 10, 8]
[4, 4, 4, 0, 4, 9, 8, 9, 5, 9, 10, 9, 12]
[4, 4, 4, 0, 4, 5, 6, 9, 7, 9, 10, 7, 12, 7, 14, 7, 16]
[4, 4, 4, 0, 4, 5, 4, 9, 7, 4, 12, 10, 12, 13, 12, 15]
[2, 0, 2, 3, 2, 5]
[4, 4, 4, 0, 6, 4, 6, 7, 6, 12, 12, 9, 4, 13, 13, 13]
[0, 5, 5, 5, 1, 5, 6, 5, 8, 5, 10]
[2, 0, 11, 3, 4, 5, 6, 5, 10, 8, 2, 11, 11, 13, 14, 15, 18, 16, 18, 19]
[3, 3, 4, 0, 4, 5]
[2, 0, 4, 2, 4, 5, 4, 7, 2, 11, 2, 11, 14, 12, 2]
[2, 0, 2, 5, 3, 2, 6, 2, 10, 8, 13, 13, 10, 10, 10, 18, 18, 15]
[0, 3, 1, 3, 4, 3, 6]
[3, 3, 0, 5, 3, 7, 5, 7, 8, 7, 10]
[0, 1, 4, 1, 4, 5, 6, 5, 10, 8, 10, 10]
[3, 3, 0, 6, 6, 3, 6, 9, 7, 6, 12, 10, 6, 15, 13]
[0, 1, 5, 5, 1, 5, 6, 7, 7]
[2, 4, 4, 0, 4, 5, 4, 7, 4, 9, 10, 10, 4]
[0, 1, 2, 1, 6, 4]
[0, 1, 1, 3, 4, 3, 6, 9, 3, 11, 12, 13, 9]
[3, 3, 0, 3, 8, 8, 8, 3, 8, 9, 8, 11]
[5, 5, 5, 5, 0, 5, 6, 5, 8, 11, 5, 13, 11]
[0, 1, 2]
[3, 3, 5, 5, 0, 5, 8, 6, 8, 9, 6, 11]
[0, 1, 2, 2, 6, 4, 2, 9, 7, 11, 15, 11, 12, 15, 1]
[2, 0, 2, 3, 2, 7, 5]
[2, 6, 6, 6, 6, 7, 0, 7, 7, 9, 10, 10]
[0, 1, 2, 3, 2, 8, 8, 5]
[2, 0, 4, 2, 4, 5, 4, 7, 4, 9]
[2, 0, 4, 2, 2, 7, 5, 2, 8, 9, 9]
[0, 3, 1, 3, 4, 3, 6, 3, 8, 3, 10, 13, 3, 13, 16, 14]
[6, 6, 2, 6, 6, 0, 6, 7, 10, 8, 10, 11, 12, 12, 10, 15, 10, 17, 10, 19, 20, 23, 21, 26, 26, 19]
[5, 5, 5, 5, 0, 5, 6, 6, 8, 9, 6, 11, 6, 13, 14]
[0, 1, 4, 2, 4, 5]
[0, 1, 4, 1, 4, 5, 4, 7]
[2, 0, 4, 2, 6, 4, 6, 7, 6, 9, 4]
[0, 1, 1, 3, 4, 3, 8, 6, 3, 9]
[2, 3, 0, 3, 4, 3, 6, 3, 10, 8]
[0, 5, 5, 5, 1, 5, 6, 5, 8, 5, 10]
[0, 1, 4, 1, 4, 5, 4, 9, 7, 4, 12, 10, 4, 13, 16, 14, 16, 19, 17]
[3, 3, 0, 5, 3, 5, 6, 7, 8, 11, 9, 8, 12, 15, 13, 12, 16, 12, 18]
[6, 3, 1, 5, 6, 0, 6, 7, 7, 12, 12, 9, 7, 13, 7]
[0, 3, 1, 3, 6, 4, 3, 7, 1, 11, 9]
[0, 1, 4, 1, 4, 5, 4, 7, 4, 11, 9]
[3, 3, 0, 5, 3, 7, 5, 9, 7, 9, 10, 9, 12, 16, 16, 3, 19, 19, 16, 21, 19, 21, 24, 22, 3, 28, 28, 3, 30, 28, 32, 30, 32]
[0, 1, 8, 5, 8, 7, 8, 1, 8, 9, 8, 13, 11]
[5, 5, 5, 5, 0, 5, 8, 6, 5, 9]
[4, 4, 4, 0, 4, 5, 6, 7, 8, 8, 6, 11, 14, 12]
[7, 4, 4, 1, 7, 7, 0, 7, 8, 7, 10, 7, 14, 12]
[2, 3, 0, 3, 4, 3, 6]
[3, 3, 0, 5, 3, 5, 6, 9, 7]
[2, 0, 4, 2, 4, 4, 8, 6]
[5, 5, 5, 5, 0, 5, 6, 7, 5, 9, 10]
[2, 0, 4, 2, 2, 7, 5]
[0, 1, 2, 1, 4]
[2, 0, 5, 5, 2, 5, 6, 5, 8]
[5, 5, 5, 5, 0]
[3, 3, 0, 5, 3, 5, 6, 5, 8, 5, 10, 3]
[2, 3, 0, 3, 4, 3, 8, 6, 3, 3, 10, 13, 11, 3]
[2, 3, 0, 3, 3, 5, 3, 9, 7]
[0, 1, 5, 5, 1, 5, 6, 5, 8, 5, 10]
[3, 3, 0, 5, 3, 7, 5, 7, 8, 7, 10, 3]
[0, 1, 4, 1, 4, 5, 4, 7, 4, 9]
[0, 1, 4, 1, 4, 5, 4, 9, 7]
[6, 6, 5, 5, 6, 0, 6, 9, 7, 9, 10, 6]
[3, 3, 0, 3, 9, 9, 9, 9, 3, 9, 10, 11, 12, 11, 14, 11, 18, 16]
[0, 1, 4, 1, 4, 5, 6, 4, 10, 8, 4, 11]
[2, 3, 4, 0, 4, 5, 4, 7, 4, 11, 9]
[2, 0, 2, 3, 2, 5]
[2, 0, 2, 3, 2, 5]
[2, 0, 2, 3, 6, 4, 6, 7, 7, 9, 7, 2]
[2, 0, 2, 5, 3]
[2, 0, 2, 2, 4, 5, 6, 7, 6, 9, 6, 13, 11, 13, 14]
[0, 1, 4, 1, 4, 5, 4, 7]
[3, 3, 5, 5, 0, 5, 10, 7, 7, 6, 5]
[2, 3, 0, 3, 3, 5, 3, 7, 3, 9]
[3, 3, 0, 5, 3, 5, 6, 5, 8]
[2, 0, 4, 2, 4, 7, 5, 4, 8]
[2, 0, 4, 2, 6, 4, 4, 7, 4, 9]
[0, 1, 6, 6, 6, 1, 6, 7, 8, 8, 6, 13, 11]
[2, 7, 7, 7, 7, 7, 0, 7, 8, 7, 10]
[0, 1, 2, 1, 4]
[2, 0, 4, 2, 4, 5, 4, 7]
[0, 1, 4, 1, 4, 5, 4, 9, 7, 4, 10, 13, 11]
[2, 0, 2, 3]
[0, 3, 1, 3, 4, 3, 8, 6, 3, 9]
[3, 3, 5, 5, 0, 5, 8, 6]
[0, 5, 5, 5, 1, 5, 6, 5, 8, 5, 10, 13, 11]
[0, 1, 4, 1, 4, 5, 4, 9, 7, 4]
[0, 5, 5, 5, 1, 5, 6, 5, 10, 8]
[0, 1, 1, 3, 4, 3, 8, 6]
[2, 0, 2, 5, 2, 5, 8, 6, 5, 9]
[2, 4, 4, 0, 4, 7, 5]
[3, 3, 0, 3, 4, 3, 6]
[0, 1, 4, 1, 4, 7, 5, 4, 10, 8]
[2, 5, 5, 5, 0, 5, 6, 5, 10, 8, 5, 11, 12]
[0, 1, 4, 1, 4, 7, 5, 4, 10, 8, 4, 11, 12]
[2, 0, 2, 5, 3, 2, 8, 6, 2, 9, 2, 13, 11]
[2, 0, 2, 3, 2, 5]
[2, 0, 2, 2, 4, 5, 4, 7, 4, 11, 9, 4, 12]
[2, 0, 4, 2, 7, 7, 4, 7, 8, 7, 12, 10]
[2, 3, 0, 3, 3, 5, 3, 9, 7, 3, 10]
[4, 4, 4, 0, 4, 5, 8, 6, 8, 9, 12, 8]
[6, 6, 6, 6, 6, 0, 6, 7, 6, 9, 12, 6]
[3, 3, 5, 5, 0, 5, 6]
[0, 1, 4, 1, 4, 5, 4, 9, 7, 4, 12, 10, 12, 13, 14, 14]
[0, 1, 4, 1, 4, 7, 5, 4, 8, 4, 12, 10, 4, 16, 16, 13, 16, 19, 17]
[4, 4, 4, 0, 4, 5, 4, 7, 4, 11, 9, 4, 14, 12, 14, 15]
[2, 7, 2, 5, 3, 7, 0, 7, 8]
[0, 1, 4, 5, 1, 9, 9, 9, 1, 9, 10, 9, 12]
[3, 3, 0, 7, 7, 7, 3, 7, 8, 7, 10, 7, 14, 12]
[0, 1, 4, 1, 4, 7, 5, 4, 10, 8, 4, 13, 11]
[0, 1, 6, 6, 6, 2, 6, 7, 6, 11, 9]
[0, 1, 7, 7, 6, 7, 1, 7, 10, 8, 7, 11, 7, 15, 13, 13, 16, 1]
[2, 0, 4, 2, 7, 7, 4, 7, 8, 7, 10]
[2, 0, 2, 3]
[0, 3, 1, 3, 4, 3, 8, 6, 3, 9, 10, 10, 1]
[2, 0, 4, 2, 4, 8, 8, 5, 8, 11, 9, 8, 12, 8, 14, 4]
[2, 0, 2, 5, 3]
[2, 0, 2, 3, 2, 5, 8, 2, 8, 11, 9, 13, 8]
[2, 0, 2, 3, 2, 5]
[0, 1, 1, 5, 3, 3, 8, 6, 3, 9, 10, 11]
[2, 0, 2, 5, 2, 5, 8, 6, 8, 9, 10, 10]
[2, 0, 4, 2, 6, 9, 8, 9, 4, 9, 10, 9, 14, 12]
[8, 1, 4, 8, 4, 7, 5, 0, 8, 8, 12, 10, 10, 13]
[0, 1, 4, 1, 4, 5, 4, 7, 10, 4, 10, 11, 10, 13, 14]
[4, 4, 4, 0, 4, 5, 4, 7]
[2, 0, 4, 2, 7, 7, 4, 7, 8, 7, 12, 10]
[0, 4, 4, 1, 4, 7, 5, 4, 8]
[2, 0, 4, 2, 2, 5, 2, 10, 10, 7, 2, 14, 14, 11]
[0, 1, 4, 1, 4, 5, 4, 7, 4, 9, 10, 10]
[3, 3, 0, 6, 6, 3, 6, 7, 8, 11, 9, 8, 12]
[0, 1, 2, 1, 4]
[3, 3, 0, 5, 3, 7, 5, 7, 10, 8, 7, 11, 7, 15, 13, 17, 7, 19, 17, 19, 20]
[2, 4, 4, 0, 4, 5, 4, 7, 4]
[2, 0, 2, 6, 6, 3, 6, 7, 6, 9]
[2, 0, 4, 2, 6, 4, 6, 10, 10, 7, 10, 11, 11, 15, 13]
[2, 0, 4, 2, 4, 5, 6, 5, 8]
[5, 1, 2, 5, 0, 5, 5, 9, 7, 9, 10, 9, 14, 12, 5, 15, 18, 16]
[0, 1, 1, 3, 4, 3, 6]
[3, 3, 0, 3, 4, 5, 5, 9, 7, 5, 10, 5, 5, 13, 16, 14]
[2, 0, 2, 7, 7, 7, 2, 7, 10, 8, 7, 11]
[5, 5, 5, 5, 0, 5, 6, 5, 8, 5]
[0, 1, 4, 1, 4, 5, 4, 9, 7]
[3, 3, 0, 3, 4, 3, 6, 9, 10, 11, 3]
[4, 3, 4, 0, 6, 4, 6, 7, 6, 9]
[3, 3, 0, 3, 4, 5, 6, 7, 7, 7, 10, 11]
[2, 0, 4, 2, 4, 5, 4, 9, 7, 4, 4, 11, 14, 12, 14, 2]
[2, 3, 0, 3, 3, 5, 3, 7, 3, 9]
[4, 1, 2, 0, 4, 7, 5, 7, 8, 4]
[2, 0, 5, 5, 2, 5, 8, 6, 5, 9, 5, 11, 12, 13, 16, 13]
[3, 3, 0, 6, 6, 3, 6, 7, 6, 11, 9, 6, 14, 12, 14, 15, 6]
[3, 3, 0, 3, 4, 3, 6, 3, 10, 8]
[2, 0, 5, 5, 2, 5, 6, 5, 10, 8]
[0, 1, 4, 2, 1, 8, 8, 5, 5, 9]
[3, 3, 0, 5, 3, 7, 5, 7, 8, 7, 10, 7, 12, 15, 5, 17, 15, 17, 18]
[2, 10, 2, 3, 3, 5, 3, 9, 7, 0, 12, 10]
[0, 1, 2, 1, 6, 4, 8, 1]
[3, 3, 4, 0, 4, 5]
[3, 3, 0, 3, 4, 5, 6, 7, 6, 11, 9, 6, 14, 12]
[0, 1, 5, 5, 1, 5, 6, 5, 8]
[0, 4, 4, 1]
[3, 3, 0, 3, 4, 5, 6, 10, 10, 7, 6, 11, 6, 15, 13]
[4, 4, 4, 0, 6, 4, 6, 7, 8, 7, 10, 13, 7, 13, 14, 15]
[0, 1, 4, 1, 4, 5, 4, 7, 4, 9]
[0, 1, 5, 5, 1, 5, 6, 5, 8]
[2, 0, 2, 2, 4, 2, 8, 6, 8, 11, 9]
[2, 0, 4, 2, 4, 5, 4, 9, 7, 4, 13, 11, 14, 10]
[0, 1, 2, 1, 4, 1, 8, 6, 8, 11, 8]
[4, 4, 4, 0, 4, 5, 4, 7, 10, 11, 12, 4]
[0, 1, 1, 3, 6, 4, 3, 9, 7]
[2, 0, 4, 2, 4, 5, 4, 7]
[2, 0, 2, 5, 3, 2, 6]
[2, 0, 2, 3, 8, 8, 8, 2, 10, 8, 10, 11, 10, 13]
[0, 3, 1, 3, 4, 3, 6, 6, 8]
[4, 4, 4, 0, 4, 7, 4, 4, 4, 11, 9, 4]
[0, 3, 1, 3, 4, 3, 8, 6, 1, 1, 10]
[0, 1, 4, 1, 4, 8, 8, 5, 4, 9, 1]
[4, 4, 4, 0, 4, 7, 5, 4, 8, 8, 10]
[2, 5, 5, 5, 6, 0, 6, 7]
[2, 0, 2, 5, 3, 5, 6, 7, 6, 9, 12, 6, 12, 16, 16, 12, 16]
[3, 3, 0, 5, 3, 5, 6, 7, 8, 7, 13, 13, 10, 7, 14]
[4, 3, 4, 0, 7, 7, 4, 7, 8, 9, 9]
[3, 3, 0, 5, 3, 5, 8, 6, 8, 11, 9, 8, 12, 13, 8, 18, 18, 15, 8, 19]
[4, 4, 4, 0, 4, 5, 6, 7, 6, 9, 6]
[0, 3, 1]
[0, 1, 5, 5, 1, 5, 5, 7, 8, 9, 10, 9, 12, 16, 16, 5, 19, 19, 16, 19, 20, 21, 20, 23]
[2, 3, 0, 3, 4]
[5, 5, 5, 5, 0, 5, 6, 5, 8]
[4, 4, 4, 0, 4, 5, 6, 9, 7, 7, 10, 7, 12]
[0, 1, 4, 1, 4, 5, 4, 7]
[0, 1, 4, 1, 4, 5, 6, 7, 8, 8]
[0, 1, 5, 5, 1, 5, 8, 6, 8, 9, 8, 11, 15, 15, 8, 18, 18, 15, 18]
[0, 1, 1, 3, 4, 3, 6]
[0, 1, 7, 7, 6, 7, 1, 7, 8, 7, 10]
[2, 0, 4, 2, 7, 7, 4, 9, 7, 9, 10, 9, 12]
[4, 4, 4, 0, 4, 7, 5]
[3, 3, 0, 7, 7, 7, 3, 7, 8, 9, 7, 11, 7, 13, 7, 17, 15]
[2, 3, 0, 3, 4, 3, 8, 6, 3]
[3, 3, 0, 5, 3, 3, 6, 3, 10, 8]
[2, 0, 2, 5, 3, 5, 6, 5, 8]
[2, 0, 5, 5, 2, 5, 6, 7, 7]
[3, 3, 0, 3, 3, 5, 6, 5, 8, 5, 12, 10]
[3, 3, 0, 3, 7, 7, 3, 7, 10, 8, 10, 11, 7, 13]
[0, 1, 5, 5, 1, 5, 8, 6]
[4, 4, 4, 0, 4, 5, 4, 7]
[0, 3, 1, 1, 7, 7, 4]
[0, 1, 1, 3, 4, 5, 8, 6, 5, 9]
[2, 0, 2, 3, 2, 5]
[2, 3, 0, 3, 3, 7, 5, 3, 8, 3, 3]
[0, 1, 4, 1, 4, 5, 4, 7]
[0, 1, 4, 1, 4, 7, 5, 4, 8]
[5, 5, 5, 5, 0, 5, 6, 5, 8]
[6, 6, 6, 6, 6, 0, 6, 7, 8, 8]
[7, 7, 7, 7, 7, 7, 0, 7, 8, 8, 10]
[2, 0, 4, 2, 7, 7, 4, 9, 7, 9, 9, 11, 9, 13, 16, 14, 20, 17, 18, 4, 20, 21, 20, 25, 26, 20, 26, 27]
[3, 3, 0, 3, 4, 3, 6, 9, 10, 11, 3, 14, 14, 3, 14, 15, 14, 17, 20, 21, 22, 25, 25, 25, 14, 25, 26, 25, 28, 31, 32, 33, 25]
[5, 5, 5, 5, 0, 5, 6, 10, 10, 5, 10, 11]
[0, 1, 7, 7, 6, 7, 1, 7, 8, 9, 9, 13, 7, 13, 14, 15, 18, 16]
[2, 0, 6, 6, 6, 2, 6, 7, 6, 9, 2, 13, 11, 2]
[2, 0, 2, 6, 6, 2, 6, 7, 6, 9]
[2, 7, 7, 7, 6, 7, 0, 7, 10, 8, 7, 11, 7, 13]
[2, 4, 4, 5, 0, 5]
[0, 3, 1, 3, 4, 3, 8, 6, 3, 9]
[0, 1, 4, 1, 4, 5, 4, 7]
[0, 3, 1, 3, 6, 4, 4, 7, 4, 9]
[2, 0, 4, 2, 6, 4, 6, 7, 6, 11, 9, 13, 6, 15, 13, 15, 16]
[2, 0, 2, 3, 2, 5, 2, 7, 8, 9, 12, 10]
[2, 3, 0, 3, 3, 5, 3, 3, 8, 9, 8, 11, 3]
[3, 3, 0, 5, 3, 7, 5, 7, 8, 7, 10, 5, 12, 15, 13, 5, 16, 17]
[0, 1, 1, 3, 4, 3, 6]
[2, 0, 2, 3, 6, 4, 8, 6]
[3, 3, 0, 5, 3, 5, 6, 5, 8, 5, 12, 10]
[0, 1, 4, 1, 4, 9, 9, 9, 5, 11, 4, 11, 11, 11, 14, 15, 14, 17, 18]
[0, 1, 1, 3, 4, 5, 6, 5, 10, 8, 5, 11, 12, 15, 13, 12, 12, 17, 20, 18]
[3, 3, 4, 0, 4, 4, 6]
[2, 0, 4, 2, 4, 5, 4, 7]
[0, 1, 4, 1, 4, 7, 5]
[0, 1, 4, 1, 6, 4, 6, 7, 6, 9]
[3, 3, 0, 5, 3, 5, 8, 6, 5, 11, 9, 5, 12, 12, 17, 17, 14, 19, 12, 19, 20]
[0, 4, 4, 1, 4, 5, 6, 9, 7, 4, 10]
[2, 0, 2, 2, 4, 5, 4, 7]
[6, 6, 6, 6, 6, 0, 6, 10, 10, 7, 10, 11, 12]
[0, 1, 4, 1, 6, 4, 4, 7, 4, 9]
[2, 7, 2, 3, 4, 4, 0, 7, 8, 7, 10, 11, 11, 15, 11]
[6, 6, 6, 6, 6, 0, 6, 9, 7, 7, 10]
[2, 0, 2, 5, 3, 5, 6, 5, 10, 8]
[0, 1, 1, 3, 4, 3, 6, 3, 8, 9]
[2, 8, 2, 3, 8, 8, 8, 0, 8, 12, 12, 8, 18, 15, 18, 18, 18, 12, 18, 19, 18, 21]
[2, 4, 4, 0, 4, 4, 6, 4, 8]
[0, 1, 5, 5, 1, 5, 6, 6, 8]
[2, 0, 4, 2, 4, 5, 4, 7, 4, 9, 10, 9, 9, 13, 16, 14]
[2, 0, 2, 5, 3, 2, 6]
[0, 1, 5, 5, 1, 5, 6, 5, 8]
[0, 1, 2, 1, 4, 1, 8, 6, 8, 11, 8]
[3, 3, 0]
[4, 4, 4, 0, 4, 5, 6, 5, 8, 5, 10, 11]
[0, 3, 1, 3, 4, 4, 4, 9, 7, 1]
[0, 1, 4, 1, 4, 5, 4, 7]
[5, 5, 5, 5, 0, 5, 6, 7, 7, 11, 5, 11]
[2, 0, 2, 3]
[2, 0, 2, 3, 2, 5, 2, 9, 7]
[2, 5, 5, 5, 0, 5, 6, 6, 10, 8]
[3, 3, 0, 3, 6, 3, 6, 7, 10, 8, 10, 11, 10, 15, 13, 10, 16]
[0, 1, 2]
[2, 0, 2, 5, 3]
[0, 1, 1, 1, 6, 4]
[2, 0, 2, 2, 4, 4, 6, 12, 12, 12, 12, 4, 12, 13]
[2, 3, 0, 3, 6, 3, 3, 7, 3, 9]
[4, 4, 4, 0, 4, 9, 9, 9, 5, 9, 10, 11, 10, 15, 13, 10, 16, 10, 18, 18]
[2, 0, 4, 2, 4, 5, 4, 7]
[2, 0, 4, 2, 4]
[0, 1, 4, 1, 4, 5, 4, 7, 4, 11, 9]
[5, 5, 5, 5, 0, 5, 6, 5, 8, 11, 5, 11, 12]
[0, 3, 1, 1]
[2, 0, 2, 3, 2, 7, 5]
[2, 0, 4, 2, 4, 5]
[2, 3, 0, 3, 4, 3, 6, 3, 10, 8]
[0, 1, 5, 5, 1, 5, 8, 6]
[0, 1, 4, 1, 4, 5, 4, 9, 7]
[2, 0, 4, 2, 4, 5, 4, 7]
[2, 0, 2, 3, 3, 7, 5, 7, 10, 8, 13, 13, 10]
[0, 1, 4, 1, 4, 5, 4, 7]
[0, 4, 4, 1, 4, 5, 4, 7, 4, 9, 12, 10]
[0, 1, 5, 5, 1, 5, 6, 5, 8, 5, 12, 10, 12, 15, 13]
[2, 4, 4, 0, 4, 5, 4, 7, 4, 9, 10, 13, 11]
[0, 1, 5, 5, 1, 5, 8, 6, 5, 9]
[2, 0, 4, 2, 6, 4, 6, 11, 11, 11, 2, 11, 12, 13, 13, 11, 18, 16, 18, 21, 19, 18, 22, 23]
[0, 1, 4, 1, 4, 7, 5, 4, 8, 8, 10]
[3, 3, 0, 5, 3, 5, 6, 9, 7, 6, 12, 10, 6, 13, 6, 17, 15, 6]
[7, 7, 7, 7, 7, 7, 0, 7, 8, 7, 10]
[0, 4, 4, 1, 4, 5, 6, 6, 4, 9, 12, 10, 9, 9, 14, 17, 15]
[2, 4, 4, 0, 4, 5, 4, 7, 4, 9, 4, 13, 11]
[0, 1, 4, 1, 4, 7, 5, 4, 8]
[2, 0, 2, 5, 3, 2, 6, 9, 2]
[3, 3, 0, 5, 3, 5, 6, 5, 10, 8, 5, 13, 11]
[2, 3, 0, 3, 6, 4, 3, 7, 3, 9]
[0, 4, 4, 1, 4, 7, 5, 4, 8, 11, 4, 11, 14, 12, 14, 15]
[0, 1, 4, 1, 4, 7, 5, 4, 8, 4, 10]
[2, 6, 2, 5, 3, 0, 6, 6, 10, 8, 6]
[4, 3, 4, 0, 8, 8, 8, 4, 8, 9, 8, 11]
[4, 4, 4, 0, 6, 4, 6, 6, 10, 8, 10, 11, 10, 15, 13, 15, 16, 17, 17, 13, 20, 13, 24, 22]
[2, 3, 0, 3, 4]
[2, 0, 5, 5, 2, 5, 6, 5, 10, 8, 5, 11, 12, 13]
[4, 4, 4, 0, 4, 7, 4, 9, 7, 9, 10, 9, 14, 12]
[0, 4, 4, 1, 4, 7, 5, 7]
[0, 1, 2, 2, 4]
[6, 6, 6, 6, 6, 0, 6, 7, 6, 9, 6, 13, 11]
[0, 1, 4, 1, 4, 5, 6]
[2, 0, 2, 3, 2, 7, 5, 2, 8]
[2, 0, 4, 2, 4, 5, 4, 7]
[0, 1, 1]
[0, 1, 4, 1, 4, 7, 5, 4, 8]
[0, 1, 2, 1, 1]
[2, 3, 0, 5, 3, 3, 8, 6, 3, 3, 12, 10]
[0, 4, 4, 1, 4, 5, 4, 7]
[5, 5, 5, 5, 0, 5, 6, 6, 8]
[7, 7, 7, 7, 6, 7, 0, 7, 8, 7, 10]
[0, 1, 4, 1, 4, 5, 5, 9, 7]
[0, 3, 1, 3, 4, 3, 6]
[3, 3, 0]
[4, 4, 4, 0, 4, 7, 5, 7, 8, 7, 10]
[0, 3, 1, 3, 6, 4, 3, 7, 3, 9]
[0, 1, 4, 1, 4, 5, 4, 7, 10, 4, 12, 10, 12, 15, 13, 15, 16]
[2, 5, 2, 3, 0, 5, 6, 5, 8]
[0, 3, 1, 3, 4, 3, 8, 6, 3, 11, 9, 11, 14, 12]
[0, 1, 2, 1, 4, 7, 8, 1, 8]
[2, 7, 2, 5, 3, 7, 0, 7, 10, 8]
[0, 1, 6, 6, 6, 1, 6, 7, 7, 9, 10, 10, 10, 15, 13]
[5, 5, 5, 5, 0, 5, 6, 5, 8, 5, 10, 11]
[4, 4, 4, 0, 4, 7, 5, 4, 8]
[3, 3, 0, 7, 6, 7, 3, 7, 8, 7, 10]
[0, 1, 4, 1, 4, 7, 5, 4, 10, 8]
[0, 1, 4, 1, 4, 7, 5]
[4, 4, 4, 0, 4, 5, 4, 7, 4, 12, 12, 9, 12, 16, 16, 12]
[0, 1, 5, 5, 1, 5, 8, 6, 8, 11, 8]
[3, 3, 0, 3, 7, 7, 3, 7, 8, 7, 10, 7, 14, 12]
[4, 4, 4, 0, 4, 5, 4, 7]
[2, 3, 0, 6, 6, 3, 3]
[4, 3, 4, 0, 4, 5, 6, 6]
[2, 0, 4, 2, 4, 7, 5, 4, 8, 4, 10, 14, 14, 4, 14, 15]
[2, 5, 5, 5, 0, 5, 6, 6, 8, 11, 9]
[2, 0, 2, 2, 4]
[2, 5, 5, 5, 0, 7, 5, 7, 8, 7, 12, 10]
[2, 0, 2, 3, 3, 3, 6, 7, 6, 9, 3, 11, 14, 12]
[2, 3, 0, 3, 4, 3, 6, 3, 8, 11, 9]
[4, 4, 4, 0, 4, 5, 4, 7]
[0, 1, 4, 1, 4, 5, 4, 7]
[2, 0, 4, 2, 4, 5, 4, 7, 10, 4]
[0, 1, 2, 5, 2, 2, 6, 2, 8, 9, 8, 11]
[2, 0, 4, 2, 4, 5, 4, 9, 7, 4, 10, 11]
[0, 1, 4, 1, 4, 7, 5, 4, 8, 11, 4, 11, 12, 11, 16, 14, 18, 16]
[2, 3, 0, 3, 3, 5, 3, 7]
[0, 1, 4, 1, 4, 5, 4, 7]
[7, 7, 7, 7, 6, 7, 0, 7, 8, 7, 10]
[2, 0, 5, 5, 2, 5, 5, 5, 11, 11, 8]
[2, 0, 2, 3, 6, 4, 6, 7, 6, 9]
[2, 0, 2, 3, 2, 7, 5]
[2, 0, 2, 5, 2, 5, 9, 9, 6, 2]
[0, 1, 1, 3, 4, 3, 6, 3, 8]
[2, 0, 4, 2, 7, 7, 4, 7, 10, 8, 7, 11, 7, 13]
[5, 5, 5, 5, 0, 5, 6, 5, 10, 8]
[2, 0, 4, 2, 4, 5, 4, 9, 7, 4, 12, 10, 12, 13]
[3, 3, 0, 6, 6, 3, 6, 7, 6, 9, 6, 11, 12, 12, 11, 11, 16, 17]
[3, 3, 0, 3, 6, 3, 6, 7, 7, 9, 7, 11]
[2, 0, 2, 3, 2, 5]
[3, 3, 0, 3, 4, 7, 5, 4, 8, 4, 10]
[0, 3, 1, 3, 6, 4, 3, 7, 14, 14, 14, 14, 14, 3]
[3, 3, 0, 3, 4, 5, 6, 7, 7, 11, 9, 6, 12, 13]
[2, 0, 4, 2, 4, 5, 4, 7, 4, 9, 10, 2]
[2, 0, 4, 2, 4, 5, 4, 9, 7, 11, 2]
[2, 3, 0, 3, 3, 7, 5, 7, 10, 7, 3, 11, 11, 3]
[2, 0, 2, 3, 2, 5, 8, 2, 8, 9]
[6, 6, 4, 6, 6, 0]
[2, 0, 2, 5, 2, 5, 6]
[0, 1, 2, 1, 4]
[2, 0, 4, 2, 4, 7, 5, 4, 8, 4, 10]
[2, 0, 2, 6, 6, 2, 6, 7, 8, 11, 8, 6, 12, 13, 12, 17, 15]
[3, 3, 0, 5, 3, 5, 9, 9, 6, 11, 9, 9, 12, 12, 14, 15]
[0, 1, 4, 1, 6, 4, 6, 6, 4, 12, 12, 9, 4, 16, 16, 13, 16, 16, 20, 4, 20, 23, 21]
[3, 3, 4, 0, 4, 7, 5, 4, 8, 9, 8, 13, 11]
[3, 3, 0, 5, 3, 8, 8, 5, 8, 11, 9]
[2, 5, 5, 5, 0, 5, 6, 6, 8]
[0, 1, 2, 1]
[2, 0, 4, 2, 4, 5, 4, 7, 4, 11, 9, 2, 2, 13, 16, 14]
[3, 3, 0, 3, 4, 7, 5, 7, 8, 7, 10]
[2, 4, 4, 0, 4]
[2, 6, 6, 6, 4, 0, 6, 9, 7, 6, 10]
[0, 1, 7, 7, 7, 7, 1, 7, 8, 8, 10]
[2, 0, 2, 3, 4, 5, 4, 7, 4, 9, 12, 10]
[2, 0, 2, 3, 2, 5, 2, 7]
[5, 5, 5, 5, 0, 5, 6, 5, 8]
[0, 1, 2, 1]
[3, 3, 0, 3, 3, 7, 5, 7, 11, 11, 8, 11, 14, 11]
[2, 4, 4, 0, 4, 5, 4, 7, 4, 12, 12, 9, 4]
[0, 1, 4, 1, 4, 5, 4, 7, 4, 11, 9]
[3, 3, 0, 3, 3, 5, 9, 9, 6, 9, 12, 10, 9, 9, 14, 9, 18, 16, 9, 19]
[0, 1, 1, 5, 3, 5, 6, 7, 7, 7]
[5, 5, 5, 5, 0, 5, 6, 5, 8]
[3, 3, 0, 5, 3, 7, 5, 7, 8, 7, 10]
[5, 5, 5, 5, 0, 5, 8, 6, 5, 9, 5, 11]
[0, 3, 1, 3, 4, 3, 8, 6]
[0, 3, 1, 3, 4, 3, 6]
[0, 1, 2, 1, 6, 4, 8, 6, 6]
[2, 4, 4, 0, 4, 5, 4, 7, 4, 9]
[3, 3, 0, 3, 6, 4]
[3, 3, 0, 5, 3, 5, 6, 7, 8, 7, 12, 10, 7, 13, 16, 14]
[0, 1, 6, 6, 6, 1, 6, 7, 6, 11, 9]
[2, 0, 2, 5, 3, 2, 8, 6, 2, 11, 9, 2, 16, 16, 16, 12]
[2, 0, 2, 3, 2, 5, 2, 7, 8, 11, 9, 7, 12, 13]
[5, 5, 5, 5, 0, 5, 6, 5, 8, 5, 12, 10]
[2, 6, 6, 6, 6, 0, 6, 7, 6, 11, 9]
[0, 1, 5, 5, 1, 1]
[3, 3, 0, 5, 3, 5, 6, 5, 10, 8]
[6, 3, 1, 3, 4, 0, 6, 9, 6, 9, 10, 9, 12, 15, 9, 15, 16]
[2, 3, 0, 3, 4, 7, 5, 4, 8, 4, 10, 11, 12]
[2, 7, 7, 7, 7, 7, 0, 7, 8, 7, 10]
[4, 4, 4, 0, 6, 4, 8, 6, 8, 9, 8, 13, 11, 8, 16, 14, 16, 17]
[2, 3, 0, 3, 3, 5, 3, 7, 3, 9]
[2, 0, 4, 2, 4, 5, 8, 4, 8, 9, 8, 8, 12, 12, 16, 14]
[2, 5, 2, 3, 0, 5, 6, 5, 10, 8, 5, 11, 5]
[4, 4, 4, 0, 4, 5, 6, 7, 6, 9, 6, 13, 11]
[0, 1, 2, 1, 4]
[2, 3, 5, 5, 0, 5, 6, 6, 8, 6]
[4, 4, 4, 0]
[2, 3, 0, 5, 3, 3, 3, 7, 10, 8, 7, 11]
[7, 7, 5, 5, 7, 7, 0]
[0, 4, 4, 1, 4]
[0, 3, 1, 3, 3, 3, 6, 3, 8, 9, 10, 14, 14, 11, 10, 15, 10, 17]
[0, 1, 4, 1, 4, 7, 5, 4, 8, 4, 12, 10, 1]
[2, 0, 2, 3, 6, 7, 8, 2]
[6, 6, 6, 5, 6, 0, 6, 7, 6, 9]
[2, 0, 4, 2, 4, 5, 4, 4, 8, 11, 9, 11, 11, 2, 2, 17, 15]
[2, 4, 4, 0, 4, 4, 8, 6, 4, 4]
[2, 3, 4, 0, 4, 7, 5, 7, 8, 7, 12, 10, 14, 7, 14, 18, 18, 15]
[2, 8, 2, 3, 2, 7, 5, 0, 8, 11, 9, 8, 14, 12]
[0, 1, 4, 1, 6, 4, 6, 7, 6, 9, 6, 13, 11]
[0, 3, 1, 3, 4, 3, 6]
[0, 1, 4, 1, 4, 7, 5, 4, 8]
[0, 1, 5, 5, 1, 5, 6, 5, 11, 11, 8]
[0, 1, 2, 1, 4]
[0, 1, 2, 1]
[6, 6, 6, 6, 6, 0, 6, 7, 6, 11, 9]
[6, 6, 6, 6, 6, 0, 6, 7, 6, 11, 9, 6, 14, 12, 14, 14, 14, 17]
[7, 7, 7, 7, 6, 7, 0, 7, 8, 7, 10]
[0, 1, 4, 1, 4, 7, 5, 4, 8, 9, 9, 4, 12, 4, 1]
[0, 1, 2, 3, 6, 2, 6, 7, 8, 8]
[2, 0, 2, 3]
[0, 3, 1, 3, 4, 3, 6, 9, 7]
[0, 1, 2, 3, 2, 5, 8, 2, 8, 11, 9]
[2, 0, 4, 2, 4, 5, 6, 9, 7, 9, 12, 10, 12, 13, 9, 15]
[2, 0, 2, 6, 6, 3, 2, 7, 2]
[0, 1, 5, 5, 2, 1, 6]
[0, 1, 7, 7, 7, 7, 1, 7, 8]
[4, 4, 4, 0, 4, 5, 6, 7, 6, 9, 12, 6]
[5, 5, 5, 5, 0, 5, 6, 5, 8]
[0, 1, 4, 1, 4, 5, 4, 7, 4, 11, 9]
[0, 1, 4, 1, 4, 5, 4, 7]
[2, 0, 2, 2, 4, 8, 8, 5, 4, 9, 4, 11]
[0, 1, 5, 5, 1, 5, 6, 5, 8, 5, 10, 13, 5, 13, 14, 13, 13, 17]
[0, 1, 1, 3, 6, 4, 3, 7, 3, 9, 10]
[5, 5, 5, 5, 0, 5, 8, 6, 6, 6, 10, 11]
[0, 1, 2, 1, 6, 4]
[0, 1, 4, 1, 4, 7, 5]
[0, 1, 4, 1, 4, 7, 5, 4, 10, 8]
[0, 1, 4, 1, 4, 5, 4, 7]
[2, 0, 2, 3, 2, 7, 5]
[2, 3, 5, 5, 0, 5, 6, 5, 11, 11, 8]
[3, 3, 0, 3, 3, 9, 9, 9, 5, 5, 10, 10, 12]
[0, 3, 1, 3, 4, 3, 6]
[2, 0, 4, 2, 4, 5, 4, 7, 4, 9]
[2, 10, 2, 3, 4, 4, 2, 7, 8, 0, 14, 14, 14, 10]
[2, 0, 4, 2, 4, 7, 5, 4, 8, 2, 10]
[7, 7, 5, 5, 2, 7, 0, 9, 7, 9, 10, 9, 12, 15, 9, 15, 16]
[3, 3, 0, 6, 6, 3, 6, 7, 6, 9]
[3, 3, 0, 3, 4, 3, 6, 9, 10, 11, 3]
[2, 5, 2, 3, 0, 5, 6, 5, 10, 8, 5, 11, 5]
[0, 1, 5, 5, 1, 5, 5, 9, 7, 5, 10, 10, 12]
[2, 0, 2, 6, 6, 2, 9, 9, 6, 11, 9, 11, 12, 11, 14, 11, 18, 16, 18, 19]
[0, 4, 4, 1, 6, 4, 6, 10, 10, 7, 1]
[2, 0, 4, 2, 4, 5, 4, 7, 4, 9]
[0, 3, 1, 3, 6, 4, 4, 9, 7, 4, 4, 13, 11, 11, 14]
[2, 0, 4, 2, 4, 5, 4, 7, 4, 11, 9, 9]
[2, 3, 0, 3, 3, 7, 5, 3, 8, 3, 3, 13, 11]
[3, 3, 0, 6, 6, 3, 6, 9, 7, 6, 12, 10, 6, 15, 13]
[0, 1, 1, 3, 6, 4, 3, 7, 3, 11, 9]
[2, 0, 4, 2, 4, 5, 4, 7, 4, 11, 9]
[2, 0, 2, 3, 4, 5, 4, 7, 10, 2, 12, 10, 12, 13]
[3, 3, 0, 5, 3, 5, 6, 5, 8, 5, 10]
[3, 3, 0, 3, 7, 7, 9, 9, 3, 9, 10, 10, 12, 9, 14, 15]
[0, 1, 1, 3, 6, 4, 3, 9, 7, 11, 14, 11, 12, 1, 1]
[2, 3, 4, 0, 4, 7, 5, 4]
[2, 0, 4, 2, 4, 5, 4, 9, 7, 4, 10, 13, 11]
[2, 0, 4, 2, 6, 4, 6, 7, 6, 9]
[2, 0, 5, 5, 2, 5, 8, 6, 5, 9, 5, 11]
[4, 4, 4, 0, 4, 11, 11, 11, 8, 9, 5, 11, 12]
[3, 3, 0, 5, 3, 5, 6, 7, 6, 11, 9, 5, 15, 15, 12]
[0, 1, 4, 1, 4, 7, 5, 4, 8, 4, 10]
[9, 3, 9, 3, 3, 5, 3, 7, 0, 11, 9]
[2, 14, 4, 2, 4, 7, 5, 4, 8, 11, 4, 11, 14, 0, 14]
[4, 4, 4, 0]
[4, 4, 4, 0, 4, 7, 4, 7, 8, 7, 10]
[0, 1, 4, 2, 4]
[4, 4, 4, 0, 4, 4, 6, 9, 7, 11, 9, 11, 14, 12, 11, 15, 19, 19, 11, 19, 22, 20, 19, 23]
[0, 1, 7, 7, 6, 7, 1, 7, 8, 7, 10]
[3, 3, 0, 6, 6, 3, 3, 7]
[4, 4, 4, 0, 4, 5, 6, 4, 10, 8, 8, 11, 8, 15, 13]
[4, 4, 4, 0, 4, 5, 4, 7]
[0, 1, 1, 3, 6, 4, 3, 7]
[2, 3, 0, 5, 3, 5, 6, 5, 8]
[0, 3, 1, 3, 4, 5, 4, 7, 4, 9, 10, 10, 1]
[0, 1, 4, 1, 4, 5, 6, 7, 8, 8, 12, 6, 12, 15, 13]
[2, 0, 4, 2, 6, 4, 6, 7, 6, 9, 2, 13, 2, 15, 13, 15, 18, 16]
[0, 1, 4, 1, 4, 5, 4, 9, 7, 4, 12, 10, 12, 12]
[2, 0, 4, 2, 4, 5, 4, 7, 2, 9]
[2, 0, 2, 3, 2, 5]
[2, 5, 5, 5, 0, 5, 6, 6, 6, 9, 12, 10]
[0, 3, 1, 5, 3, 5, 6, 5, 8, 12, 12, 5, 5, 13, 14]
[2, 0, 4, 2, 4, 4, 6]
[0, 1, 2]
[5, 5, 5, 5, 0, 5, 6, 5, 10, 8]
[0, 3, 1, 3, 4, 3, 6, 3, 8]
[2, 0, 2, 3, 2, 7, 5]
[5, 5, 5, 5, 0, 5, 6, 5, 8, 11, 5]
[2, 0, 2, 3, 2, 7, 5]
[0, 1, 5, 5, 1, 5, 8, 6]
[0, 1, 2]
[3, 3, 0, 3, 6, 11, 6, 7, 6, 9, 3, 14, 14, 11, 3]
[5, 1, 2, 5, 0, 7, 5, 7, 8, 7, 10, 7, 15, 15, 12, 15, 18, 16]
[3, 3, 0, 3, 4, 3, 6, 3, 10, 8]
[4, 4, 4, 0, 4, 8, 8, 5, 4, 9, 4]
[3, 3, 0, 5, 3, 5, 8, 6, 8, 8, 12, 10, 12, 3, 16, 14]
[5, 5, 5, 5, 0, 5, 8, 6, 5, 9]
[2, 4, 4, 0, 4, 5, 4, 7, 4, 13, 13, 13, 9]
[2, 3, 0, 3, 3, 5, 5, 3]
[0, 1, 2, 6, 6, 1]
[2, 3, 7, 7, 6, 7, 0, 7, 10, 8, 10, 13, 11, 7]
[2, 0, 2, 3, 6, 4, 6, 7, 6, 11, 9, 6, 14, 12]
[5, 5, 5, 5, 0, 7, 5, 5, 8, 8, 10]
[3, 3, 0, 5, 3, 7, 8, 5, 8, 9, 10, 11]
[0, 1, 4, 1, 4, 7, 5, 4, 8, 11, 4, 11]
[4, 4, 4, 0, 4, 5, 4, 7, 4, 9]
[2, 7, 2, 3, 2, 5, 0, 10, 10, 7, 10, 11]
[0, 1, 2, 1, 4, 1, 8, 6, 8, 11, 8]
[2, 0, 4, 2, 4, 5, 4, 7, 4, 11, 9]
[4, 4, 4, 0, 4, 5, 4, 7]
[6, 6, 6, 6, 6, 0, 6, 7, 8, 9, 8, 11]
[0, 4, 4, 1, 4, 5, 4, 9, 7, 4, 12, 10, 4, 13, 16, 14, 22, 22, 20, 21, 22, 16]
[2, 3, 0, 3]
[3, 3, 0, 5, 3, 5, 9, 9, 6, 9, 12, 10, 9, 13, 9, 15, 9, 19, 17]
[0, 1, 4, 1, 4, 5, 4, 9, 7, 11, 4, 13, 4, 13, 14]
[2, 0, 4, 2, 4, 5, 4, 7, 10, 4, 10, 11]
[0, 1, 2, 1, 4, 1, 8, 6, 8, 11, 8]
[3, 3, 0, 5, 3, 5, 6, 7, 8, 7, 10, 11, 10, 13, 13, 15]
[2, 0, 2, 3, 6, 4, 6, 6]
[0, 1, 5, 5, 1, 5, 8, 6, 5, 9, 5, 11]
[5, 5, 5, 5, 0, 5, 6, 5, 8, 11, 5, 13, 11]
[0, 1, 2, 3, 4, 3, 8, 6]
[4, 4, 4, 0, 6, 4, 8, 6, 8, 9, 8, 11]
[2, 0, 4, 2, 4, 5, 4, 9, 7, 11, 4]
[0, 1, 4, 1, 4, 5, 4, 9, 7, 4, 10, 11, 10, 15, 13]
[4, 4, 4, 0, 4, 5, 6, 6]
[3, 3, 0, 3, 4, 3, 8, 6]
[2, 3, 5, 5, 0, 5, 6, 5, 11, 11, 8]
[3, 3, 0, 3, 7, 7, 3, 7, 8, 7, 12, 10]
[2, 0, 4, 2, 4, 5, 4, 7]
[2, 5, 5, 5, 8, 8, 8, 0, 8]
[0, 1, 4, 1, 4, 5, 4, 9, 7, 4, 12, 10]
[2, 0, 7, 7, 6, 7, 2, 7, 8, 7, 10, 7]
[0, 1, 1, 3, 4, 3, 6]
[4, 4, 4, 0, 4, 9, 8, 9, 5, 9, 10, 9, 12]
[5, 5, 5, 5, 0, 8, 8, 5, 8, 9, 10, 10]
[0, 1, 4, 1, 4, 5, 4, 7]
[4, 4, 4, 0, 4, 5, 6, 7, 6, 11, 9]
[2, 0, 2, 3, 4, 5, 8, 6, 6, 11, 9, 6, 6, 13, 14]
[5, 5, 5, 5, 0, 5, 8, 6, 5, 9]
[0, 1, 5, 5, 1, 5, 6, 5, 8, 11, 5, 11, 12, 13, 14, 12, 12, 17, 17, 19]
[2, 7, 2, 3, 7, 7, 0, 7, 7, 9, 7, 11]
[0, 1, 1, 3, 6, 4]
[2, 0, 2, 3, 2, 7, 5, 2, 8]
[3, 3, 4, 0, 4, 4, 6]
[2, 0, 4, 2, 2, 2, 6, 2, 8]
[3, 3, 0, 5, 3, 5, 6, 5, 10, 8, 5, 13, 11, 13, 14]
[2, 0, 6, 6, 6, 2, 6, 7, 6, 9, 6, 11, 14, 12]
[2, 0, 4, 2, 2, 5, 6, 7]
[3, 3, 0, 3, 4, 5, 5, 7, 4, 9, 10]
[3, 3, 0, 5, 3, 5, 8, 6, 5, 11, 9, 13, 5, 5, 16, 14, 14, 17, 20, 14, 5, 5, 22, 22, 26, 24, 22, 29, 27]
[2, 3, 0, 3, 4, 5, 4, 9, 7, 4, 12, 10]
[0, 1, 4, 1, 4, 5, 8, 6]
[0, 1, 7, 7, 7, 7, 1, 7, 8, 8, 10, 11, 11, 11, 16, 14]
[2, 3, 0, 3, 4, 3, 6]
[5, 5, 5, 5, 0, 5, 6, 5, 8]
[5, 5, 5, 5, 0, 5, 6, 5, 8]
[4, 4, 4, 0, 4, 5, 6, 7]
[2, 0, 2, 3, 2, 5]
[0, 5, 5, 5, 1, 5, 8, 6, 8, 6, 6, 11, 12]
[0, 1, 2, 1, 6, 4]
[3, 3, 5, 5, 0, 5, 6, 6]
[0, 1, 1, 3, 6, 4, 3, 7]
[0, 1, 6, 6, 6, 1, 6, 9, 7, 6, 12, 10]
[2, 3, 0, 7, 6, 7, 3, 7, 10, 8, 7, 13, 11, 13]
[2, 0, 4, 2, 4, 5, 4, 7, 11, 11, 2, 14, 14, 11, 14]
[0, 4, 4, 1, 4, 5, 5, 5, 8, 9, 8, 11]
[2, 0, 2, 5, 2, 5, 8, 6, 5, 9, 5, 11]
[2, 0, 4, 2, 4, 7, 5, 4, 8, 4, 10, 4, 14, 12, 4, 4, 18, 4, 18, 21, 19]
[6, 6, 6, 6, 6, 0, 6, 7, 8, 9, 8, 11, 8, 13, 14, 13, 16]
[2, 0, 4, 2, 4, 5, 4, 7, 4, 11, 9, 13, 11]
[0, 1, 1]
[2, 0, 2, 2, 7, 7, 4, 7, 8, 7, 10, 7, 12, 15, 13]
[2, 3, 0, 3, 4, 3, 8, 6, 3, 3, 12, 10, 12, 13]
[0, 1, 2, 1, 4, 7, 1]
[3, 3, 0, 5, 3, 5, 6, 5, 8]
[0, 1, 6, 6, 6, 1, 6, 7, 6, 9]
[0, 1, 4, 1, 6, 4, 6, 7, 6, 11, 9]
[3, 3, 0, 3, 4]
[5, 5, 5, 5, 0, 5, 6, 5, 8, 5, 10, 11, 12, 12]
[4, 4, 4, 0, 6, 4, 6, 7, 8, 8]
[0, 1, 5, 5, 1, 5, 6, 5, 8]
[0, 1, 2, 1, 6, 4, 1, 7]
[5, 5, 5, 5, 0, 5, 6, 5, 8]
[3, 3, 0, 6, 6, 3, 6, 7, 6, 12, 12, 9, 6, 13]
[2, 0, 5, 5, 2, 5, 6, 5, 10, 8, 5, 11, 12, 12]
[0, 1, 5, 5, 1, 5, 6, 5, 8]
[3, 3, 0, 3, 3, 5, 8, 6, 5, 9, 9, 11, 14, 5, 3]
[4, 4, 4, 0, 4, 5, 4, 7]
[3, 3, 0, 3, 6, 4, 6, 7, 6, 9, 12, 15, 15, 15, 3, 15, 15, 17, 20, 18, 22, 15, 24, 22, 26, 24, 26, 29, 26]
[0, 1, 1, 3, 4, 3, 6]
[2, 0, 2, 5, 2, 5, 8, 6, 5, 9, 5, 14, 14, 11]
[0, 1, 4, 1, 4, 5]
[0, 3, 1, 3, 4, 3, 8, 6, 3, 12, 12, 9, 12, 13]
[3, 3, 0, 5, 3, 5, 6, 9, 7, 6, 6, 11, 12]
[0, 1, 1, 3, 4, 3, 8, 6, 3, 9]
[3, 3, 0, 3, 6, 3, 6, 7, 6, 9]
[0, 1, 4, 1, 4, 5, 6, 5, 8]
[3, 3, 0, 5, 3, 5, 6, 5, 8, 5, 12, 10]
[2, 0, 2, 3, 4, 7, 5, 4, 8, 4, 12, 10]
[6, 6, 6, 5, 6, 0, 6, 7, 6, 9]
[6, 3, 6, 6, 6, 0, 8, 6, 8, 11, 9, 8, 12]
[3, 3, 0, 5, 3, 5, 6, 5, 8]
[2, 0, 4, 2, 4, 7, 5, 4, 8, 11, 4, 11, 12, 15, 13]
[3, 3, 0, 5, 3, 5, 6, 5, 8, 5, 12, 10, 12, 16, 16, 13, 5, 17, 3]
[0, 3, 1, 3, 4, 3, 6, 6, 6, 9, 10, 9, 12, 13, 14]
[3, 3, 0, 5, 3, 5, 6, 5, 8, 5, 10, 11, 14, 12, 5, 15, 18, 16]
[0, 1, 4, 1, 4, 7, 5, 4, 11, 11, 8, 13, 4, 13, 14]
[0, 1, 6, 6, 6, 1, 6, 7, 6, 9]
[0, 1, 4, 1, 4, 7, 5, 4, 10, 8, 12, 4, 12, 12, 14]
[0, 1, 1, 3, 4, 3, 6, 3, 10, 8, 10, 13, 10]
[2, 8, 2, 5, 3, 8, 8, 0, 8, 8, 10]
[4, 4, 4, 0, 4, 9, 9, 9, 4, 9, 10, 9, 14, 12]
[3, 3, 0, 5, 3, 5, 6, 5, 8, 5, 10, 13, 11]
[0, 3, 1, 3, 6, 4, 3, 7, 8]
[0, 1, 4, 1, 4, 7, 5, 4, 8]
[6, 6, 6, 6, 6, 0, 6, 7, 6, 9]
[0, 1, 4, 1, 4, 5, 4, 9, 7]
[0, 4, 4, 1, 4, 5, 4, 9, 7]
[0, 1, 4, 2, 4, 4]
[3, 3, 0, 5, 3, 5, 6, 5, 11, 11, 8, 13, 3]
[5, 5, 5, 5, 0, 5, 9, 9, 6, 5, 12, 10, 12, 13]
[2, 0, 2, 3, 4, 4, 4, 2, 8, 2, 12, 10]
[2, 0, 4, 2, 4, 5, 4, 7, 12, 12, 10, 4, 14, 12]
[3, 3, 0, 5, 3, 5, 9, 9, 6, 9, 10, 11, 14, 11, 9, 18, 18, 15, 18, 22, 22, 18, 18, 23]
[2, 0, 4, 2, 4, 8, 8, 5, 4, 9, 2]
[4, 4, 4, 0, 4, 5, 6, 4, 8, 11, 4]
[3, 3, 0, 3, 4, 5, 6, 7, 6, 9, 6, 14, 14, 11]
[2, 0, 4, 2, 4, 5, 4, 9, 7, 11, 4, 11, 14, 12, 17, 17, 4]
[0, 3, 1, 3, 4, 3, 8, 6, 1, 9, 10]
[5, 3, 1, 5, 0, 7, 5, 9, 7]
[0, 3, 1, 3, 4, 3, 6, 1, 8, 9, 1]
[0, 3, 1, 3, 8, 8, 8, 4, 8, 9, 8, 11, 8, 13, 16, 14]
[0, 1, 2, 3, 4, 3, 6]
[4, 4, 4, 0, 4, 5, 4, 9, 7, 9, 9]
[0, 1, 4, 1, 4, 5, 4, 10, 10, 7, 10, 10]
[4, 4, 4, 0, 4, 5, 5, 7]
[4, 4, 4, 0, 4, 8, 8, 5, 4, 12, 12, 9]
[0, 1, 1, 3, 4, 3, 6, 1, 10, 8, 10, 13, 10]
[2, 0, 4, 2, 4, 4, 6, 4, 8]
[0, 1, 1, 3, 4, 7, 5, 4, 10, 8, 4, 11, 12, 13, 1]
[3, 3, 0, 5, 3, 5, 6, 5, 8]
[2, 3, 0, 3, 6, 4, 3, 7, 7, 11, 9]
[0, 1, 2]
[2, 0, 4, 2, 2, 5, 2, 7]
[2, 3, 0, 3, 4, 3, 6]
[0, 1, 1, 3, 6, 4, 3, 9, 7, 3, 12, 10, 12, 13]
[6, 6, 4, 6, 6, 0]
[2, 0, 2, 3]
[0, 1, 5, 5, 2]
[0, 4, 4, 1, 4, 5, 4, 9, 7, 4, 12, 10, 12]
[0, 3, 1, 3, 4, 3, 6, 3, 11, 11, 8]
[0, 3, 1, 3, 4, 3, 6, 3, 11, 11, 8]
[4, 4, 4, 0, 6, 4, 6, 7, 8, 6, 10]
[2, 0, 5, 5, 2, 5, 6, 5, 8, 11, 5, 13, 11]
[0, 1, 4, 1, 4, 5, 4, 7, 10, 4, 10, 11, 12, 12, 1]
[2, 0, 2, 3, 4, 5, 4, 7]
[2, 0, 2, 3, 2, 5]
[0, 3, 1, 3, 4, 3, 8, 6, 3, 9]
[3, 3, 0, 3, 4, 5, 6, 10, 10, 7, 7, 11, 7, 13]
[2, 0, 2, 5, 3, 2, 8, 6]
[2, 4, 4, 0]
[2, 0, 2, 3, 2, 5]
[0, 1, 1, 3, 4, 3, 6]
[2, 0, 2, 3, 4, 3, 6, 2]
[4, 4, 4, 0]
[2, 3, 0, 3, 4, 8, 8, 3]
[0, 1, 2, 1, 4]
[3, 3, 0, 5, 3, 7, 5, 7, 8, 11, 9, 5, 12, 5, 14, 15, 14, 17, 20, 23, 23, 23, 5, 23]
[0, 1, 4, 1, 4, 9, 8, 9, 5, 9, 10, 9, 12]
[0, 1, 6, 6, 6, 1, 6, 7, 6, 11, 9]
[0, 1, 4, 1, 4, 5, 4, 7]
[0, 1, 2, 1, 4]
[0, 1, 7, 7, 6, 7, 1, 7, 8, 7, 10]
[3, 3, 0, 3, 7, 7, 3, 7, 8, 7, 10, 7, 14, 12, 14, 15]
[0, 1, 4, 1, 4, 5, 4, 7, 4, 11, 9]
[2, 0, 2, 3, 2, 5, 2, 7, 2, 9, 2]
[4, 4, 4, 0, 4, 5, 4, 7, 7, 7]
[4, 4, 4, 0, 4, 5]
[2, 0, 2, 2, 6, 4, 2, 2]
[3, 3, 0, 5, 3, 7, 5, 7, 8, 9, 10, 9, 12, 13, 12, 17, 15]
[2, 4, 4, 0, 6, 4, 4, 7, 4, 11, 9]
[6, 6, 5, 5, 6, 0, 6]
[0, 1, 6, 6, 6, 1, 6, 7, 7, 9]
[3, 3, 0, 7, 7, 7, 3, 7, 8, 7, 12, 10]
[4, 4, 4, 0, 4, 5, 4, 7]
[0, 1, 4, 1, 4, 5, 4, 7]
[4, 3, 4, 0, 4]
[4, 4, 4, 0, 4, 8, 8, 5]
[0, 1, 4, 1, 6, 4, 6, 9, 7, 6, 6, 11, 15, 15, 12, 15, 15]
[3, 3, 0, 6, 6, 3, 6, 9, 7, 9, 9, 13, 6, 13, 16, 14, 13, 13, 20, 18, 22, 20]
[2, 0, 4, 2, 4, 5, 4, 7, 10, 4, 13, 13, 10]
[0, 1, 4, 1, 4, 5, 4, 7]
[0, 1, 1, 3, 4, 5, 4, 7, 8, 7, 12, 7, 12, 15, 13, 12, 16]
[0, 1, 7, 7, 7, 7, 1, 10, 10, 7, 10, 11, 11, 13]
[0, 1, 4, 1, 4, 5, 4, 7]
[2, 3, 0, 5, 3, 5, 6, 7, 7]
[0, 1, 5, 5, 1, 5, 6, 5, 8]
[0, 1, 1, 3, 4, 3, 6, 3, 8]
[6, 6, 6, 6, 6, 0, 6, 9, 7, 6, 10, 6, 12, 15, 13, 15, 6]
[0, 1, 1, 3, 4, 5, 4, 10, 10, 7, 4, 11, 14, 12]
[4, 3, 4, 0, 4, 5, 4, 7]
[6, 6, 6, 6, 6, 0, 6, 7, 6, 9, 6, 11]
[0, 3, 1, 3, 4, 7, 5]
[2, 0, 4, 2, 4, 5, 4, 9, 7]
[0, 1, 6, 5, 6, 1, 6, 7, 7, 9, 7, 14, 14, 11, 7, 7, 16]
[4, 3, 4, 0, 4, 5, 4, 9, 7, 4]
[0, 3, 1, 5, 3, 5, 6, 7, 7, 7, 7, 5, 5, 13, 14]
[7, 7, 7, 7, 7, 7, 0, 7, 10, 8, 7, 11, 11, 15, 13]
[2, 3, 0, 3, 3, 5, 3, 9, 7, 9, 10]
[0, 1, 6, 6, 6, 1, 6, 7, 8, 12, 12, 8]
[3, 3, 0, 5, 3, 5, 6, 5, 8, 5, 10, 11, 14, 12, 11, 17, 15]
[3, 3, 0, 3, 6, 3, 6, 7, 8, 9, 10, 10, 8, 13, 8, 17, 15]
[7, 7, 7, 7, 6, 7, 0, 7, 8, 7, 10]
[2, 0, 4, 2, 4, 5, 2, 2, 8, 11, 8]
[0, 1, 2, 1]
[2, 6, 2, 3, 6, 0, 6, 9, 7, 9, 10, 11, 12, 12]
[0, 1, 10, 5, 10, 7, 10, 10, 10, 1, 10, 11, 11, 13]
[2, 0, 4, 2, 4, 5, 6, 5, 8]
[0, 1, 4, 1, 4, 5, 4, 7, 4, 9]
[0, 3, 1, 3, 6, 4, 6, 6, 1, 11, 9]
[4, 4, 4, 0, 4, 5, 4, 7]
[0, 1, 2, 3, 6, 2, 6, 7, 10, 7]
[0, 1, 1, 3, 4, 3, 8, 6, 3, 9, 12, 10]
[2, 0, 4, 2, 4, 5, 4, 9, 7]
[0, 1, 5, 5, 1, 5, 8, 6, 5, 9]
[0, 1, 2, 3, 3, 7, 1]
[0, 4, 4, 1, 4, 5, 6, 6, 5, 5, 10, 11, 11, 1, 16, 14]
[2, 8, 2, 3, 2, 7, 5, 0, 8, 9]
[0, 1, 1, 3, 4, 3, 6]
[0, 3, 8, 3, 4, 3, 6, 1, 8, 9]
[0, 1, 5, 5, 1, 5, 6]
[3, 3, 0, 6, 6, 3, 6, 7, 6, 11, 9]
[0, 3, 1, 3, 4, 3, 6]
[2, 11, 2, 3, 2, 5, 11, 11, 10, 11, 0]
[2, 0, 6, 6, 6, 2, 6, 9, 7, 6, 10, 6, 12, 6, 14, 15, 16]
[0, 1, 4, 1, 4, 7, 5, 4, 8, 4, 10]
[0, 3, 1, 3, 4, 3, 8, 6, 3, 11, 9, 11, 14, 12, 11, 17, 15]
[2, 7, 2, 3, 2, 5, 0, 7, 7, 11, 9]
[2, 0, 4, 2, 4, 5, 4, 7, 4, 11, 9, 13, 4, 13, 16, 14]
[5, 5, 5, 5, 0, 5, 6, 7, 7, 5, 10, 5, 5]
[2, 0, 2, 3, 2, 7, 5]
[4, 4, 4, 0, 4, 5, 6, 7, 8, 8]
[0, 1, 1, 5, 1, 5, 8, 6, 5, 9, 5, 11]
[0, 6, 6, 6, 6, 1, 6, 7, 6, 13, 13, 13, 6, 13, 14, 25, 25, 25, 25, 25, 25, 21, 25, 25, 1, 25, 26, 25, 25, 29, 30, 34, 34, 29]
[0, 3, 1, 3, 4, 3, 8, 6]
[5, 5, 5, 5, 0, 5, 6, 5, 10, 8]
[2, 3, 0, 6, 6, 3, 6, 7, 7, 7, 10, 11, 10, 13, 14]
[3, 3, 0, 5, 3, 7, 5, 7, 11, 11, 8, 7, 12, 13, 12, 15, 19, 19, 7, 21, 19]
[2, 3, 0, 3, 4, 4, 6, 4]
[4, 3, 4, 0, 4, 5, 4, 7]
[0, 1, 6, 6, 6, 1, 6, 7, 6, 9]
[0, 1, 5, 5, 1, 5, 8, 6, 5, 9]
[0, 1, 4, 1, 4, 4, 6, 6, 10, 8, 10]
[0, 3, 1, 3, 6, 4, 3, 7, 3, 11, 9, 13, 3, 15, 13, 15, 16]
[2, 5, 5, 5, 0, 5, 6, 5, 8, 5, 10, 11, 11, 11, 16, 14]
[2, 5, 5, 5, 0, 7, 5, 7, 8, 7, 10, 7, 12, 13, 13]
[6, 6, 4, 6, 6, 0]
[2, 0, 2, 3, 7, 7, 4, 7, 10, 8, 7, 11, 7, 13]
[2, 0, 4, 2, 4, 5, 6, 7, 6, 11, 9, 6, 12, 13]
[3, 3, 0, 5, 3, 5, 6, 5, 8]
[14, 4, 4, 14, 4, 7, 5, 4, 10, 8, 4, 11, 12, 0, 14]
[2, 4, 4, 0, 4]
[0, 1, 6, 5, 6, 7, 1, 1, 8, 9, 10, 9, 12]
[3, 3, 0, 3, 4, 5, 6, 9, 7, 6, 12, 10, 6, 13, 14]
[2, 3, 0, 3, 6, 4, 3, 7, 3, 11, 9]
[5, 5, 5, 5, 0, 5, 6, 5, 10, 8, 5, 11]
[5, 5, 5, 5, 0, 7, 5, 9, 5, 9, 9, 11]
[2, 7, 2, 3, 2, 5, 0, 7, 7, 9]
[2, 0, 5, 5, 2, 5, 6, 5, 8]
[0, 6, 6, 5, 6, 1, 6, 7, 6, 11, 9]
[4, 4, 4, 0, 4, 4, 6, 4, 10, 8]
[3, 3, 0, 3, 4, 5, 6, 6, 4, 9, 10, 4, 12, 13, 14, 17, 15]
[3, 3, 0, 5, 3, 7, 5, 7, 8, 7, 10]
[0, 4, 4, 1, 4, 7, 5, 4, 10, 8, 8, 11]
[2, 0, 4, 2, 10, 7, 10, 10, 10, 4, 10, 11, 10, 13]
[8, 8, 8, 5, 8, 8, 8, 0, 8, 9, 10, 10]
[0, 1, 4, 1, 4, 5]
[2, 0, 4, 2, 8, 8, 8, 4, 8, 9, 8, 11, 14, 8, 14, 17, 15, 17, 20, 18]
[3, 3, 0, 5, 3, 5, 9, 9, 6, 5, 5, 11, 5, 13, 5, 15, 16]
[0, 1, 1, 3, 4, 3, 6, 1]
[0, 3, 1, 3, 4, 5, 6, 7, 7]
[3, 3, 0, 6, 6, 3, 6, 7, 6, 11, 9, 6, 14, 12, 14, 15]
[6, 6, 6, 5, 6, 0, 6, 9, 7, 6, 10]
[2, 7, 2, 5, 3, 7, 0, 7, 10, 8, 10, 14, 14, 10]
[0, 1, 4, 1, 4, 5, 4, 10, 10, 7, 4, 13, 11]
[2, 0, 4, 2, 4, 5, 4, 9, 7, 4, 10]
[2, 0, 4, 2, 4, 5, 4, 7, 4, 11, 9]
[2, 0, 2, 6, 6, 3, 6, 7, 6, 9, 2]
[6, 6, 6, 6, 6, 0, 6, 7, 6, 11, 9]
[0, 1, 4, 1, 4, 5, 4, 7]
[0, 1, 4, 1, 4, 5, 4, 7]
[2, 0, 5, 5, 2, 5, 6]
[3, 3, 0, 3, 6, 3, 6, 9, 7, 9, 6, 11, 6, 13]
[0, 1, 4, 1, 4, 5, 4, 7, 8, 8]
[5, 5, 5, 5, 0, 5, 6, 5, 8]
[2, 0, 4, 2, 4, 5, 4, 9, 7, 2]
[0, 1, 4, 1, 4, 5, 4, 7]
[0, 3, 1, 3, 4, 3, 6, 3, 11, 11, 8]
[4, 4, 4, 0, 4, 5, 4, 7, 10, 4, 12, 10]
[0, 1, 4, 1, 4, 7, 5, 4, 8, 11, 4, 11, 12, 11, 14]
[6, 6, 4, 6, 6, 0]
[0, 1, 4, 2, 1, 5, 1, 7]
[6, 6, 6, 6, 6, 0, 6, 9, 7]
[2, 0, 2, 3, 2, 5]
[0, 1, 4, 1, 4, 5, 4, 7]
[2, 0, 2, 3, 4, 5, 4, 7, 3, 9, 10, 11, 9, 15, 13]
[2, 0, 4, 2]
[0, 6, 2, 3, 3, 1]
[2, 0, 2, 5, 2, 5, 6, 5, 8, 5, 12, 10]
[2, 0, 2, 3, 2, 7, 5, 2, 10, 8, 2, 15, 15, 15, 11]
[2, 0, 4, 2, 4, 5, 4, 7, 10, 4, 4, 4, 14, 12, 14, 15, 19, 19, 2]
[0, 1, 4, 1, 4, 5, 4, 7, 10, 4, 10, 11, 10, 16, 16, 13, 16, 17]
[0, 4, 4, 1, 6, 4, 6, 10, 10, 7]
[7, 7, 7, 7, 7, 7, 0, 7, 8, 7, 10]
[6, 6, 6, 6, 6, 0, 6, 7, 8, 8]
[4, 4, 4, 0, 4, 5, 4, 7]
[4, 4, 4, 0, 6, 4, 6, 9, 7, 4, 10, 11, 10, 13, 10, 10, 16, 17, 4]
[4, 4, 4, 0, 4, 5, 4, 9, 7, 4, 12, 10, 12]
[4, 4, 4, 0, 4, 7, 5, 9, 7, 9, 12, 10, 9, 15, 13]
[0, 1, 5, 5, 1, 5, 6, 5, 10, 8, 5, 11, 12, 1]
[4, 4, 4, 5, 0, 5, 5, 7, 7, 9, 5, 13, 11, 15, 5, 15, 18, 16]
[5, 1, 5, 5, 0, 5, 6, 9, 7]
[3, 3, 0, 5, 3, 5, 6, 5, 10, 8, 5, 13, 11, 13, 17, 17, 14]
[0, 5, 5, 5, 1, 5, 6, 5, 8, 11, 5, 11, 12, 11, 16, 14]
[0, 1, 1, 3, 4, 3, 6, 3, 8, 3, 12, 10]
[0, 1, 1, 3, 4, 3, 8, 6, 3, 11, 9]
[2, 0, 4, 2, 4, 5, 4, 9, 7, 4, 10]
[3, 3, 4, 0, 4, 5, 6, 5, 10, 8]
[2, 0, 2, 3, 2, 5, 2, 9, 2, 11, 9, 11, 11, 15, 13, 2, 18, 2, 20, 18, 22, 25, 22, 23, 20, 25]
[3, 3, 0, 3, 4, 3, 8, 6]
[0, 3, 1, 3, 4, 3, 8, 6]
[3, 3, 4, 0, 4, 4, 6]
[2, 0, 4, 2, 6, 4, 6, 9, 7, 6, 13, 13, 10, 13, 14, 6, 6, 17, 18]
[2, 3, 0, 3, 4, 3, 6, 3, 10, 8, 10, 11]
[0, 1, 4, 2, 4, 5, 4, 7]
[0, 1, 4, 1, 4, 7, 5, 7, 7, 4, 12, 10]
[0, 1, 1, 3, 4, 5, 5, 3, 12, 9, 9, 8, 1]
[3, 3, 0, 5, 3, 7, 5, 7, 8, 7, 10]
[2, 0, 4, 2, 4, 4, 6, 4, 8, 4, 4, 11, 11, 15, 13]
[3, 3, 4, 0, 4, 4, 6]
[3, 3, 0, 3, 4, 5, 3]
[2, 0, 4, 2, 4, 5, 4, 7, 4, 9]
[0, 1, 1, 3, 4, 3, 6, 3, 10, 8, 10, 11]
[2, 0, 2, 5, 3, 2]
[2, 6, 6, 6, 6, 0, 6, 9, 7, 6, 10, 6, 12]
[4, 4, 4, 5, 13, 5, 8, 6, 5, 5, 10, 11, 0, 13, 14, 13, 13, 19, 17, 19, 20]
[7, 7, 7, 7, 7, 7, 0, 7, 8, 9, 9]
[2, 0, 4, 2, 4, 7, 5, 4, 8, 2]
[0, 1, 2, 1]
[0, 1, 6, 6, 6, 1, 6, 7, 6, 9]
[3, 3, 0, 6, 6, 3, 6, 7, 6, 9]
[3, 3, 0, 5, 3, 8, 8, 5, 8, 9, 8, 13, 11, 13, 14, 13, 18, 16]
[3, 3, 0, 5, 3, 7, 5, 7, 8, 12, 12, 7, 7, 13, 7, 15, 7, 17, 20, 18]
[0, 1, 5, 5, 1, 5, 9, 9, 6]
[2, 0, 2, 5, 2, 5, 6, 5, 8]
[2, 0, 4, 2, 4, 5, 4, 7, 4, 9]
[0, 1, 4, 1, 4, 5, 4, 7]
[0, 1, 4, 1, 4, 5, 4, 7]
[2, 3, 7, 7, 6, 7, 0, 7, 11, 11, 8]
[2, 5, 5, 5, 0, 5, 6, 5, 8, 5, 12, 10]
[3, 3, 0, 3, 4, 5, 6]
[0, 1, 4, 1, 4, 5, 4, 7]
[3, 3, 0, 5, 3, 8, 8, 5, 8, 9, 8, 11]
[2, 0, 2, 5, 3, 2, 8, 6, 2, 9, 2]
[0, 3, 1, 3, 4, 3, 6, 3, 10, 8]
[0, 1, 5, 5, 1, 5, 9, 9, 6, 9, 13, 13, 9, 13, 13, 17, 5, 17, 22, 19, 19, 18]
[8, 8, 8, 5, 8, 8, 8, 0, 8, 9, 10, 10]
[3, 3, 0, 5, 3, 5, 6, 5, 8]
[3, 3, 0, 5, 3, 5, 6, 5, 8]
[5, 5, 5, 5, 0, 5, 10, 10, 10, 6]
[0, 1, 4, 1, 4, 7, 5, 4, 8, 1]
[0, 1, 4, 1, 4, 5, 4, 7, 4, 9]
[0, 3, 1, 3, 6, 4, 3, 7, 3, 9, 3, 14, 14, 11]
[0, 1, 4, 1, 4, 7, 5, 4, 8]
