[3, 3, 20, 3, 4, 5, 8, 6, 20, 12, 12, 9, 14, 12, 14, 18, 18, 20, 20, 0, 23, 23, 20, 23, 24]
[4, 4, 4, 12, 4, 4, 4, 7, 12, 12, 12, 0, 14, 12]
[3, 3, 0, 3, 4, 7, 5, 5, 8, 11, 13, 13, 8]
[4, 4, 4, 5, 0, 5, 10, 10, 10, 6, 6, 11, 6, 17, 17, 17, 13]
[2, 0, 4, 2, 4, 5, 5, 12, 12, 12, 12, 7, 15, 15, 12]
[3, 3, 0, 3, 3, 3, 6, 10, 10, 3, 10, 13, 11, 10, 17, 15, 14]
[3, 3, 0, 3, 6, 4, 8, 3, 10, 8, 15, 15, 15, 15, 8, 3, 19, 19, 3, 23, 23, 23, 19, 23, 28, 28, 28, 24, 28, 31, 29, 31, 32]
[2, 0, 2, 3, 20, 5, 12, 12, 8, 11, 9, 20, 15, 15, 12, 15, 18, 15, 20, 2, 20, 25, 25, 25, 21, 20, 26]
[7, 1, 4, 5, 6, 2, 0, 7, 7, 9]
[7, 7, 7, 7, 7, 7, 0, 7, 8, 13, 13, 13, 9]
[0, 1, 2, 5, 3, 5, 8, 6, 13, 9, 12, 9, 5, 5, 5, 17, 5, 1, 1, 21, 23, 23, 19]
[11, 4, 4, 1, 9, 9, 9, 9, 4, 11, 0, 11, 11, 18, 18, 18, 18, 13]
[4, 3, 4, 0]
[0, 1, 5, 5, 2, 5, 9, 9, 6]
[0, 1, 1, 1, 7, 7, 8, 4, 8, 8, 1, 11, 11, 15, 11, 1]
[4, 4, 4, 0, 7, 7, 4, 9, 7]
[3, 3, 8, 3, 6, 3, 8, 0, 10, 8, 10, 11, 12, 13, 13, 8, 16, 20, 20, 17, 20, 20, 20, 25, 23, 20, 20, 27, 32, 32, 32, 27, 32, 35, 33]
[5, 1, 5, 5, 0, 7, 5, 7, 7, 7, 7, 11, 11]
[2, 7, 7, 7, 6, 7, 0, 11, 11, 11, 13, 13, 7, 18, 17, 17, 18, 7, 22, 22, 22, 18]
[2, 0, 2, 2, 6, 4, 6, 6, 8, 11, 9, 16, 16, 16, 16, 11]
[4, 4, 4, 0, 9, 9, 9, 9, 4, 9, 10, 14, 14, 9, 16, 14, 20, 20, 20, 16, 16, 23, 21, 25, 26, 27, 23]
[2, 7, 2, 5, 3, 7, 0, 9, 7, 11, 9, 11, 14, 12]
[3, 3, 12, 7, 7, 7, 3, 12, 12, 12, 12, 0, 14, 12]
[2, 6, 2, 5, 3, 0, 14, 10, 10, 14, 10, 11, 12, 6, 14, 18, 18, 15, 18, 22, 22, 19, 22, 23, 18, 25]
[11, 7, 7, 7, 4, 4, 1, 9, 11, 11, 0, 11, 15, 15, 11, 17, 15]
[3, 3, 0, 6, 6, 3, 8, 3, 13, 11, 13, 13, 8, 8, 8]
[3, 3, 16, 3, 7, 7, 4, 7, 7, 3, 10, 13, 11, 16, 16, 0, 16, 16, 16, 19, 23, 23, 20, 23, 28, 28, 28, 24]
[4, 3, 4, 0, 4, 8, 8, 5, 4, 12, 12, 9, 12, 13, 16, 14, 16, 21, 21, 21, 17, 21, 24, 21]
[4, 4, 4, 0, 8, 8, 8, 4, 8, 11, 9, 11, 12, 13, 16, 13, 18, 13, 18, 22, 22, 18]
[6, 6, 2, 6, 6, 8, 6, 0, 8, 8, 10, 11]
[0, 1, 6, 6, 6, 2]
[3, 1, 0, 3, 4]
[2, 0, 2, 5, 2, 7, 5]
[2, 5, 2, 3, 0, 5, 8, 6, 14, 14, 14, 14, 14, 8, 14, 15]
[2, 0, 6, 6, 6, 2, 6, 10, 10, 15, 10, 13, 11, 15, 7, 15, 19, 19, 15, 22, 20, 19, 22]
[3, 3, 6, 6, 6, 0, 6, 6, 6, 11, 6, 13, 11, 13, 16, 14, 16, 17, 11, 21, 19]
[5, 5, 5, 5, 0, 7, 5, 9, 7, 9, 9, 7, 15, 15, 12, 20, 18, 20, 20, 7, 20, 21]
[2, 5, 2, 2, 0, 7, 5, 7, 14, 11, 14, 13, 14, 8]
[8, 1, 2, 5, 8, 8, 8, 0, 10, 8, 10, 13, 11, 8, 14]
[2, 0, 4, 2, 7, 7, 4, 12, 12, 12, 12, 7, 12, 13, 16, 14, 16, 19, 17]
[2, 4, 2, 0, 4]
[5, 5, 5, 5, 0, 5, 9, 9, 6]
[2, 3, 0, 5, 3]
[5, 5, 5, 5, 0, 5, 9, 9, 6]
[0, 1, 11, 11, 11, 5, 10, 10, 10, 6, 2, 1, 14, 1, 18, 18, 18, 14, 18, 23, 23, 23, 18]
[2, 9, 6, 6, 6, 2, 8, 9, 0, 9, 12, 9, 14, 12, 14, 17, 14, 14, 20, 18, 14, 14, 25, 25, 22]
[6, 6, 2, 2, 2, 14, 6, 6, 13, 13, 13, 13, 8, 0, 14, 17, 14, 20, 20, 17]
[2, 0, 4, 5, 6, 2, 6, 7, 10, 8, 8]
[4, 4, 4, 0, 4, 4, 8, 6, 10, 8, 10, 14, 14, 11, 4]
[2, 10, 2, 6, 6, 3, 8, 10, 10, 0, 13, 13, 10, 10, 14, 17, 15]
[8, 8, 8, 8, 8, 8, 8, 0, 8, 8, 12, 10, 12, 15, 18, 18, 18, 13]
[6, 6, 6, 5, 6, 0, 6, 6, 12, 12, 12, 6, 12]
[2, 3, 0, 5, 3, 5, 6, 7, 7, 7, 12, 10]
[4, 4, 4, 0, 4, 5, 8, 6]
[20, 1, 2, 5, 3, 5, 8, 5, 8, 11, 9, 2, 16, 16, 16, 20, 16, 20, 20, 0, 20, 21, 22, 25, 20, 28, 28, 25, 28, 31, 29]
[2, 9, 2, 5, 2, 5, 6, 9, 0, 12, 12, 9, 9, 18, 18, 18, 18, 23, 23, 23, 23, 23, 9]
[2, 0, 14, 6, 6, 14, 6, 10, 10, 7, 10, 14, 14, 2, 14, 17, 15]
[2, 0, 5, 5, 2, 7, 2, 9, 7, 9, 7, 13, 11]
[2, 0, 4, 2, 6, 2, 9, 7, 6, 11, 9, 2, 17, 15, 17, 17, 12, 19, 17, 17, 23, 23, 20, 25, 23, 25, 30, 30, 30, 26]
[6, 1, 5, 5, 2, 0, 9, 9, 6, 12, 12, 9]
[2, 16, 4, 2, 4, 5, 2, 9, 2, 9, 13, 11, 10, 15, 16, 0, 16, 17, 17]
[10, 3, 10, 3, 6, 4, 8, 6, 10, 0, 10, 13, 11, 13, 16, 14]
[4, 4, 4, 18, 4, 7, 4, 9, 7, 7, 14, 14, 14, 10, 18, 15, 18, 0, 18, 21, 18, 21, 22]
[4, 4, 4, 0, 6, 4, 6, 7, 6, 6]
[6, 3, 6, 6, 6, 0, 8, 6, 8, 9]
[4, 3, 4, 0]
[2, 4, 4, 0, 6, 4, 6, 7, 8, 11, 8]
[2, 3, 0, 6, 6, 3, 3, 3, 8, 8]
[3, 3, 0, 8, 8, 8, 8, 3, 8, 8, 3, 13, 3, 3]
[3, 3, 0, 5, 3, 7, 5, 9, 7, 3, 3, 11, 11, 15, 13, 3]
[0, 1, 4, 5, 1, 1, 1, 7, 7, 7, 7, 11, 12, 13, 12]
[3, 3, 0, 9, 9, 7, 9, 9, 3, 11, 9, 13, 11, 13]
[4, 4, 2, 10, 10, 10, 10, 10, 10, 0, 12, 10, 12, 15, 16, 13, 19, 19, 16, 19, 19, 21]
[3, 3, 4, 0, 4, 7, 5, 5, 10, 8, 10, 11, 15, 15, 4, 15]
[10, 1, 4, 2, 6, 1, 6, 10, 10, 0, 12, 14, 14, 10, 16, 14, 16, 17, 20, 18, 20, 20, 24, 22]
[0, 1, 4, 1, 10, 5, 9, 9, 6, 1, 12, 10]
[0, 1, 1, 1, 4, 1, 9, 9, 1, 9, 9, 9, 12, 13, 14, 17, 9, 17, 1, 1, 22, 20, 24, 22, 22, 30, 30, 27, 28, 22]
[2, 0, 7, 7, 7, 7, 2, 7, 8, 9, 10, 13, 11, 2]
[3, 3, 0, 3, 7, 7, 4]
[2, 0, 2, 3, 6, 4, 6, 6]
[4, 4, 4, 0, 6, 4]
[2, 5, 5, 5, 0, 7, 10, 10, 8, 12, 12, 5, 16, 16, 16, 12, 19, 19, 16, 19, 19, 16, 16, 26, 26, 23, 30, 30, 30, 26, 33, 33, 30, 33, 33, 37, 35, 37, 40, 38]
[2, 4, 4, 0, 6, 4, 6, 7]
[4, 4, 4, 0, 4, 4, 4, 4, 11, 11, 8, 8, 12, 12]
[2, 6, 6, 6, 6, 0, 6, 9, 7, 6, 12, 10]
[5, 5, 5, 5, 0, 5, 5, 9, 7, 11, 5, 11, 12]
[2, 0, 2, 7, 7, 7, 3, 7, 8, 9, 10, 11, 8, 15, 8, 15, 16, 15, 18, 22, 22, 19]
[3, 3, 0, 3, 7, 7, 4, 9, 7, 11, 9, 15, 15, 15, 11, 15, 15, 17, 9, 19, 22, 20, 20, 25, 20]
[2, 6, 6, 6, 6, 0]
[0, 1, 4, 6, 6, 2, 1, 9, 1, 11, 9]
[3, 3, 5, 5, 0, 7, 8, 9, 5, 9, 10, 14, 14, 11]
[4, 4, 4, 0, 7, 7, 4]
[2, 4, 4, 0, 4, 4, 8, 6, 10, 4, 10, 13, 11, 18, 18, 18, 18, 11, 22, 22, 20, 18, 22, 22]
[6, 1, 1, 6, 6, 0, 8, 6]
[4, 4, 4, 0, 4, 9, 6, 6, 5]
[4, 4, 4, 9, 4, 7, 5, 9, 0, 12, 12, 9]
[2, 0, 4, 2, 6, 4, 16, 7, 10, 16, 10, 13, 11, 16, 16, 6]
[7, 7, 5, 5, 2, 7, 0, 7, 8, 9, 14, 14, 14, 10, 14, 17, 18, 14]
[2, 0, 5, 5, 2, 7, 2, 13, 13, 13, 13, 13, 7, 7, 7, 18, 18, 15, 18, 19, 22, 20, 24, 22, 24, 28, 28, 25, 22]
[3, 3, 4, 0, 6, 7, 4, 10, 10, 7, 13, 13, 10]
[2, 0, 6, 6, 6, 2, 8, 2, 11, 11, 8, 11, 2]
[2, 0, 2, 3, 4]
[4, 4, 4, 6, 6, 0, 9, 9, 6, 12, 12, 9, 12, 12, 19, 19, 19, 19, 12, 9, 22, 20]
[2, 0]
[3, 3, 0, 7, 7, 7, 3, 11, 10, 11, 7, 11, 12]
[2, 3, 0, 3, 4, 4, 6]
[4, 3, 4, 7, 7, 7, 0, 7, 10, 7, 10, 10, 14, 12, 10]
[2, 0, 2, 7, 7, 7, 3, 10, 10, 11, 7, 11, 11, 13, 17, 17, 14, 2, 21, 21, 25, 25, 25, 25, 2]
[4, 3, 4, 0, 4, 8, 8, 4, 8, 12, 12, 9, 12, 17, 17, 17, 13, 19, 17, 19, 19, 23, 19, 23, 17, 30, 28, 30, 30, 17, 30, 33, 31, 36, 36, 33]
[3, 3, 9, 3, 8, 8, 8, 4, 0, 12, 12, 9, 12, 15, 12, 15, 20, 20, 20, 16, 20]
[5, 3, 5, 5, 0, 5, 6, 5, 5, 9, 10]
[10, 3, 10, 3, 6, 3, 10, 10, 10, 11, 0]
[2, 0, 2, 2, 6, 4, 2, 2, 8, 12, 12, 9, 14, 12]
[2, 12, 2, 2, 2, 5, 10, 10, 10, 12, 12, 0, 12, 13, 17, 17, 14, 17, 21, 21, 18]
[0, 1, 1, 3, 6, 4, 3, 3, 11, 11, 8]
[2, 0, 5, 5, 2]
[2, 0, 2, 8, 6, 8, 8, 3, 8, 12, 12, 8, 8, 16, 16, 13]
[5, 5, 5, 5, 15, 5, 9, 9, 6, 5, 15, 15, 15, 15, 0]
[2, 0, 4, 2, 4, 5, 6, 9, 7]
[5, 1, 2, 5, 0]
[3, 3, 9, 3, 6, 4, 9, 9, 0, 11, 9]
[4, 4, 4, 8, 4, 4, 8, 0, 11, 11, 8, 11, 12, 11, 16, 11, 16, 16, 16, 19, 23, 23, 20, 25, 16]
[6, 3, 4, 6, 6, 0, 6, 11, 11, 11, 6, 11, 15, 15, 12, 18, 18, 11, 18, 22, 22, 19, 11, 23, 26, 23, 28, 26]
[8, 8, 2, 5, 8, 5, 6, 0, 8, 9, 12, 10, 14, 15, 12, 15, 20, 19, 20, 16, 15, 23, 15]
[3, 3, 0, 9, 6, 9, 9, 9, 3, 9, 12, 10]
[0, 1, 1]
[3, 3, 0, 3, 6, 3, 6]
[3, 3, 4, 0, 4, 4, 8, 6]
[2, 0, 4, 6, 6, 2, 6, 9, 7, 6, 12, 10, 12, 17, 17, 17, 13, 13, 20, 18, 20, 26, 22, 22, 22, 21, 26, 27]
[3, 3, 0, 5, 9, 5, 8, 5, 3, 15, 12, 15, 15, 15, 9, 15, 19, 19, 16, 15, 15, 3]
[2, 0, 2, 2, 4, 5, 9, 9, 6, 9, 12, 9]
[0, 3, 1, 5, 3, 9, 9, 9, 10, 5, 5, 5, 15, 15, 12, 12, 18, 16, 16, 21, 23, 23, 19, 23, 26, 23]
[3, 1, 0, 6, 6, 3, 6, 9, 6, 3, 12, 3, 12, 15, 13]
[0, 3, 1, 3, 6, 4]
[5, 1, 4, 2, 0, 8, 8, 5, 8, 9, 16, 16, 16, 16, 16, 5]
[2, 0, 2, 3, 3, 5, 6, 7]
[2, 0, 4, 2, 4, 5, 4]
[0, 1, 1, 3, 4, 5, 8, 6, 6, 9, 10, 6, 14, 12, 17, 17, 1, 19, 17, 25, 25, 25, 25, 25, 19, 25, 28, 29, 26]
[8, 8, 8, 8, 4, 4, 8, 0, 8, 11, 13, 13, 8, 13, 16, 14, 16, 19, 17, 23, 23, 23, 13, 23, 26, 24]
[3, 3, 17, 6, 6, 17, 6, 9, 7, 9, 15, 15, 15, 15, 9, 17, 0, 17, 23, 23, 23, 23, 17, 23, 26, 24, 26, 30, 30, 27, 32, 26]
[2, 0, 2, 3, 6, 4, 2, 11, 11, 11, 7, 13, 11, 11, 14, 18, 18, 15, 15, 24, 22, 24, 24, 19]
[2, 6, 6, 5, 6, 0, 6, 10, 10, 12, 12, 6, 14, 12]
[3, 3, 0, 3, 6, 3, 9, 9, 6, 9, 10, 10, 14, 12, 17, 17, 18, 14, 20, 18]
[4, 4, 4, 0, 4, 5]
[2, 13, 2, 6, 6, 2, 6, 9, 7, 9, 10, 13, 0, 13, 16, 14, 18, 13, 21, 21, 18, 23, 24, 26, 26, 21, 26, 26, 28, 29, 29, 34, 34, 31, 37, 37, 34]
[4, 4, 4, 0, 4, 7, 11, 7, 11, 11, 4]
[2, 9, 2, 6, 6, 3, 9, 9, 0]
[2, 0, 4, 2, 2, 7, 9, 9, 2, 12, 12, 9, 12, 15, 13, 15, 19, 19, 16]
[2, 0, 7, 3, 4, 7, 2]
[2, 3, 0, 6, 6, 3, 3, 9, 10, 3, 12, 10, 12, 12, 12, 17, 15]
[2, 7, 2, 5, 3, 7, 0, 9, 7, 9]
[2, 3, 0, 6, 6, 3, 8, 6, 8, 11, 9, 3, 15, 15, 3, 15, 19, 19, 16, 15, 15, 24, 24, 21, 24, 27, 25]
[11, 5, 5, 5, 1, 5, 6, 7, 11, 11, 0, 11, 12, 18, 18, 18, 18, 11, 18, 19, 20, 21, 21, 21, 24]
[4, 4, 4, 0, 4]
[0, 3, 1, 3, 7, 7, 4, 10, 10, 7, 13, 13, 10, 15, 13, 13, 18, 19, 20, 16]
[4, 4, 4, 19, 4, 7, 5, 7, 8, 4, 13, 13, 4, 13, 14, 15, 15, 19, 0, 21, 19]
[3, 3, 0, 3]
[2, 5, 5, 5, 0]
[8, 6, 6, 6, 6, 1, 8, 0, 8, 11, 9]
[9, 4, 4, 9, 9, 7, 9, 9, 27, 9, 14, 14, 14, 10, 14, 17, 14, 20, 20, 27, 20, 24, 24, 21, 27, 27, 0]
[18, 1, 2, 3, 4, 5, 9, 9, 6, 9, 13, 13, 10, 16, 16, 18, 18, 0, 27, 19, 19, 19, 19, 27, 27, 27, 18, 27, 33, 31, 33, 33, 28]
[2, 0, 6, 6, 6, 9, 9, 9, 2, 2, 13, 13, 14, 16, 16, 2, 16, 16, 2]
[2, 8, 2, 8, 8, 7, 8, 0, 8, 8, 12, 10, 8, 15, 8, 17, 15, 17, 17]
[3, 3, 0, 7, 6, 7, 3, 7, 10, 8, 10, 11, 14, 12, 14, 17, 14, 3, 3, 22, 22, 24, 24, 19]
[2, 0, 2, 6, 6, 2, 9, 9, 13, 9, 12, 10, 6, 13, 14, 17, 15, 17]
[5, 5, 5, 5, 19, 5, 5, 7, 10, 7, 10, 11, 12, 16, 16, 13, 19, 19, 0, 19, 22, 20, 22, 26, 26, 22]
[2, 0, 4, 2, 6, 4, 6]
[3, 3, 5, 5, 0, 7, 5, 7, 11, 11, 7, 5, 15, 15, 5, 15, 16]
[2, 0, 2, 3, 2, 5, 9, 9, 6, 5, 13, 13, 5, 13, 14, 15]
[2, 17, 2, 3, 2, 7, 5, 7, 12, 12, 12, 8, 17, 17, 17, 17, 0, 17, 18]
[3, 3, 0, 3, 6, 3, 8, 10, 10, 6]
[3, 3, 4, 0, 8, 8, 8, 9, 4, 9]
[2, 0, 5, 5, 2, 5, 9, 9, 6, 9, 14, 14, 14, 9]
[2, 4, 4, 0, 4, 4]
[3, 3, 0, 5, 6, 3, 11, 11, 11, 11, 3]
[0, 4, 4, 1, 1, 9, 9, 9, 5]
[3, 3, 6, 3, 6, 0, 6, 9, 7, 6, 10, 11, 12]
[2, 0]
[3, 3, 0, 6, 6, 3, 6, 6, 12, 11, 12, 8, 12, 13, 16, 14]
[13, 4, 4, 13, 4, 4, 4, 11, 11, 11, 7, 13, 0]
[6, 1, 4, 2, 6, 0, 6, 6, 10, 8, 10, 14, 14, 11, 18, 18, 18, 14, 20, 18, 18, 25, 25, 25, 21, 25]
[2, 0, 2, 5, 3, 7, 5, 7, 8, 11, 9, 11, 16, 16, 16, 12, 18, 19, 16]
[2, 5, 5, 5, 0, 5, 8, 10, 10, 5, 10, 13, 10, 15, 13, 15, 19, 19, 16, 15, 23, 23, 20]
[2, 5, 5, 5, 0, 5, 10, 10, 10, 5]
[2, 4, 4, 0, 4, 7, 4, 7, 10, 7, 4, 16, 16, 16, 16, 4, 16, 20, 20, 31, 22, 20, 24, 22, 24, 27, 25, 29, 31, 31, 16]
[7, 1, 4, 2, 7, 7, 0, 7, 11, 11, 8]
[2, 0, 6, 5, 6, 2, 8, 6, 10, 8, 8, 14, 14, 11]
[2, 26, 5, 5, 2, 8, 8, 5, 11, 11, 2, 11, 15, 15, 12, 15, 16, 19, 17, 21, 19, 23, 21, 26, 26, 0, 26, 29, 26, 29, 30, 31, 35, 35, 32, 35, 38, 36]
[6, 1, 6, 6, 6, 0, 6, 9, 7, 13, 13, 13, 9, 17, 17, 17, 9, 9, 21, 21, 9, 23, 21, 26, 26, 23, 26, 29, 27, 29, 29, 31]
[2, 5, 2, 3, 0, 8, 8, 5, 8, 11, 9, 11, 14, 8, 14, 14, 14, 19, 17, 19, 19, 21, 22]
[3, 3, 0, 5, 3, 3, 9, 9, 3, 9, 9, 9, 12]
[7, 3, 1, 7, 7, 5, 0, 9, 7, 9, 10, 14, 14, 9, 14, 15, 16, 14, 21, 21, 14, 21, 24, 22]
[0, 3, 6, 6, 6, 1]
[5, 5, 4, 5, 0, 8, 8, 5, 12, 12, 12, 8, 12, 17, 16, 17, 13, 19, 17, 17, 22, 20, 22, 25, 23, 25, 29, 29, 25]
[4, 4, 4, 6, 6, 0, 6, 9, 12, 12, 12, 7, 6, 17, 14, 14, 18, 6, 18, 18, 22, 23, 20, 20, 24]
[3, 3, 9, 5, 3, 8, 8, 5, 0, 12, 12, 9, 9, 13, 14, 14, 18, 16, 18, 18]
[4, 4, 4, 0, 4, 7, 5, 7, 8]
[3, 3, 13, 3, 6, 3, 6, 7, 10, 7, 10, 10, 0, 13, 16, 13, 16, 13]
[2, 0, 2, 6, 6, 2, 6, 7, 8, 11, 9, 11, 12]
[3, 3, 0, 3, 4, 5, 4, 7, 8, 8]
[4, 4, 4, 11, 4, 9, 9, 9, 5, 11, 0]
[3, 3, 10, 3, 7, 7, 3, 3, 8, 0, 12, 10, 12, 13, 14, 17, 15, 19, 17, 21, 19, 21]
[2, 0, 4, 2, 18, 15, 8, 15, 10, 8, 10, 13, 11, 15, 18, 18, 18, 4, 18, 21, 19, 18, 24, 22, 24, 24]
[9, 4, 4, 1, 4, 7, 9, 9, 0, 9, 10, 10, 10, 10, 14]
[3, 3, 0]
[4, 3, 4, 0, 6, 4, 6, 6, 11, 11, 6, 11, 14, 12, 16, 11, 16, 17, 17, 22, 22, 19]
[5, 5, 5, 3, 0, 5, 9, 9, 6, 11, 5, 13, 11, 13, 16, 14, 11, 20, 20, 17, 11, 11, 25, 25, 22, 27, 25, 27, 30, 27]
[0, 1, 1, 3, 6, 4, 6, 6, 8, 12, 12, 9, 1, 16, 16, 18, 16, 13, 18, 19]
[3, 3, 0, 3, 6, 3]
[2, 0, 5, 5, 2, 5]
[3, 3, 8, 3, 7, 7, 4, 0, 8, 11, 9, 13, 17, 13, 14, 17, 8, 19, 17, 19, 20, 23, 21, 19]
[5, 3, 5, 5, 0]
[2, 0, 2, 2, 6, 10, 8, 10, 10, 4, 10, 16, 16, 16, 16, 10, 16, 17, 16, 32, 32, 23, 32, 23, 23, 23, 29, 29, 23, 29, 29, 16, 32, 33]
[3, 3, 0, 5, 3, 10, 8, 10, 10, 3, 10, 13, 11, 13, 16, 14]
[2, 0, 2, 5, 3, 2, 2, 2, 8, 8, 8, 13, 8, 18, 18, 18, 18, 13, 18, 19]
[2, 3, 0, 5, 3, 7, 5]
[2, 12, 4, 2, 4, 8, 8, 4, 8, 9, 12, 0, 12, 16, 16, 13, 20, 19, 20, 16, 22, 20, 24, 22]
[3, 3, 0, 3, 7, 7, 9, 9, 3, 9, 13, 13, 10, 9, 16, 18, 16, 9, 18, 22, 20, 24, 24, 19, 24, 28, 28, 25, 28, 29]
[3, 3, 16, 3, 6, 4, 6, 6, 12, 12, 12, 16, 16, 16, 16, 0, 16, 17, 18, 19, 20]
[2, 0, 2, 2]
[7, 3, 7, 3, 4, 7, 9, 9, 0, 11, 9, 9, 15, 15, 16, 9, 19, 19, 16, 16, 16, 21, 22, 25, 23]
[5, 5, 5, 5, 0]
[3, 3, 15, 6, 6, 3, 3, 9, 7, 14, 12, 14, 14, 9, 0, 17, 15, 17, 21, 21, 18, 23, 15, 26, 26, 23, 28, 26, 26]
[17, 4, 4, 1, 6, 4, 6, 6, 8, 6, 13, 13, 10, 17, 17, 17, 0, 19, 17, 21, 19, 25, 24, 25, 19]
[0, 5, 5, 5, 1, 10, 10, 10, 10, 5]
[4, 4, 4, 5, 0, 8, 8, 5, 10, 5, 10, 11, 14, 12, 10, 15, 10, 19, 21, 21, 17, 21, 21, 23]
[3, 3, 0, 3, 3, 7, 3, 12, 12, 12, 12, 3, 14, 12, 14, 12, 20, 20, 20, 16, 20, 21]
[3, 3, 0, 10, 6, 10, 10, 10, 10, 3, 10]
[2, 0, 4, 2, 4, 7, 5, 11, 11, 11, 2, 11, 12]
[3, 3, 6, 5, 6, 0, 8, 6, 18, 12, 12, 18, 12, 17, 17, 17, 13, 8, 20, 18, 20, 21, 25, 25, 22, 27, 20, 27, 28, 29, 30, 29, 32, 35, 33, 37, 35, 37, 38]
[2, 3, 0, 3, 6, 4, 6, 9, 7, 3]
[3, 3, 0, 3, 8, 8, 8, 3, 8, 9]
[3, 3, 4, 0, 12, 12, 12, 12, 12, 12, 12, 4]
[0, 1, 7, 7, 6, 7, 2, 7, 10, 8]
[2, 3, 0, 7, 7, 7, 3, 7, 10, 8, 3, 11, 12, 13]
[3, 3, 0]
[6, 6, 6, 6, 6, 0, 6, 7, 6]
[2, 0, 4, 2, 2, 5, 2, 9, 7, 7, 10, 11, 15, 15, 2, 15, 18, 16]
[4, 4, 4, 0, 4, 7, 5]
[6, 1, 1, 5, 1, 0]
[2, 4, 4, 0, 4, 4]
[2, 0, 2, 2, 2, 2, 8, 6]
[8, 3, 1, 3, 6, 4, 8, 0, 8, 12, 12, 8, 15, 15, 12, 15, 18, 16]
[2, 0, 4, 2, 2, 12, 12, 9, 12, 12, 12, 17, 17, 17, 16, 17, 5, 26, 20, 26, 20, 20, 26, 26, 26, 17, 26, 27, 33, 33, 33, 33, 26]
[0, 1, 1, 5, 3, 1, 9, 9, 6, 9, 13, 13, 9, 15, 9]
[2, 3, 0, 6, 6, 3, 8, 3, 8, 12, 12, 9, 19, 19, 16, 14, 18, 19, 12, 19, 22, 19, 25, 25, 22, 22, 29, 29, 26, 29, 33, 33, 29]
[8, 4, 4, 1, 8, 8, 8, 0, 10, 8]
[4, 4, 4, 0, 4, 7, 5, 9, 7, 9, 10]
[0, 1, 5, 5, 1]
[0, 1, 2, 3, 6, 4, 1, 9, 7]
[4, 1, 1, 5, 0, 10, 10, 10, 10, 5, 5, 14, 14, 5, 16, 14, 16, 19, 17, 21, 19, 21, 21, 21, 27, 27, 24]
[10, 1, 2, 5, 3, 10, 10, 7, 10, 0, 14, 14, 14, 10, 14, 17, 15, 17, 18, 19, 19, 21, 22, 23, 19, 25, 26, 29, 26]
[3, 3, 0, 3, 6, 4, 3, 7, 10, 11, 8, 14, 14, 11, 14, 18, 18, 14, 20, 21, 3, 21, 21, 23, 23]
[2, 0, 2, 5, 3, 5, 8, 5, 2, 11, 2, 13, 11, 13, 13, 18, 18, 15, 2, 21, 2]
[2, 4, 4, 0, 6, 4]
[3, 3, 6, 3, 6, 0]
[5, 5, 5, 5, 0, 5, 9, 9, 6, 23, 15, 15, 15, 15, 23, 18, 18, 15, 23, 23, 22, 23, 5, 23]
[2, 0, 5, 5, 2]
[3, 3, 0, 3, 3]
[2, 0]
[3, 3, 7, 3, 6, 4, 0, 7, 7, 12, 12, 7, 12, 13, 20, 15, 18, 15, 20, 13]
[2, 0, 2, 3]
[0, 1, 1, 5, 3, 5, 9, 9, 6, 9, 14, 14, 14, 9]
[2, 0, 7, 6, 6, 7, 2, 10, 10, 7]
[5, 3, 1, 5, 0, 8, 8, 15, 8, 9, 13, 13, 10, 15, 5, 15, 16, 17, 21, 21, 17]
[3, 3, 0, 3, 7, 7, 4]
[0, 3, 1, 3, 6, 4, 8, 1, 8, 11, 8, 8, 14, 12]
[7, 1, 2, 3, 7, 7, 0, 7, 12, 12, 12, 8, 16, 16, 16, 12, 16, 19, 17]
[4, 4, 4, 0, 4, 9, 8, 9, 13, 9, 9, 11, 5, 15, 13]
[0, 1, 4, 2, 4, 7, 5, 1]
[3, 3, 0, 3, 3, 5]
[0, 1, 1, 3]
[3, 3, 0]
[3, 3, 0]
[0]
[3, 3, 0, 3, 6, 4]
[11, 3, 1, 3, 4, 7, 11, 7, 10, 8, 0, 11, 14, 12, 11, 18, 18, 15]
[3, 3, 0, 3, 4, 9, 9, 7, 13, 13, 10, 10, 5, 13, 17, 17, 14]
[3, 3, 0, 3, 6, 4, 6, 7, 10, 8, 10, 11]
[8, 1, 4, 1, 6, 8, 8, 0, 8, 8, 13, 13, 10]
[4, 4, 4, 0]
[4, 4, 4, 0, 4, 7, 5, 12, 12, 12, 12, 4, 18, 13, 17, 17, 18, 12, 18, 19, 22, 20]
[2, 6, 6, 6, 6, 0, 6, 7]
[0, 8, 4, 8, 8, 8, 8, 1]
[3, 1, 0, 3, 6, 4, 4, 9, 4]
[2, 3, 0]
[4, 4, 4, 0]
[2, 0]
[7, 3, 7, 3, 3, 7, 0]
[2, 5, 5, 5, 0, 5, 6, 7, 10, 8]
[0, 4, 4, 1, 6, 4, 6, 4, 12, 12, 12, 4]
[3, 3, 0, 5, 3, 5, 6]
[2, 0]
[2, 0]
[3, 3, 0, 3, 3]
[2, 0, 4, 2]
[0, 3, 5, 5, 1]
[2, 3, 10, 3, 6, 4, 10, 10, 10, 0, 10, 10, 12, 15, 13, 17, 15, 17, 10, 23, 23, 23, 25, 25, 10]
[3, 3, 0, 7, 7, 7, 3, 7, 8, 13, 13, 13, 9]
[2, 6, 6, 6, 6, 0, 6, 7, 6, 11, 6, 13, 11, 16, 16, 13, 20, 20, 20, 16, 23, 23, 20]
[4, 4, 4, 0, 7, 7, 4]
[3, 3, 6, 6, 6, 0, 6, 7, 10, 8, 15, 13, 15, 15, 10, 15, 16, 16, 18, 19, 7, 23, 21, 27, 27, 27, 23, 27, 32, 29, 29, 28]
[2, 0, 2]
[2, 0]
[0]
[2, 0, 4, 2]
[0, 1, 5, 5, 2, 5, 8, 6]
[3, 3, 0, 3, 4]
[3, 3, 7, 3, 7, 7, 0, 7, 10, 11, 7, 13, 11, 13]
[0, 1, 5, 5, 2, 5, 8, 6]
[0, 1, 1, 3]
[2, 0, 2, 3, 7, 7, 4, 4, 8, 9, 10, 13, 4, 13, 14, 18, 18, 15]
[2, 0]
[2, 6, 2, 3, 4, 0, 6, 9, 7, 9, 12, 10, 12, 17, 17, 17, 13, 12, 20, 18, 20, 23, 21, 6, 26, 6, 28, 26, 28, 31, 29, 31, 32, 31, 34, 35]
[2, 0]
[2, 0]
[3, 3, 0]
[3, 3, 0]
[2, 0]
[0, 1, 1]
[2, 0]
[3, 3, 4, 0]
[2, 0, 2]
[2, 0, 2, 3]
[2, 0]
[2, 0]
[3, 3, 0]
[4, 3, 4, 0]
[0, 1, 1]
[2, 0]
[0]
[0]
[0, 1, 1]
[0, 1, 1]
[2, 0, 2, 6, 6, 2, 6, 9, 12, 11, 12, 6]
[2, 3, 12, 5, 3, 9, 6, 9, 12, 12, 12, 0, 12, 16, 16, 17, 12, 17, 20, 17, 17, 23, 21]
[0, 1, 4, 2, 7, 7, 1]
[0, 1, 1]
[0]
[2, 0]
[3, 3, 0]
[2, 0]
[0]
[2, 0]
[0]
[3, 3, 0, 3, 6, 3, 3, 10, 10, 7, 10, 11]
[2, 0]
[0]
[2, 0]
[3, 3, 0]
[3, 3, 0]
[2, 0]
[3, 3, 0]
[0]
[3, 3, 0]
[0]
[0]
[2, 4, 4, 5, 0, 9, 9, 9, 5, 5, 13, 13, 10, 5, 17, 17, 14, 17, 20, 17]
[0, 1, 1]
[0]
[0]
[0]
[0]
[0, 1, 1]
[2, 0]
[3, 3, 0]
[0]
[3, 3, 0]
[3, 3, 0]
[3, 3, 0]
[3, 3, 0]
[2, 0, 2]
[0]
[2, 0]
[3, 3, 0]
[2, 4, 4, 0, 4, 4, 4, 7, 8, 9, 9, 11, 12, 13]
[0, 1, 4, 1]
[3, 3, 0]
[0, 1, 1]
[0, 1, 2]
[0]
[3, 3, 0]
[2, 0]
[2, 0]
[2, 4, 4, 0, 6, 4, 6, 9, 6, 9, 10, 4, 15, 15, 4, 15, 18, 15]
[0, 3, 1]
[3, 3, 5, 5, 0]
[2, 0]
[0]
[0]
[0, 1, 1]
[0]
[4, 4, 4, 0]
[0, 1]
[2, 0, 2]
[0]
[4, 1, 1, 0]
[3, 3, 0]
[4, 3, 4, 0]
[0]
[0]
[2, 0]
[0]
[0]
[0, 1, 1, 3]
[2, 4, 4, 0]
[2, 0]
[2, 0]
[3, 3, 0]
[2, 0]
[2, 0]
[0, 1, 4, 2]
[3, 3, 0]
[0, 1, 1]
[3, 3, 0]
[2, 0, 2]
[0, 1, 4, 1]
[3, 3, 4, 0]
[4, 4, 4, 0]
[2, 0]
[2, 0]
[2, 0]
[0, 1, 1]
[0, 3, 1, 1, 1]
[2, 0, 2]
[3, 3, 0]
[2, 0]
[0]
[3, 3, 0]
[4, 4, 4, 0]
[2, 0]
[0]
[2, 0]
[3, 3, 0]
[0, 1]
[2, 0]
[3, 3, 8, 5, 3, 5, 6, 0, 10, 8, 10, 11, 14, 12, 16, 11, 18, 16]
[2, 0]
[0]
[3, 3, 0, 3, 6, 4, 6, 7]
[3, 3, 0]
[4, 3, 4, 0]
[2, 0, 2, 3]
[2, 3, 0]
[0]
[3, 3, 0]
[2, 3, 0]
[2, 0]
[0, 1, 1]
[0]
[2, 0]
[2, 0]
[0, 1]
[0]
[2, 0, 2, 2]
[2, 0]
[0]
[2, 0]
[2, 0, 2]
[3, 3, 0]
[0]
[4, 4, 4, 0]
[3, 3, 0]
[2, 0]
[0]
[4, 4, 4, 0]
[3, 3, 0]
[0, 1, 2]
[3, 3, 0]
[3, 3, 0]
[0, 1, 1]
[0]
[0, 1, 1]
[3, 3, 0]
[0]
[0]
[2, 0, 2]
[3, 3, 0]
[0, 1, 2]
[2, 0]
[0]
[0, 1, 2]
[2, 0, 2]
[0]
[0]
[0, 1, 1, 1, 1]
[0]
[2, 0]
[0]
[0, 1, 1]
[0]
[2, 0]
[2, 0]
[0, 1]
[2, 0]
[0]
[3, 3, 4, 0]
[0]
[0]
[3, 3, 0, 3]
[0]
[2, 0]
[0]
[2, 0, 2]
[3, 3, 0]
[0]
[3, 3, 0]
[2, 0]
[3, 3, 0, 3]
[3, 3, 0]
[3, 3, 0]
[0, 1]
[0, 1, 2]
[0]
[4, 4, 4, 0]
[0]
[2, 0, 4, 2]
[2, 0]
[0]
[2, 0, 2, 5, 3]
[0, 1, 1, 1]
[0]
[2, 0, 2]
[0]
[0, 3, 1, 3, 3]
[0, 1]
[2, 0, 2, 3]
[2, 0]
[2, 0]
[4, 3, 4, 0]
[2, 0]
[2, 0]
[2, 0]
[2, 3, 0]
[0, 1, 4, 5, 2]
[0]
[0]
[2, 0, 2, 3]
[2, 0, 2]
[3, 3, 0]
[2, 0]
[2, 0, 6, 6, 6, 2, 2, 2, 2, 13, 13, 13, 9, 15, 13, 17, 18, 15, 15]
[2, 3, 0, 3, 7, 7, 3, 7, 8, 9, 9, 3, 3, 15, 16, 13, 18, 16, 22, 22, 22, 16, 25, 25, 22]
[4, 3, 1, 0]
