[9, 1, 5, 5, 2, 5, 8, 5, 0, 12, 12, 9, 12, 15, 13, 12, 18, 12]
[3, 3, 0, 5, 3, 5, 6]
[0, 5, 5, 3, 1, 11, 8, 11, 11, 11, 5, 16, 12, 16, 16, 11]
[3, 3, 6, 5, 3, 0, 8, 6, 11, 11, 8]
[0, 1, 5, 5, 7, 5, 2]
[2, 0, 4, 6, 6, 2, 6, 9, 7, 13, 12, 13, 2, 17, 17, 17, 13]
[2, 3, 0, 10, 10, 10, 10, 9, 10, 22, 10, 14, 14, 11, 18, 18, 18, 14, 18, 22, 22, 3, 24, 22, 27, 27, 24, 27, 31, 31, 27, 31]
[3, 3, 0, 3, 6, 4, 8, 6, 3]
[0, 1, 4, 2]
[14, 3, 1, 1, 6, 4, 6, 7, 6, 9, 10, 10, 14, 0, 16, 14, 19, 19, 16, 19, 22, 20, 22, 25, 22, 25, 26, 27, 30, 28]
[3, 3, 0, 3, 7, 7, 4, 12, 12, 12, 12, 3]
[12, 1, 2, 5, 12, 12, 12, 12, 10, 12, 12, 0, 15, 15, 12, 15, 18, 15]
[3, 3, 0, 5, 3, 7, 5, 9, 7, 7, 12, 10, 12, 15, 13]
[2, 0, 2, 2, 6, 4, 8, 6, 10, 8]
[0, 1, 6, 5, 6, 2, 6, 7, 12, 12, 12, 8, 1, 13, 16, 14, 18, 16, 18, 24, 24, 23, 24, 19]
[3, 3, 4, 0, 8, 8, 8, 4, 4, 11, 9, 11, 14, 12, 14, 15, 18, 14, 20, 18, 20, 21, 20, 25, 23]
[2, 6, 2, 5, 2, 0, 9, 9, 6, 9, 13, 13, 10, 6, 6, 17, 15, 19, 17, 19, 19, 23, 21]
[9, 1, 2, 5, 3, 1, 9, 9, 0, 9, 9]
[0, 1, 1, 3, 7, 7, 1, 10, 10, 7, 12, 10, 12, 15, 13]
[3, 3, 0, 5, 3, 5, 6, 7, 11, 11, 8]
[7, 7, 5, 3, 7, 7, 21, 9, 7, 9, 12, 9, 12, 16, 16, 13, 21, 21, 21, 21, 0, 23, 21]
[7, 3, 7, 7, 7, 7, 0, 7, 11, 11, 7, 11]
[3, 3, 6, 6, 6, 0, 6, 10, 10, 7, 10, 11, 12, 13, 14, 19, 19, 19, 24, 22, 22, 24, 24, 15, 24, 28, 28, 24, 28, 29]
[2, 0, 2, 2, 4, 7, 5, 9, 2, 11, 12, 9]
[4, 4, 4, 20, 6, 4, 8, 9, 6, 9, 10, 4, 14, 4, 18, 18, 18, 14, 20, 0, 22, 20]
[4, 3, 4, 0, 4, 10, 6, 9, 7, 5, 12, 10, 10, 13, 14, 14, 19, 19, 16, 19, 22, 20]
[2, 6, 6, 6, 6, 0, 6, 7]
[2, 3, 0, 5, 8, 5, 5, 3, 8, 12, 12, 9, 14, 8, 14, 18, 18, 8, 18, 18, 18, 21]
[0, 3, 1, 3, 3, 7, 5, 9, 3, 9, 12, 9, 12, 12, 19, 17, 19, 19, 12]
[14, 5, 5, 5, 1, 5, 5, 10, 10, 14, 14, 14, 14, 0, 14, 19, 18, 19, 15, 19]
[4, 4, 4, 0, 6, 4, 6, 6]
[3, 1, 0, 3, 14, 7, 14, 7, 13, 13, 13, 13, 8, 4, 14, 14, 18, 16]
[7, 3, 7, 7, 7, 7, 0, 7, 11, 11, 7, 7, 12, 16, 16, 12]
[6, 6, 6, 6, 6, 21, 9, 9, 6, 9, 14, 14, 14, 10, 16, 14, 18, 16, 20, 21, 0, 25, 25, 25, 21, 27, 21]
[23, 3, 1, 7, 7, 7, 3, 9, 7, 7, 10, 15, 15, 15, 17, 17, 11, 17, 18, 22, 22, 23, 0, 23, 26, 24]
[2, 11, 5, 5, 2, 5, 5, 7, 7, 11, 0, 11, 12, 13, 11, 18, 18, 11]
[5, 5, 5, 5, 0, 5, 8, 6, 8, 12, 12, 9, 12, 15, 8, 15, 19, 19, 8, 19, 23, 23, 20, 5, 26, 5, 26, 30, 30, 27]
[3, 3, 0, 3, 6, 4, 3, 9, 10, 3, 16, 16, 14, 12, 16, 10, 18, 16, 18, 21, 19, 16, 22, 22]
[3, 3, 0, 3, 7, 5, 10, 10, 10, 3, 10, 10]
[4, 3, 4, 0, 4, 5, 9, 9, 6, 9, 6, 14, 14, 6]
[0, 1, 1, 7, 7, 7, 3, 7, 8, 11, 9, 11, 12, 13, 13, 13, 13, 17, 17]
[2, 5, 5, 5, 0, 5, 8, 6]
[4, 4, 4, 0, 6, 4, 6, 9, 11, 11, 7, 11, 15, 15, 12, 17, 11, 19, 11]
[2, 0, 2, 8, 6, 8, 8, 2]
[2, 3, 0, 5, 3, 5, 9, 9, 6]
[4, 4, 4, 0, 4, 7, 5, 10, 10, 7, 10, 13, 11, 13, 13, 10, 16, 17]
[0, 1, 1, 5, 1, 5, 9, 9, 6]
[5, 1, 2, 5, 0, 5, 5, 9, 5]
[4, 4, 4, 0, 4, 7, 5, 7, 7, 7, 12, 10, 15, 15, 12, 15, 4]
[3, 3, 0, 3, 4, 3, 6, 3, 13, 11, 13, 13, 8]
[4, 4, 4, 11, 4, 10, 10, 10, 10, 4, 0, 13, 11, 13, 16, 14, 18, 16, 18, 19, 24, 24, 24, 13, 27, 27, 24]
[2, 0, 5, 5, 2, 2, 2, 10, 10, 18, 10, 13, 11, 13, 17, 17, 14, 2, 22, 22, 22, 18, 22, 23, 24, 24, 24]
[2, 0, 4, 8, 4, 5, 8, 2]
[2, 7, 2, 6, 6, 3, 0, 10, 10, 7, 10, 11, 15, 15, 12]
[2, 0, 4, 2, 6, 2, 9, 9, 6, 9, 12, 10]
[2, 0, 2, 3, 4, 7, 5]
[0, 3, 1, 3, 6, 4, 6, 10, 10, 6, 10, 13, 14, 11, 16, 3, 16, 20, 20, 17]
[3, 3, 8, 3, 7, 7, 4, 0, 8, 13, 10, 13, 9, 13, 9, 9, 16]
[18, 1, 18, 3, 3, 3, 3, 7, 18, 12, 12, 18, 14, 12, 14, 15, 18, 0, 20, 18, 20, 20]
[2, 6, 6, 6, 6, 0]
[5, 1, 4, 2, 0, 8, 8, 5, 11, 11, 8, 11, 14, 12]
[2, 0, 2, 2, 6, 8, 8, 4, 8, 11, 8]
[2, 4, 4, 0, 6, 4, 6, 9, 7]
[2, 0, 2, 2, 2, 7, 5, 9, 10, 7, 10, 10]
[2, 0, 6, 6, 6, 2]
[3, 3, 0, 3, 6, 4, 6, 11, 8, 11, 7, 11, 12, 16, 16, 13]
[0, 1, 4, 2, 4, 7, 5, 1, 11, 11, 1, 11, 14, 12, 16, 11, 19, 19, 20, 16, 22, 23, 20, 27, 27, 25, 23]
[2, 0, 4, 2, 4, 4, 4, 10, 10, 7, 4, 4, 12, 13, 16, 12]
[0, 3, 1, 3, 6, 4, 6, 6, 6, 11, 6, 11, 12]
[2, 0, 2, 2]
[9, 1, 4, 5, 1, 9, 9, 9, 0, 11, 9]
[0, 1, 5, 5, 2, 5, 8, 6, 8, 8, 13, 13, 8, 13, 18, 18, 18, 14, 18, 22, 22, 19]
[11, 3, 11, 5, 11, 5, 8, 6, 11, 11, 0, 11, 12, 16, 16, 13]
[10, 3, 10, 3, 3, 5, 5, 9, 5, 0, 10, 10, 10]
[2, 6, 6, 6, 6, 0, 9, 9, 6, 13, 13, 13, 6, 15, 13, 18, 18, 15, 18]
[4, 4, 4, 25, 6, 4, 8, 6, 6, 14, 12, 14, 14, 9, 18, 17, 18, 14, 14, 14, 20, 20, 24, 22, 0, 27, 29, 29, 25]
[3, 3, 4, 5, 0, 5]
[8, 3, 8, 3, 6, 3, 8, 0, 8, 12, 12, 9]
[4, 4, 4, 5, 0, 7, 5, 9, 7, 9, 13, 13, 10, 5, 16, 5, 16, 16, 20, 16, 20, 23, 21]
[2, 0, 5, 5, 2, 5]
[6, 3, 6, 6, 6, 17, 9, 9, 17, 9, 12, 13, 10, 17, 17, 17, 0, 17, 17, 24, 24, 24, 24, 19]
[0, 1, 4, 1]
[7, 5, 5, 5, 1, 7, 0, 7, 7, 13, 13, 13, 9, 16, 16, 18, 18, 13, 18, 21, 18, 21, 22, 27, 27, 27, 21]
[16, 4, 4, 16, 6, 4, 6, 6, 10, 8, 10, 13, 11, 10, 10, 20, 18, 16, 20, 0, 25, 25, 25, 25, 20, 25, 28, 26, 28, 33, 33, 33, 29]
[2, 0, 4, 2, 4, 5, 6, 9, 7, 11, 9, 11, 14, 12, 6, 6, 19, 19, 16, 19, 22, 20]
[2, 5, 5, 5, 0, 9, 9, 9, 5, 16, 13, 13, 16, 16, 16, 9]
[4, 4, 4, 5, 0, 5, 6, 10, 10, 7, 13, 13, 10, 13, 16, 13, 16, 17, 18, 13]
[0, 1]
[4, 3, 4, 0, 4, 7, 5, 4, 8, 11, 9, 11, 12, 17, 14, 17, 11, 19, 17, 19]
[4, 4, 4, 8, 8, 8, 8, 0, 11, 11, 12, 8, 12, 15, 13]
[2, 5, 5, 5, 0, 14, 10, 9, 10, 14, 13, 13, 10, 5, 19, 17, 19, 19, 14, 19, 24, 23, 24, 19, 24, 29, 29, 29, 25]
[7, 3, 1, 7, 7, 7, 0]
[7, 3, 1, 7, 7, 7, 0]
[2, 0, 7, 5, 7, 7, 2, 11, 11, 11, 7, 13, 11, 15, 13, 7, 18, 7, 21, 21, 18, 23, 18, 25, 18, 28, 28, 25, 25, 29]
[2, 0, 2, 3, 4, 5, 6, 9, 7, 12, 12, 2, 12, 13, 16, 12, 21, 21, 21, 21, 16, 21, 24, 22, 24, 25]
[2, 22, 2, 7, 7, 7, 3, 7, 10, 7, 10, 15, 15, 15, 11, 17, 22, 17, 18, 22, 22, 0, 22, 25, 23]
[2, 3, 0, 5, 3, 7, 5]
[2, 8, 2, 5, 3, 8, 8, 0]
[2, 4, 4, 0, 6, 4, 4, 9, 7, 9, 13, 13, 10, 19, 16, 19, 18, 19, 13, 22, 22, 4, 22, 26, 26, 22, 26, 29, 26]
[3, 3, 5, 5, 0, 5, 6, 7, 7, 11, 12, 9]
[2, 7, 2, 3, 4, 5, 0, 10, 10, 7, 10, 13, 11, 13, 14, 10, 18, 10, 21, 21, 18, 21, 27, 27, 27, 27, 22]
[2, 4, 4, 0, 6, 4, 6, 6]
[7, 1, 4, 2, 6, 7, 0, 12, 10, 12, 12, 7, 17, 17, 17, 17, 12, 12, 20, 23, 20, 21, 12]
[3, 3, 5, 5, 0]
[2, 0, 4, 2, 7, 7, 4, 7, 11, 11, 8, 2, 14, 17, 17, 17, 2, 21, 21, 21, 17, 21, 26, 26, 26, 22]
[3, 3, 4, 0, 11, 8, 6, 11, 8, 9, 4, 11, 14, 4, 16, 17, 14, 17, 18, 21, 19, 21]
[2, 0, 2, 3, 4, 10, 10, 10, 10, 5]
[0, 3, 1, 5, 3, 8, 8, 3, 10, 8]
[9, 1, 4, 2, 4, 7, 5, 9, 0, 9, 13, 13, 10, 13, 13, 15, 13, 17, 18, 19, 20, 21, 24, 22, 24]
[3, 3, 16, 5, 3, 7, 5, 7, 13, 13, 10, 10, 8, 16, 16, 0, 18, 16, 18, 19, 22, 20]
[7, 7, 7, 7, 7, 7, 0, 7, 8, 9, 13, 13, 9]
[5, 3, 5, 3, 10, 5, 8, 10, 10, 0, 14, 14, 14, 10, 16, 14, 16, 17, 14, 21, 19]
[0, 1, 2, 3, 6, 4, 13, 13, 13, 9, 12, 10, 6, 13]
[2, 3, 0, 3, 3, 7, 9, 9, 3, 3, 12, 15, 15, 15, 3, 15, 19, 19, 15]
[0, 4, 4, 1, 1, 1, 6, 6, 8, 13, 13, 13, 9, 6, 18, 18, 18, 14, 18, 19]
[4, 3, 1, 0, 4, 5, 8, 6, 8, 11, 9, 11, 4, 13, 16, 4, 18, 16, 18, 22, 22, 19, 27, 25, 23, 27, 22, 29, 27, 29, 4]
[0, 1, 1, 3, 1, 8, 8, 5, 8, 9]
[13, 4, 4, 1, 6, 13, 6, 9, 7, 9, 10, 13, 0, 13, 16, 14, 13, 19, 17]
[0, 1, 8, 6, 6, 8, 8, 2, 8, 11, 9, 11, 15, 15, 12, 15, 22, 22, 22, 22, 22, 15]
[2, 12, 2, 5, 9, 9, 9, 9, 3, 12, 12, 0, 17, 17, 17, 17, 12]
[2, 10, 2, 8, 8, 8, 8, 3, 10, 0, 12, 10, 12, 12, 16, 14, 12, 12, 20, 18]
[3, 3, 0, 3, 4, 7, 5, 7, 7, 7, 13, 13, 10]
[0, 4, 4, 1, 4, 7, 5, 4, 8, 9, 10, 4, 12, 15, 13]
[2, 7, 4, 2, 6, 7, 0, 7, 11, 11, 8, 11, 17, 16, 16, 17, 12]
[0, 4, 4, 1, 4, 5, 8, 6, 8, 9, 10]
[2, 0, 2, 6, 6, 2]
[6, 3, 6, 6, 6, 13, 9, 9, 10, 6, 13, 13, 0, 17, 17, 17, 19, 19, 13, 19]
[12, 1, 5, 5, 1, 5, 5, 10, 10, 7, 12, 0, 15, 15, 12, 17, 15]
[7, 7, 2, 2, 2, 7, 14, 7, 8, 9, 9, 13, 11, 0, 14, 14, 18, 16]
[10, 3, 1, 3, 4, 5, 5, 1, 10, 0, 12, 13, 10, 13]
[0]
[2, 0, 2, 5, 2, 7, 2, 7, 12, 12, 12, 8]
[2, 4, 2, 0, 6, 4, 9, 9, 6, 13, 13, 13, 9]
[3, 3, 0, 5, 3, 5, 9, 9, 6, 12, 12, 5, 12, 12, 12, 3]
[3, 3, 10, 3, 9, 8, 8, 9, 4, 0, 12, 10, 14, 12, 17, 17, 14, 19, 14, 19, 22, 19, 24, 22, 27, 27, 24, 30, 30, 24]
[6, 3, 1, 6, 6, 0, 6, 10, 10, 7]
[2, 5, 5, 5, 0, 5, 6, 9, 5, 13, 13, 13, 16, 13, 13, 9, 16, 17, 18, 19]
[7, 1, 4, 2, 1, 7, 0, 7, 14, 14, 14, 14, 14, 8, 16, 14, 16, 16, 22, 22, 22, 18, 22, 22, 26, 24, 29, 29, 22, 22, 22, 31, 34, 32, 31, 37, 35]
[2, 11, 6, 6, 6, 2, 11, 9, 11, 11, 0, 13, 14, 11, 14]
[3, 3, 0, 3, 6, 4, 3, 10, 10, 7, 10, 11, 15, 15, 12]
[0, 1, 9, 5, 9, 8, 8, 9, 2, 1, 12, 14, 12, 1, 16, 14, 19, 19, 20, 16]
[6, 1, 6, 6, 6, 0, 9, 9, 6]
[4, 3, 4, 0, 13, 7, 13, 7, 11, 11, 8, 13, 4]
[3, 3, 4, 0, 6, 8, 8, 4, 8, 11, 16, 11, 12, 16, 16, 9, 19, 19, 20, 16]
[2, 0, 2, 5, 2, 7, 2]
[3, 3, 10, 3, 7, 7, 4, 3, 8, 0, 19, 13, 19, 16, 16, 13, 16, 19, 10, 22, 22, 19, 24, 22, 24, 25, 26, 27, 30, 26]
[2, 0, 2, 5, 3, 8, 8, 2, 8, 9, 9, 11, 12, 16, 16, 8, 18, 16, 18]
[2, 0, 2, 2, 16, 8, 8, 16, 10, 8, 10, 11, 10, 16, 16, 2, 16, 19, 17]
[0, 4, 4, 1, 1, 7, 5, 9, 12, 12, 12, 7, 12, 15, 13, 1, 20, 19, 20, 1, 20, 21, 24, 22, 26, 20, 26, 31, 31, 31, 27]
[2, 0, 8, 6, 6, 8, 8, 2, 8, 12, 12, 9]
[0, 3, 1, 5, 7, 7, 3, 10, 10, 7]
[2, 0, 2, 5, 3, 9, 9, 9, 2]
[3, 3, 0, 3, 6, 4, 8, 3, 8, 11, 9, 13, 11, 13, 17, 17, 14]
[0, 3, 1, 6, 6, 3, 8, 6, 8, 8, 10, 1, 1, 13, 13, 17, 15, 17, 18, 22, 22, 17, 24, 22, 24, 22, 29, 29, 22]
[2, 5, 4, 5, 0, 7, 5, 9, 11, 11, 7, 13, 11, 13, 13, 17, 15]
[20, 20, 5, 5, 20, 5, 8, 6, 8, 12, 12, 9, 8, 15, 13, 15, 18, 16, 20, 28, 20, 24, 24, 21, 28, 28, 28, 0, 28, 28, 32, 30, 34, 32, 36, 34, 36, 39, 37, 39, 40]
[3, 3, 0]
[4, 4, 4, 0, 4, 5, 6, 11, 11, 11, 7, 11, 14, 12, 14, 19, 19, 19, 15, 19, 23, 23, 20]
[0, 3, 1, 1, 7, 7, 4, 9, 7, 9, 9, 9, 1, 15, 13, 15, 16, 15, 21, 21, 18, 29, 22, 26, 26, 23, 28, 29, 21]
[2, 3, 0, 3, 4, 5, 10, 10, 10, 5]
[9, 4, 4, 1, 9, 9, 9, 9, 0, 9, 15, 15, 15, 15, 10, 15, 18, 16]
[4, 4, 4, 0, 27, 11, 8, 9, 11, 9, 27, 11, 18, 18, 18, 18, 18, 12, 18, 21, 25, 21, 21, 25, 19, 27, 4, 29, 27, 29, 30, 31, 30, 35, 33, 35, 35]
[2, 4, 4, 0, 7, 7, 4, 9, 4, 9, 12, 10, 12, 16, 16, 13, 16, 17, 18, 19, 22, 19, 22, 26, 26, 23]
[3, 3, 0, 3, 6, 4, 6, 9, 7, 12, 12, 9, 12, 15, 16, 13, 18, 16, 18, 18, 22, 18, 16, 29, 29, 29, 29, 29, 16, 32, 32, 29, 29, 29, 36, 34]
[3, 3, 0, 3, 9, 7, 9, 9, 4]
[2, 3, 0, 6, 6, 3, 3, 11, 11, 11, 7, 14, 14, 11, 16, 14, 16, 23, 23, 19, 22, 23, 17, 23, 26, 24]
[2, 10, 2, 3, 6, 2, 6, 10, 10, 0, 10, 13, 11]
[2, 4, 2, 0, 4, 5, 8, 6]
[0, 3, 1, 3, 9, 9, 9, 9, 4]
[0, 1, 6, 6, 6, 2, 6, 7, 10, 8]
[0, 3, 1, 6, 6, 3, 6, 6, 10, 8]
[3, 3, 0, 5, 3]
[2, 0, 4, 2, 8, 8, 8, 4]
[0, 3, 1, 3, 4, 7, 3, 7, 8, 9, 9, 1, 16, 16, 16, 1, 19, 19, 16, 21, 19, 23, 21, 27, 26, 27, 16, 27, 28, 29]
[2, 0, 4, 2]
[2, 4, 4, 0, 4, 7, 5, 4, 10, 12, 12, 8]
[0, 1, 2, 6, 6, 7, 2]
[2, 0, 2, 7, 7, 7, 2]
[4, 4, 4, 0, 7, 7, 4, 7, 10, 8, 7, 14, 14, 11]
[2, 7, 2, 7, 7, 7, 0]
[0, 3, 1, 3, 4, 5, 5, 9, 7, 9, 13, 13, 10]
[3, 3, 13, 3, 6, 3, 8, 3, 8, 11, 9, 13, 0, 16, 16, 13, 13, 20, 20, 13, 22, 20, 24, 22, 24, 27, 25, 27, 33, 33, 33, 33, 28]
[3, 3, 5, 5, 0, 5, 9, 9, 6, 5, 12, 5, 14, 12, 16, 14, 14, 17, 20, 18]
[0, 3, 1, 12, 12, 12, 12, 9, 12, 9, 9, 3, 12, 15, 13, 1, 19, 19, 1, 26, 26, 21, 25, 25, 22, 19, 26, 26]
[11, 1, 2, 5, 3, 5, 5, 11, 11, 11, 0, 11, 12, 13, 16, 13, 13, 21, 18, 21, 17, 21]
[4, 4, 4, 0]
[4, 3, 4, 8, 4, 7, 5, 0, 11, 11, 8, 14, 14, 11, 16, 14, 16]
[2, 5, 5, 5, 0, 5, 6, 6, 8]
[2, 0, 2, 3, 6, 9, 8, 9, 4, 13, 13, 13, 2, 15, 13, 15, 15, 24, 24, 24, 22, 24, 24, 15, 24, 27, 25]
[4, 4, 4, 0, 9, 7, 9, 9, 4, 13, 12, 13, 9, 9, 9, 15, 18, 15, 18, 21, 19, 24, 24, 18, 24, 24]
[11, 3, 1, 3, 6, 4, 10, 10, 10, 11, 0, 13, 11, 13, 18, 18, 18, 14, 18]
[2, 4, 4, 0, 4, 8, 8, 5, 8, 9, 9, 11, 4, 15, 16, 4, 24, 19, 24, 24, 24, 24, 24, 16, 24, 27, 25, 27, 24, 34, 34, 34, 34, 24, 36, 34, 40, 40, 40, 36, 43, 43, 48, 48, 48, 47, 48, 40]
[3, 3, 0]
[3, 3, 4, 0, 4]
[2, 0, 4, 2, 4, 7, 4, 2, 10, 11, 8]
[4, 4, 4, 0, 6, 4, 4, 12, 12, 12, 12, 7, 16, 15, 16, 24, 18, 16, 20, 18, 24, 24, 24, 4, 24, 29, 29, 29, 24]
[3, 3, 0, 3, 6, 3, 9, 9, 6, 9, 10, 11, 15, 15, 12, 15, 16, 19, 11, 19, 20, 23, 21, 23, 24, 29, 29, 29, 25]
[2, 11, 11, 5, 3, 7, 11, 11, 11, 11, 16, 11, 11, 16, 16, 0, 18, 16, 18, 19, 20, 21, 21, 26, 26, 23]
[0]
[6, 6, 6, 6, 6, 0, 6, 9, 7, 6, 13, 13, 10]
[5, 3, 1, 5, 0, 5, 9, 9, 5, 5, 5, 17, 17, 17, 17, 17, 11, 17, 11, 19, 20, 20, 22]
[7, 7, 7, 7, 7, 7, 0, 7, 7, 9, 13, 13, 7, 17, 14, 17, 13, 19, 17]
[16, 3, 1, 3, 3, 16, 16, 7, 7, 7, 12, 10, 12, 15, 13, 0, 19, 19, 16, 16, 20, 21, 25, 25, 22, 16, 28, 29, 16, 31, 29, 31, 32]
[3, 3, 0, 5, 3, 18, 8, 18, 8, 14, 13, 13, 14, 9, 18, 18, 18, 5, 18, 21, 19, 21, 24, 22]
[4, 4, 4, 0, 4, 7, 5, 9, 7, 9, 9, 9, 15, 15, 12, 15, 18, 16, 18]
[2, 3, 0, 3, 8, 8, 8, 3, 12, 12, 12, 3, 12, 17, 17, 17, 13]
[2, 3, 0, 6, 6, 3, 6, 11, 11, 11, 7, 6, 14, 12]
[0, 4, 4, 1, 4]
[5, 1, 2, 5, 0, 5, 6, 11, 10, 11, 5, 11, 5]
[5, 5, 5, 5, 0]
[4, 4, 4, 8, 8, 8, 8, 12, 12, 11, 12, 0, 12, 19, 19, 19, 19, 19, 13, 25, 22, 24, 24, 25, 19, 25, 25, 25, 28, 31, 29]
[0, 1, 4, 2, 4, 5, 6, 12, 12, 12, 12, 7, 2, 2, 2, 18, 18, 15, 18, 21, 19]
[0, 1, 4, 2, 4, 5, 9, 9, 4, 11, 9]
[3, 3, 0, 3, 4, 9, 9, 9, 3, 3]
[2, 7, 2, 5, 3, 7, 0, 7, 13, 13, 13, 13, 8, 13, 14, 20, 20, 20, 20, 13, 20, 25, 25, 25, 21]
[11, 3, 1, 3, 6, 7, 8, 4, 8, 11, 0, 11, 15, 15, 12, 17, 15, 17, 20, 18]
[3, 3, 8, 5, 3, 5, 5, 0, 11, 11, 8, 8, 8, 13, 16, 14, 16]
[2, 7, 2, 6, 6, 3, 0, 10, 10, 7, 10, 14, 14, 11, 14, 17, 15, 17, 20, 18, 29, 23, 29, 25, 23, 29, 29, 29, 20]
[3, 3, 0, 3, 6, 4, 6, 11, 11, 11, 7, 11, 11, 11, 14, 17, 15]
[3, 3, 6, 6, 6, 0, 6, 10, 10, 6]
[3, 3, 14, 3, 6, 3, 9, 9, 6, 14, 14, 14, 14, 0, 14, 15, 14, 21, 21, 21, 14, 21, 24, 25, 21, 25, 25, 25, 28]
[2, 0, 2, 2, 4, 10, 10, 10, 10, 5, 20, 13, 20, 13, 13, 15, 18, 16, 20, 10, 22, 20, 22, 28, 28, 25, 25, 23]
[4, 3, 4, 5, 0, 7, 5, 7, 10, 7, 12, 10, 12]
[3, 3, 0, 6, 6, 3, 6, 10, 10, 7, 26, 26, 26, 26, 16, 14, 20, 20, 20, 26, 20, 23, 21, 26, 26, 10, 26, 29, 27]
[5, 5, 5, 5, 0]
[2, 10, 5, 5, 2, 9, 9, 9, 10, 0, 12, 10, 12, 16, 16, 13, 16, 17, 18, 19, 20, 23, 21]
[2, 23, 6, 6, 6, 2, 6, 10, 10, 6, 10, 11, 14, 23, 14, 17, 15, 14, 18, 21, 23, 23, 0, 23, 23, 25, 26, 30, 30, 27]
[5, 5, 4, 5, 14, 7, 5, 7, 7, 12, 12, 9, 14, 0, 17, 17, 14, 17, 20, 18, 24, 24, 24, 25, 20, 20, 20, 29, 27, 38, 32, 38, 32, 36, 36, 33, 38, 17]
[0]
[3, 3, 4, 0, 4, 4, 6, 4, 11, 11, 4, 11, 11, 18, 18, 18, 18, 13, 18, 19]
[2, 0, 2, 5, 3]
[7, 7, 7, 7, 4, 4, 0, 7, 8, 11, 9, 13, 8, 13, 14, 17, 15]
[2, 7, 2, 6, 6, 3, 0, 9, 7, 9, 10, 17, 17, 13, 13, 17, 9]
[6, 3, 6, 6, 6, 14, 8, 6, 8, 14, 14, 14, 14, 0, 14, 18, 18, 20, 20, 14]
[2, 0, 2, 3, 4]
[4, 4, 4, 0, 6, 4, 8, 4, 11, 11, 8]
[3, 3, 0, 3, 4, 5, 10, 10, 10, 6, 10, 10, 3, 16, 16, 13, 16, 16, 21, 19, 23, 21, 18, 16, 16, 28, 28, 25, 30, 28, 33, 33, 28, 35, 33, 35]
[3, 3, 0, 3, 8, 7, 8, 4, 10, 12, 12, 3, 14, 12, 14, 14, 20, 20, 20, 21, 16, 21, 22]
[4, 1, 1, 0, 4, 4, 4, 10, 10, 7, 10, 11, 4, 4, 14, 17, 19, 19, 15, 23, 23, 23, 19, 26, 26, 23, 26]
[2, 0, 2, 2, 2, 7, 10, 10, 10, 2, 10, 10, 16, 16, 16, 12]
[3, 3, 0, 3, 3, 8, 8, 5, 8, 9, 10, 13, 8, 17, 17, 17, 13]
[10, 3, 1, 5, 3, 7, 5, 10, 10, 0, 10, 15, 15, 15, 11, 18, 18, 15, 18, 18]
[2, 0, 2, 2, 6, 2, 6]
[0, 4, 4, 1, 1, 10, 10, 10, 10, 5, 1, 11, 14, 12, 14, 17, 15, 22, 22, 21, 22, 17, 22, 25, 23, 27, 25, 27]
[3, 3, 0, 6, 6, 3, 6, 9, 7]
[3, 3, 0, 6, 6, 3, 8, 6]
[2, 4, 4, 0, 4, 7, 5, 7, 8]
[2, 4, 4, 0, 6, 4, 8, 6, 10, 8, 12, 10, 12]
[7, 1, 4, 2, 7, 5, 0, 9, 7, 9, 12, 7]
[3, 3, 4, 0, 6, 4, 8, 6, 8, 11, 9, 11, 14, 12, 18, 18, 18, 4, 20, 18, 18, 21]
[4, 4, 4, 0, 6, 4, 8, 6, 10, 12, 12, 8]
[5, 5, 5, 5, 0, 5, 5, 5, 8, 5, 12, 5, 12, 16, 16, 13, 18, 12, 18, 18, 24, 24, 24, 20, 24, 25]
[4, 4, 4, 0, 9, 9, 6, 6, 4, 4, 4, 11, 16, 16, 16, 12, 16, 17]
[3, 3, 7, 3, 6, 4, 0, 7, 7, 7]
[0, 1, 5, 5, 1, 5, 9, 9, 6]
[2, 0, 4, 2, 8, 5, 5, 4, 8, 8, 12, 4, 12, 15, 2, 15, 15, 2]
[0, 1, 6, 6, 6, 2, 6, 6, 1]
[0, 1, 4, 2, 4, 5, 6]
[3, 3, 0]
[2, 0, 4, 2]
[2, 0, 4, 2, 6, 4, 8, 6]
[7, 1, 4, 2, 4, 5, 0, 7, 8, 9, 9, 9, 15, 15, 9]
[2, 10, 2, 5, 3, 5, 6, 7, 7, 0, 10, 14, 14, 11, 14, 17, 15]
[2, 3, 0, 8, 4, 4, 8, 3, 3, 14, 14, 13, 14, 9, 19, 19, 19, 19, 14, 19, 22, 20, 22, 23]
[6, 3, 6, 6, 6, 0, 9, 9, 6, 11, 9, 9, 9, 17, 17, 17, 13, 17, 17]
[3, 3, 0, 3, 3, 7, 3, 9, 7]
[3, 3, 5, 5, 0, 5, 5, 5, 8, 9, 12, 10, 12, 13, 16, 12, 16, 17, 21, 21, 8, 23, 21]
[7, 3, 7, 3, 6, 3, 0]
[3, 3, 0, 3, 3, 8, 8, 5, 3, 9, 10, 15, 14, 15, 11]
[8, 4, 4, 8, 6, 8, 8, 0, 8, 12, 12, 9, 12, 12]
[3, 3, 0, 5, 3, 7, 5, 7, 8, 3, 17, 11, 12, 15, 13, 17, 3, 17, 18, 19, 19]
[5, 5, 4, 5, 0, 5, 5, 7, 10, 8, 10, 11, 5, 16, 16, 25, 16, 19, 17, 16, 22, 20, 25, 25, 5, 25, 26, 27]
[4, 4, 4, 0, 11, 8, 8, 11, 11, 11, 4, 11, 12, 13, 14, 18, 18, 15, 20, 18, 20, 23, 21]
[3, 3, 16, 3, 6, 4, 3, 11, 11, 11, 7, 16, 16, 16, 16, 0, 16, 19, 17]
[2, 0, 4, 2]
[0, 1, 4, 1, 4, 5, 8, 6, 8, 9, 1, 1, 14, 16, 16, 1, 16, 19, 16]
[2, 5, 5, 5, 0, 5, 5, 5, 10, 8, 15, 15, 15, 15, 10]
[3, 3, 0, 8, 8, 8, 8, 3, 8, 11, 9]
[3, 3, 0, 3, 3, 5, 13, 13, 13, 13, 13, 13, 5, 13, 14, 15, 16, 15, 18]
[2, 4, 4, 0, 4, 5, 6, 6, 11, 11, 6, 11, 14, 12]
[2, 0, 6, 6, 6, 2, 10, 10, 10, 2, 10, 16, 16, 16, 16, 10, 18, 16, 10, 10, 20, 23, 24, 20, 20, 27, 25, 30, 30, 20, 30]
[0, 3, 1, 6, 6, 3, 6, 7, 8, 9, 12, 10, 3, 15, 3, 17, 15, 17, 17, 21, 17, 21, 22, 22]
[0, 3, 1, 5, 3, 3, 10, 7, 10, 6, 13, 13, 3, 13, 14, 17, 15, 13, 18, 19, 22, 20, 22, 23]
[2, 4, 4, 0, 4, 7, 5]
[0, 1, 4, 2, 4, 5, 6, 6, 11, 11, 4, 18, 18, 13, 13, 18, 18, 11]
[2, 12, 2, 2, 7, 7, 4, 7, 12, 12, 12, 0, 12, 13, 18, 18, 18, 14, 20, 12, 20]
[7, 7, 5, 5, 7, 7, 0, 11, 10, 11, 7, 13, 11]
[2, 3, 0, 5, 3, 3, 8, 6, 10, 3]
[4, 4, 4, 0, 7, 7, 4, 9, 7, 11, 9, 9, 12, 15, 13, 15, 18, 16, 20, 15, 22, 20, 22, 23, 26, 24]
[8, 3, 1, 3, 6, 4, 8, 0, 10, 8, 8, 13, 11]
[2, 5, 5, 5, 0]
[3, 3, 5, 5, 0, 8, 8, 5]
[4, 4, 4, 0, 4, 7, 5, 4, 11, 11, 8, 11, 14, 11]
[3, 3, 9, 3, 8, 8, 8, 4, 0, 9]
[2, 12, 2, 2, 2, 7, 2, 7, 10, 8, 12, 0, 12, 13, 14, 18, 18, 14, 18, 21, 19, 21, 21]
[2, 4, 4, 0, 4, 7, 5, 4, 13, 13, 13, 13, 4, 13, 16, 14, 16, 19, 17]
[10, 1, 4, 10, 4, 10, 8, 10, 10, 0, 13, 13, 15, 15, 10, 10]
[3, 3, 5, 5, 0, 5, 5, 7, 10, 12, 12, 5, 14, 16, 14, 5, 20, 20, 20, 16, 20, 23, 21, 23, 24]
[10, 1, 2, 3, 6, 4, 10, 10, 10, 0, 10, 15, 15, 15, 11, 15, 21, 21, 21, 21, 16]
[2, 4, 4, 0, 8, 8, 8, 4, 4, 11, 9, 11, 14, 12, 9, 15, 16, 16]
[26, 3, 1, 3, 6, 4, 6, 7, 3, 3, 10, 13, 11, 10, 14, 15, 14, 20, 20, 17, 22, 20, 22, 25, 26, 0, 26, 29, 27, 29, 30, 31, 38, 38, 38, 38, 38, 32, 26, 39]
[3, 3, 12, 6, 6, 3, 3, 10, 10, 7, 12, 0, 14, 12, 14, 15]
[3, 3, 0, 5, 3, 7, 5, 9, 7, 3, 13, 13, 10]
[3, 3, 0, 3, 4, 8, 8, 5, 3, 12, 12, 3]
[2, 0, 2, 2, 6, 4, 2, 12, 12, 12, 12, 7, 14, 12, 18, 18, 18, 14]
[2, 0, 6, 6, 6, 2, 6, 9, 7, 11, 9, 11, 11, 13, 14, 17, 15]
[3, 3, 0, 3, 6, 8, 8, 4, 8, 11, 8, 3, 3, 13, 13, 17, 15]
[2, 0, 2, 3, 4, 4, 9, 9, 6]
[2, 0, 5, 5, 2]
[4, 4, 4, 0, 4, 5, 9, 9, 6, 9, 12, 10, 6, 15, 13, 18, 18, 15, 18, 23, 23, 23, 19, 18, 26, 18, 30, 29, 30, 26, 33, 33, 30, 36, 36, 33, 33, 40, 40, 37]
[2, 4, 4, 0, 6, 4, 4, 9, 7, 12, 12, 9]
[2, 3, 0, 6, 6, 3]
[2, 0, 2, 5, 3, 2, 2, 9, 7, 11, 9, 11, 11, 16, 16, 13]
[2, 5, 2, 3, 0, 10, 10, 9, 7, 5, 10, 10, 17, 17, 14, 14, 12, 17, 22, 22, 22, 18]
[6, 3, 1, 6, 6, 0, 6, 6]
[3, 3, 20, 6, 6, 3, 3, 9, 3, 11, 9, 11, 16, 16, 16, 12, 3, 20, 20, 0]
[2, 0, 2, 3, 2, 7, 2, 9, 7]
[10, 5, 5, 5, 1, 5, 8, 6, 10, 0, 14, 14, 14, 10, 14]
[3, 3, 0, 6, 6, 3, 3, 10, 10, 3, 12, 10, 14, 12]
[0, 3, 1, 3, 6, 3, 6, 7, 8, 8, 8]
[2, 0, 2, 2, 2, 7, 5, 2, 11, 11, 2, 13, 11, 15, 16, 13, 2]
[7, 4, 4, 7, 7, 7, 0, 7, 11, 11, 8, 11, 12]
[2, 4, 4, 0, 4, 4, 6, 7]
[3, 3, 0, 6, 6, 7, 3, 12, 12, 9, 9, 7, 3, 3, 18, 18, 18, 14, 21, 21, 18, 18, 22, 26, 26, 14, 28, 26, 30, 28]
[2, 4, 4, 0, 4, 7, 11, 11, 11, 11, 4, 11, 14, 12, 14, 15, 16, 21, 21, 21, 17]
[3, 3, 6, 6, 6, 0, 6, 7, 6, 11, 14, 14, 14, 6, 14, 17, 14, 17, 21, 21, 17, 17, 24, 22, 24, 25]
[2, 3, 0, 3, 6, 4, 9, 9, 3, 9, 10, 13, 11, 9, 17, 17, 14]
[3, 3, 0, 6, 6, 7, 3, 13, 10, 13, 13, 13, 7, 13, 16, 14, 13, 13, 18, 22, 22, 19, 18, 23]
[4, 3, 1, 0, 4, 5, 4, 9, 4, 11, 9]
[0, 3, 1, 1]
[0, 1, 4, 2, 2, 5, 8, 6, 6]
[9, 9, 9, 3, 6, 3, 9, 9, 0, 11, 9, 13, 11]
[4, 4, 4, 0, 6, 9, 6, 6, 4, 11, 4, 11]
[6, 6, 6, 6, 6, 0]
[2, 0, 2, 6, 6, 3, 8, 6]
[2, 0, 2, 9, 9, 9, 6, 6, 2, 9, 12, 9, 2, 16, 16, 13, 21, 19, 21, 21, 2, 25, 24, 25, 21, 29, 26, 29, 2, 29]
[0, 1, 5, 5, 2]
[4, 4, 4, 0, 4, 5, 11, 7, 11, 11, 4, 13, 11, 11, 16, 14, 16, 17, 18, 19, 11, 25, 25, 25, 21, 25, 31, 31, 31, 31, 26]
[12, 1, 2, 3, 6, 4, 9, 9, 3, 9, 12, 0, 12, 13, 14, 17, 14]
[8, 1, 4, 2, 4, 5, 8, 0, 8, 9, 10, 11, 14, 12]
[4, 4, 4, 0]
[0, 3, 1, 3, 4, 5, 5, 7, 10, 7]
[2, 7, 7, 7, 7, 7, 9, 9, 0, 9, 17, 17, 17, 17, 17, 17, 10]
[8, 5, 5, 5, 1, 7, 8, 0, 8, 9, 12, 10, 12, 12, 14, 17, 12, 17, 17, 21, 17, 21, 21]
[3, 3, 0, 3, 7, 7, 4, 9, 3, 11, 9, 11, 15, 15, 12, 9, 16, 17, 20, 18, 20, 23, 20]
[2, 0, 2, 2, 7, 7, 4, 7, 7, 9, 12, 2, 14, 12, 17, 17, 2, 22, 22, 19, 19, 17]
[16, 4, 4, 1, 6, 4, 6, 10, 10, 7, 12, 10, 16, 16, 16, 0, 18, 16, 18, 16, 20]
[2, 0, 2, 2]
[10, 3, 10, 3, 6, 3, 10, 10, 10, 0, 12, 10, 12, 13, 16, 14]
[7, 5, 5, 5, 7, 7, 20, 12, 12, 12, 12, 7, 14, 20, 14, 17, 15, 20, 20, 0, 22, 20, 22]
[3, 3, 12, 7, 7, 7, 3, 12, 12, 12, 12, 0]
[4, 4, 4, 0, 4, 7, 4, 7, 13, 9, 12, 9, 8]
[7, 7, 2, 5, 3, 7, 0, 7, 12, 11, 12, 8, 12, 13, 17, 17, 12, 7]
[2, 3, 0, 3, 4, 7, 10, 10, 10, 3, 10, 14, 14, 10, 17, 17, 14]
[9, 3, 9, 3, 4, 9, 9, 9, 0, 9, 12, 10, 12, 13, 14, 17, 15, 9, 20, 21, 9, 21, 25, 25, 22, 25, 26]
[3, 3, 11, 7, 6, 7, 3, 7, 8, 11, 0, 13, 11, 11, 18, 18, 18, 11, 18, 21, 19, 18, 26, 26, 26, 18, 26]
[5, 1, 4, 1, 0, 7, 5, 5, 10, 8, 5, 15, 15, 15, 16, 5, 18, 16, 21, 21, 18]
[5, 5, 5, 5, 0, 5, 5, 5, 8, 11, 9]
[2, 4, 2, 0, 7, 7, 4, 9, 7, 4, 14, 14, 14, 22, 16, 22, 22, 22, 22, 22, 22, 4]
[2, 0, 2, 2, 6, 4, 6, 11, 11, 11, 6, 2, 15, 15, 18, 18, 18, 2, 21, 21, 18]
[2, 15, 2, 9, 9, 8, 8, 9, 3, 15, 15, 15, 15, 15, 0, 15, 18, 15, 24, 23, 20, 20, 24, 15, 27, 27, 24]
[2, 0, 2, 2]
[2, 0, 2, 5, 3, 3, 9, 9, 6, 12, 12, 9, 12, 15, 13, 17, 15, 12, 23, 21, 22, 23, 18, 23, 24, 27, 25, 24]
[3, 3, 5, 5, 0, 5, 9, 9, 11, 11, 5, 11, 12, 13, 22, 22, 22, 22, 21, 21, 22, 14, 13, 13, 26, 28, 28, 24]
[2, 6, 2, 3, 6, 0, 6, 9, 6, 12, 12, 9, 12, 15, 16, 12]
[2, 3, 0, 3, 3, 3, 6]
[0, 1, 5, 5, 2, 5, 9, 9, 5]
[2, 0, 4, 2, 7, 7, 4, 7, 8, 8, 12, 7, 14, 12, 14, 17, 15, 19, 14]
[7, 1, 5, 5, 2, 7, 0, 7, 14, 11, 14, 13, 14, 28, 14, 14, 22, 22, 22, 22, 22, 16, 22, 23, 26, 28, 28, 7, 28, 29]
[0, 6, 6, 5, 6, 1, 1, 1, 10, 1, 10, 13, 14, 11]
[4, 3, 4, 7, 7, 7, 0, 9, 7, 11, 9, 11, 11, 13, 16, 14]
[7, 3, 1, 7, 6, 7, 0, 7, 10, 7, 15, 15, 15, 15, 10, 15, 18, 16, 7, 23, 23, 23, 7, 26, 26, 23, 26, 26, 26, 29, 32, 30, 32]
[5, 5, 5, 5, 20, 5, 11, 11, 11, 11, 6, 5, 12, 16, 16, 20, 16, 19, 17, 0, 22, 20, 20, 23, 28, 28, 28, 24, 28]
[2, 17, 2, 7, 7, 7, 3, 7, 8, 11, 14, 14, 14, 9, 17, 17, 0, 17, 23, 23, 23, 23, 17]
[2, 0, 4, 2, 2, 5, 2, 10, 10, 2, 2, 11, 14, 12, 16, 2, 16, 17, 18]
[5, 5, 5, 5, 0]
[9, 3, 9, 3, 9, 9, 9, 9, 0]
[3, 3, 13, 3, 4, 8, 8, 5, 13, 13, 13, 13, 0, 15, 19, 19, 18, 19, 13, 24, 24, 21, 21, 19, 24]
[0, 3, 1, 7, 7, 7, 3, 7, 7, 13, 12, 13, 7, 13, 14, 7, 22, 19, 22, 22, 22, 7]
[2, 6, 6, 6, 6, 0, 6, 10, 10, 7]
[5, 3, 5, 5, 0, 7, 5, 7, 8, 14, 14, 14, 14, 9, 16, 14, 18, 16, 5]
[4, 4, 4, 15, 6, 4, 8, 6, 8, 12, 12, 9, 14, 15, 0, 15, 15, 19, 17, 21, 19, 19, 22, 23, 26, 24]
[3, 3, 0, 5, 3, 7, 5, 11, 11, 11, 7, 13, 7, 3, 16, 19, 19, 19, 3, 19, 24, 24, 24, 20, 24, 27, 24, 19, 19, 29, 33, 33, 34, 30, 36, 34, 39, 39, 34]
[0, 1, 2, 1, 6, 4, 1, 11, 11, 11, 1, 14, 14, 11]
[10, 1, 7, 5, 7, 7, 2, 10, 10, 0, 12, 10, 10, 15, 13, 25, 18, 25, 18, 25, 25, 25, 24, 25, 15, 28, 28, 25, 31, 31, 28, 31, 36, 36, 36, 32]
[4, 4, 4, 0, 6, 4, 6, 12, 11, 11, 12, 7, 12, 16, 16, 6, 18, 16, 18, 19]
[4, 4, 4, 0, 8, 8, 8, 4, 11, 11, 8, 17, 15, 15, 17, 17, 8]
[0, 4, 4, 1, 4, 7, 5]
[5, 5, 5, 5, 6, 13, 8, 10, 10, 6, 10, 11, 0, 15, 13, 15, 16, 17, 18, 23, 23, 23, 17, 23, 26, 24, 26, 29, 27, 26, 34, 34, 34, 30]
[2, 0, 2, 5, 3, 7, 5, 9, 7, 13, 13, 13, 7, 15, 13, 17, 13, 20, 20, 17]
[0, 3, 1, 1, 1, 10, 6, 6, 10, 5, 12, 10, 14, 12, 16, 14]
[4, 4, 4, 0, 6, 4, 6, 9, 7, 11, 9, 14, 14, 6, 14, 17, 20, 17, 17, 14, 22, 14, 22, 25, 22, 27, 25]
[3, 3, 0, 3, 6, 7, 4]
[11, 1, 1, 1, 1, 8, 8, 5, 8, 9, 0, 11, 12, 17, 17, 17, 13, 19, 12]
[2, 0, 4, 2, 6, 4, 8, 6, 10, 8, 13, 13, 10, 13, 14, 14, 16, 20, 20, 16, 8, 21, 22, 22, 24]
[4, 4, 4, 0, 4, 7, 5, 10, 10, 4, 10, 10, 12, 10, 17, 17, 14, 17, 20, 18, 17, 17, 24, 25, 22, 25, 25, 25, 28, 31, 29, 31]
[2, 4, 4, 0, 4, 7, 5, 7, 10, 8, 4, 19, 12, 13, 16, 14, 19, 19, 4, 21, 19, 24, 24, 21, 24, 27, 25]
[2, 0, 5, 5, 2, 7, 5, 7, 11, 11, 8, 7, 12, 15, 16, 13, 18, 16, 18, 19, 22, 20, 22]
[3, 3, 0, 3, 3, 9, 9, 9, 3, 9, 14, 13, 14, 10, 16, 14, 18, 16, 16, 16, 20]
[6, 1, 6, 6, 6, 0, 6, 9, 7, 6, 10, 6, 18, 18, 18, 18, 18, 6, 18, 21, 19, 21, 25, 25, 22, 18, 28, 26, 28, 31, 29]
[0, 3, 1, 9, 9, 9, 9, 9, 3, 9, 12, 9, 14, 12, 14, 17, 15, 14, 21, 19, 23, 23, 18, 23, 28, 28, 28, 24]
[14, 3, 4, 1, 6, 4, 8, 6, 8, 11, 9, 13, 14, 0, 21, 21, 21, 21, 21, 21, 14, 24, 24, 21]
[2, 0, 2, 3, 6, 4, 8, 6, 2, 11, 9, 14, 14, 11, 17, 17, 14, 14, 18, 22, 22, 19, 24, 22]
[4, 4, 4, 16, 6, 4, 8, 6, 8, 11, 8, 14, 14, 11, 16, 0, 18, 16, 18, 19, 20]
[2, 3, 0, 5, 3, 5, 5, 5, 3, 11, 17, 17, 17, 17, 17, 17, 3]
[3, 3, 0, 3, 4, 10, 10, 10, 10, 5, 12, 10, 12, 12, 3, 18, 18, 3, 18, 19, 18, 18, 24, 22, 24, 25, 28, 25]
[4, 3, 4, 9, 4, 8, 8, 5, 0, 13, 13, 13, 9, 13, 18, 18, 18, 14, 18, 21, 19, 21, 24, 21]
[2, 7, 2, 3, 4, 7, 0, 7, 10, 8, 10, 13, 10, 13, 16, 14]
[2, 3, 0, 3, 6, 4, 6, 7, 6, 14, 14, 13, 11, 9, 14, 14, 14, 14]
[2, 6, 2, 5, 3, 0, 8, 6, 10, 11, 8, 8, 15, 15, 12]
[2, 6, 6, 5, 6, 0, 8, 6, 10, 8, 12, 10, 12, 16, 16, 19, 19, 19, 10, 21, 19, 21, 21, 23, 24]
[4, 4, 4, 11, 4, 9, 8, 9, 4, 11, 0, 11, 11, 11]
[2, 22, 2, 6, 6, 3, 10, 10, 10, 2, 12, 10, 14, 12, 14, 17, 15, 22, 22, 22, 22, 0, 26, 26, 26, 22, 26, 29, 27]
[6, 6, 4, 6, 6, 12, 6, 10, 10, 6, 12, 0, 12, 12, 16, 12]
[5, 1, 1, 5, 6, 0, 6, 9, 10, 6, 12, 10, 12, 12]
[4, 4, 4, 0, 9, 9, 9, 9, 4]
[2, 7, 2, 2, 6, 7, 0, 7, 10, 7, 10, 10, 15, 15, 20, 17, 20, 20, 20, 12]
[2, 0, 4, 2]
[3, 3, 0, 5, 3, 7, 5, 9, 5, 9, 13, 13, 10]
[3, 3, 0, 3, 7, 7, 4, 7, 8, 9, 12, 10, 14, 12]
[3, 3, 7, 3, 7, 7, 0, 13, 13, 11, 13, 13, 7, 13, 7]
[2, 9, 2, 9, 9, 8, 8, 9, 14, 14, 14, 14, 14, 0]
[16, 3, 1, 3, 4, 9, 9, 9, 5, 16, 13, 13, 16, 16, 16, 0, 16, 19, 16, 23, 23, 23, 19, 25, 23]
[5, 5, 5, 5, 0, 8, 8, 5]
[3, 3, 0, 3, 7, 7, 4, 7, 8, 11, 9]
[11, 4, 4, 1, 4, 5, 8, 4, 8, 9, 0, 11, 11, 13, 16, 14]
[3, 3, 0, 3, 6, 3, 8, 6, 8, 8, 12, 10, 8]
[17, 4, 4, 17, 8, 8, 8, 11, 8, 9, 4, 11, 11, 15, 13, 17, 0, 17, 17, 17, 17, 25, 25, 25, 21, 34, 34, 34, 30, 34, 34, 34, 34, 25]
[4, 4, 4, 8, 6, 4, 6, 0, 11, 11, 8]
[16, 1, 5, 5, 2, 5, 5, 1, 15, 15, 15, 15, 15, 15, 8, 0, 18, 20, 20, 16, 16, 25, 25, 25, 21, 16, 26, 26, 30, 34, 30, 33, 30, 28]
[5, 5, 4, 5, 0, 5, 5]
[3, 3, 0, 3, 3, 8, 8, 5, 3]
[2, 4, 4, 0, 4, 7, 5, 7, 10, 8, 12, 4, 14, 12, 14, 17, 14, 12, 23, 21, 23, 23, 18, 23, 26, 24, 28, 12, 28, 32, 32, 29, 32, 35, 33]
[0]
[2, 4, 4, 12, 7, 7, 4, 7, 8, 9, 12, 0, 14, 12, 14, 17, 14, 19, 17]
[3, 3, 7, 7, 6, 7, 0, 7, 7, 11, 7, 13, 11, 16, 16, 11, 18, 16, 18, 19]
[2, 3, 0, 3, 8, 8, 8, 3, 8, 9, 10, 14, 14, 11, 17, 17, 14, 19, 17]
[15, 4, 4, 1, 4, 10, 10, 10, 10, 5, 15, 15, 15, 15, 0]
[2, 0, 4, 2, 4, 2, 6, 9, 7, 9, 14, 11, 11, 10, 14, 19, 16, 16, 15, 19]
[6, 6, 6, 5, 3, 11, 6, 10, 10, 6, 0, 13, 11, 13, 17, 17, 14]
[3, 3, 16, 8, 8, 8, 8, 3, 8, 13, 13, 13, 9, 16, 16, 0, 16, 19, 17, 19, 20, 23, 24, 16]
[2, 0, 5, 5, 2, 5, 6, 10, 10, 7, 12, 10, 12, 12]
[10, 10, 5, 5, 2, 7, 10, 7, 8, 0, 10, 10, 18, 15, 18, 18, 18, 12, 20, 18, 20, 25, 25, 25, 21, 25, 28, 26]
[3, 3, 0]
[0]
[3, 3, 4, 0, 4, 9, 9, 9, 5]
[6, 3, 6, 3, 4, 16, 8, 9, 6, 6, 12, 10, 16, 16, 16, 0, 16, 20, 20, 21, 17, 16]
[3, 3, 0, 5, 3, 7, 3, 7, 7, 11, 9, 11, 11, 15, 13, 17, 22, 22, 22, 22, 22, 7, 22]
[4, 4, 4, 0, 6, 4, 8, 4, 11, 11, 8, 8, 14, 12, 4, 18, 18, 24, 18, 18, 20, 24, 24, 4, 26, 24]
[2, 0, 2, 5, 3, 5, 8, 21, 10, 21, 10, 13, 11, 15, 21, 15, 15, 21, 18, 19, 5, 21, 25, 25, 21, 25, 30, 30, 30, 26]
[2, 0, 7, 7, 4, 4, 2, 2, 10, 12, 12, 2, 14, 12, 12, 17, 15, 17, 18]
[0, 3, 1, 3, 6, 4]
[5, 5, 5, 5, 0, 7, 5, 5, 15, 9, 12, 15, 15, 15, 5, 15, 16, 15, 21, 21, 15, 23, 21, 26, 26, 23]
[6, 6, 4, 6, 6, 0, 6, 6, 11, 11, 8, 15, 15, 15, 11, 15, 15, 21, 21, 21, 17, 21, 22, 21, 24]
[4, 4, 4, 6, 6, 0, 8, 6, 10, 8, 10, 14, 14, 11, 8, 20, 20, 20, 20, 15]
[0, 1, 6, 6, 6, 2, 8, 9, 1, 13, 13, 13, 9]
[2, 13, 4, 2, 4, 10, 10, 10, 10, 12, 12, 5, 0, 15, 16, 13, 18, 16, 18, 22, 22, 19]
[2, 5, 5, 5, 0, 5, 9, 9, 5, 9, 12, 10, 14, 12, 16, 14, 5, 20, 20, 5, 20, 21, 24, 22, 30, 27, 30, 30, 30, 21, 30, 31, 34, 32, 34]
[2, 10, 5, 5, 2, 10, 10, 10, 10, 0, 10, 13, 11, 13, 13, 17, 10, 24, 20, 24, 24, 23, 24, 17, 24, 27, 25, 27, 30, 28, 24, 33, 31]
[4, 3, 4, 0]
[3, 3, 0, 3, 3, 8, 8, 5, 8]
[4, 4, 4, 13, 6, 4, 6, 7, 13, 13, 13, 13, 0, 16, 16, 13]
[6, 6, 6, 5, 6, 0, 6, 7, 8]
[0, 5, 5, 5, 1, 5]
[2, 0, 2, 5, 3, 5, 5, 10, 10, 7, 10, 11, 14, 12, 14, 17, 15, 17, 18, 19]
[0, 1, 6, 6, 6, 1, 6, 7, 6, 12, 12, 9, 6, 19, 19, 19, 19, 19, 13, 19, 22, 19, 19, 25, 23]
[2, 3, 8, 3, 4, 8, 8, 0, 8, 12, 12, 8, 15, 15, 12]
[3, 3, 0, 7, 7, 7, 3, 7, 7, 9, 12, 10, 15, 15, 12, 17, 15, 7, 22, 22, 22, 7, 22]
[2, 9, 6, 5, 6, 8, 8, 2, 0, 14, 13, 13, 14, 9, 17, 17, 14]
[0, 1, 4, 1, 1, 5, 1, 9, 7, 9]
[3, 1, 0, 3, 7, 7, 4]
[3, 3, 5, 5, 0, 5, 9, 9, 10, 6, 13, 13, 10, 13, 13]
[2, 0, 5, 5, 2, 2, 9, 9, 6, 11, 2, 13, 11, 13, 11, 19, 19, 19, 15, 11, 22, 20, 24, 25, 11, 25, 25, 31, 28, 31, 27, 27, 27, 35, 33, 35, 38, 36]
[2, 17, 2, 3, 4, 4, 6, 9, 7, 13, 13, 13, 9, 17, 17, 17, 0, 25, 20, 25, 20, 20, 25, 25, 17, 25]
[4, 4, 4, 7, 7, 7, 0, 11, 10, 11, 13, 13, 7, 13, 13]
[8, 3, 8, 6, 6, 3, 6, 0, 10, 11, 8, 13, 11, 16, 16, 13, 16, 19, 16, 16, 20, 23, 21]
[0, 5, 5, 5, 1, 5, 9, 9, 6]
[2, 7, 7, 7, 6, 7, 0, 7, 10, 8]
[4, 4, 4, 5, 0, 10, 10, 10, 10, 11, 5, 11, 14, 11, 5, 15]
[5, 5, 4, 5, 0, 17, 8, 17, 8, 12, 12, 13, 8, 13, 17, 17, 5, 20, 20, 17, 20, 23, 21, 23, 24]
[2, 0, 5, 5, 2, 8, 8, 5]
[2, 4, 4, 0, 9, 9, 9, 9, 4]
[4, 4, 4, 0, 4, 7, 5, 9, 4, 9, 13, 13, 10, 13, 16, 13]
[5, 3, 5, 5, 0, 7, 5, 7, 11, 11, 8, 11, 12]
[0, 1, 2, 3, 7, 7, 4, 3, 10, 3, 13, 13, 1, 13, 16, 14, 16, 16]
[6, 6, 6, 6, 6, 0]
[0, 3, 1, 3]
[0, 1, 4, 2, 4, 5, 6, 5, 10, 8]
[4, 4, 4, 0, 4, 4, 6, 9, 7, 7]
[2, 4, 4, 0, 4, 4, 9, 9, 4, 11, 4, 11, 12]
[3, 3, 0, 5, 3, 5, 6, 7, 10, 8]
[0, 1, 2, 5, 3, 7, 5, 10, 10, 12, 12, 7]
[4, 4, 4, 8, 4, 7, 5, 0, 8, 11, 9, 11, 14, 12, 8, 20, 18, 16, 20, 8, 20, 21, 26, 26, 26, 22, 26, 29, 27, 29, 34, 34, 34, 29, 34, 37, 35]
[8, 1, 2, 8, 4, 8, 8, 0, 8, 11, 9]
[5, 5, 5, 5, 12, 8, 8, 12, 10, 12, 12, 0, 15, 15, 12]
[2, 0, 2, 3, 2, 7, 5, 9, 7, 11, 12, 9, 9, 9, 16, 14, 19, 19, 16, 21, 19, 23, 24, 21, 21, 28, 28, 25]
[2, 0, 2, 9, 6, 9, 9, 9, 3, 9, 12, 10]
[9, 4, 4, 9, 4, 7, 5, 9, 0, 9]
[7, 7, 4, 7, 7, 7, 0, 9, 7, 9, 10, 17, 17, 17, 16, 14, 11, 17, 17, 19]
[2, 4, 4, 0, 4, 4, 6, 6, 12, 12, 12, 8]
[2, 3, 0, 3, 3, 7, 10, 10, 10, 5, 13, 13, 10, 13, 18, 18, 18, 14]
[2, 3, 0, 3, 3, 7, 11, 11, 10, 11, 3, 11, 15, 15, 11, 18, 18, 11]
[0, 1, 1, 1, 1, 7, 5, 7, 12, 12, 12, 8, 12, 15, 12, 18, 18, 15]
[3, 3, 0, 3, 4, 10, 9, 9, 10, 3, 10, 10, 16, 16, 16, 12, 10, 20, 20, 17, 23, 23, 20, 23, 24, 25, 28, 23, 28, 28, 35, 35, 35, 35, 30, 37, 28, 37]
[0, 1, 1]
[2, 0, 4, 2, 4, 11, 11, 11, 11, 11, 5]
[14, 1, 4, 2, 4, 5, 2, 7, 10, 14, 10, 14, 14, 0, 16, 14, 16, 16, 20, 18]
[4, 3, 1, 0, 6, 10, 10, 10, 10, 4, 13, 13, 10, 16, 16, 13]
[2, 0]
[4, 3, 4, 5, 0, 7, 5, 7, 10, 8, 12, 7, 19, 19, 19, 19, 19, 19, 5, 19, 23, 23, 19, 26, 26, 23, 28, 26, 31, 31, 28, 31, 34, 32, 34, 38, 38, 35, 28, 28, 40, 40, 44, 42, 40, 45]
[2, 0, 5, 5, 2, 5, 6, 9, 6, 9, 13, 13, 10]
[9, 3, 9, 3, 7, 7, 4, 9, 0, 11, 9, 11]
[9, 9, 4, 9, 4, 7, 5, 9, 0]
[0, 1, 4, 2, 11, 9, 9, 9, 11, 11, 1, 14, 14, 11, 11, 18, 18, 15]
[2, 0, 5, 5, 2, 5, 6, 2, 10, 2, 12, 10, 16, 16, 16, 12, 12, 19, 17, 19, 22, 20, 26, 26, 26, 19, 28, 26, 30, 28]
[4, 4, 4, 0, 7, 7, 4]
[8, 8, 2, 5, 3, 8, 8, 0, 10, 8]
[0, 1]
[3, 3, 6, 5, 3, 0, 6, 6]
[12, 1, 1, 1, 1, 5, 8, 6, 8, 12, 12, 0]
[4, 4, 4, 0, 6, 4, 8, 6, 6, 14, 14, 14, 14, 9]
[3, 3, 0]
[11, 1, 4, 2, 7, 7, 1, 7, 7, 11, 0, 11, 11, 15, 13, 15, 21, 21, 20, 21, 16, 21, 22]
[6, 6, 4, 6, 6, 0, 6, 10, 10, 7, 10, 15, 15, 15, 11, 15, 18, 15, 15, 24, 24, 21, 21, 15, 27, 27, 24]
[5, 5, 5, 5, 0, 8, 8, 5]
[5, 5, 2, 2, 0, 5, 8, 6, 8, 11, 9, 14, 14, 16, 16, 11]
[9, 1, 8, 8, 8, 8, 8, 2, 0, 9, 14, 14, 14, 9]
[3, 3, 6, 6, 6, 0, 11, 7, 10, 11, 6, 11, 11, 11, 16, 18, 18, 11]
[3, 3, 0, 3, 4, 3, 3, 9, 7, 9, 9, 7]
[2, 14, 2, 2, 2, 7, 2, 9, 10, 11, 7, 14, 14, 0, 17, 17, 14, 27, 21, 21, 27, 21, 22, 27, 27, 27, 14]
[2, 4, 4, 0, 4, 4, 4, 9, 7, 9, 12, 10, 14, 12, 14, 17, 15, 17, 20, 21, 18, 23, 21]
[11, 1, 2, 2, 8, 8, 8, 4, 11, 11, 0, 11, 14, 12]
[18, 1, 9, 9, 9, 7, 5, 9, 1, 9, 10, 13, 11, 15, 13, 13, 18, 0, 20, 18]
[2, 6, 2, 5, 2, 0, 6, 6, 10, 8, 10, 10, 10]
[3, 3, 0, 6, 6, 3, 9, 9, 3, 9, 9, 13, 11]
[2, 0, 4, 2, 4, 4, 6, 11, 11, 11, 7, 11, 14, 12, 11, 15, 16, 19, 17, 16, 16, 23, 21, 16, 28, 28, 28, 16]
[3, 3, 4, 0, 4, 5, 6, 9, 7, 9, 9, 7, 17, 17, 17, 17, 12, 19, 17, 4, 24, 21, 22, 4, 24, 28, 28, 24, 31, 31, 28, 31, 34, 31]
[3, 3, 0, 6, 6, 3, 6, 7]
[3, 3, 0, 3, 4, 7, 5, 9, 7, 9, 10, 10, 9, 13, 16, 14, 20, 20, 20, 16]
[2, 20, 2, 5, 2, 5, 8, 5, 8, 12, 12, 9, 5, 5, 17, 17, 14, 20, 20, 0, 20, 21, 22, 23, 27, 27, 24]
[3, 3, 0, 6, 6, 3, 6, 7, 8, 11, 9, 11, 15, 15, 11, 15, 16, 20, 20, 11, 20]
[4, 4, 4, 0, 4, 9, 9, 9, 5]
[9, 3, 4, 9, 9, 7, 8, 9, 0, 9, 12, 10, 15, 15, 9, 19, 19, 19, 15, 19, 20]
[2, 0, 5, 3, 2, 5, 10, 10, 10, 6, 6, 17, 17, 17, 17, 17, 11, 17, 20, 18, 20, 20]
[0, 3, 1, 3, 6, 4, 1, 1, 1, 9, 12, 9, 12, 13, 14, 17, 14]
[3, 3, 0, 3, 4, 7, 9, 7, 5]
[3, 3, 17, 6, 6, 3, 8, 6, 8, 9, 12, 14, 12, 9, 17, 17, 0, 19, 17]
[2, 0, 2, 2, 6, 4, 2, 7, 12, 12, 12, 8, 12, 15, 12, 12, 18, 19, 12, 19, 22, 20, 22]
[2, 0, 2, 2, 6, 4, 8, 6, 8, 8]
[4, 4, 4, 0, 7, 7, 4, 7, 11, 11, 13, 13, 7]
[3, 3, 0, 3, 7, 7, 4, 7, 10, 12, 12, 8, 19, 13, 16, 19, 16, 19, 12, 19, 22, 20, 24, 22, 24, 27, 25, 32, 30, 32, 32, 27]
[0, 1, 1]
[0]
[0, 3, 1, 3, 4, 5, 6, 11, 11, 11, 7]
[2, 0, 2]
[6, 6, 6, 6, 6, 10, 10, 9, 10, 0, 13, 13, 10, 16, 16, 13, 13, 17, 20, 18]
[2, 0, 2, 2, 7, 7, 2, 9, 7, 12, 12, 13, 9, 2, 21, 17, 15, 19, 15, 21, 2, 21, 25, 25, 22, 25]
[13, 13, 5, 5, 2, 9, 9, 9, 5, 11, 13, 13, 0]
[6, 1, 2, 6, 6, 0, 6, 11, 11, 11, 6]
[5, 5, 5, 5, 0]
[2, 3, 0, 3, 7, 7, 4]
[2, 4, 4, 0, 7, 7, 8, 4, 8, 14, 14, 14, 14, 9, 16, 8, 18, 16, 18, 18]
[4, 4, 4, 6, 6, 0, 8, 6, 13, 13, 13, 13, 8]
[4, 4, 4, 0, 4, 5, 6, 9, 7, 9, 10, 11, 15, 15, 12]
[2, 3, 0, 5, 3, 5, 6, 13, 13, 13, 13, 13, 7, 17, 17, 17, 6, 17, 18, 21, 22, 17, 3, 25, 3, 25, 26, 27, 30, 33, 33, 33, 28]
[0, 3, 1, 6, 6, 3, 11, 11, 11, 11, 6, 11, 1, 15, 24, 15, 24, 24, 24, 21, 19, 24, 24, 1, 26, 24, 29, 29, 26, 26, 30, 33, 31, 37, 37, 37, 33, 37, 40, 38, 42, 40]
[6, 3, 6, 6, 6, 0, 6, 7, 6, 11, 6, 11, 12]
[7, 4, 4, 5, 7, 7, 0]
[0, 1, 5, 5, 1]
[2, 0, 2, 6, 6, 3, 2, 2, 10, 8, 10, 15, 15, 15, 11, 17, 8, 23, 20, 23, 23, 23, 17, 26, 26, 23, 26, 30, 30, 27, 32, 26, 32, 32]
[2, 0, 2, 3, 4, 4, 4, 9, 2, 9, 9, 13, 11, 9, 14, 15, 18, 16, 18, 23, 22, 23, 19, 23, 24, 25]
[3, 3, 0, 8, 6, 8, 8, 3, 10, 8, 8, 8, 8, 13, 16, 14, 16, 16]
[2, 3, 0, 5, 3, 5, 8, 6, 8, 11, 9]
[2, 0, 2, 5, 3, 8, 8, 2, 11, 11, 8, 11, 12, 15, 13, 11, 16, 19, 17, 19, 22, 20]
[0, 1, 2, 3, 6, 3, 1, 7, 8, 12, 12, 8]
[5, 5, 4, 5, 10, 5, 5, 9, 7, 12, 12, 0, 12, 15, 13, 12, 19, 19, 16, 19, 19]
[0, 3, 1, 3, 7, 7, 4, 7, 10, 8, 1, 13, 1, 13, 14, 17, 15, 17, 21, 21, 18, 21, 25, 25, 22]
[7, 7, 2, 6, 6, 3, 0, 9, 7, 9, 15, 13, 15, 15, 10, 19, 19, 19, 15, 19]
[7, 1, 2, 6, 6, 2, 0, 7, 7, 7]
[2, 3, 0, 5, 6, 3, 3, 3, 10, 8, 12, 8]
[4, 4, 4, 7, 6, 7, 0, 9, 7, 13, 13, 13, 9, 15, 9, 7]
[0, 1, 5, 5, 2, 5, 8, 6]
[0, 1, 2, 1]
[2, 3, 0]
[3, 3, 0, 3]
[2, 4, 4, 0, 4, 8, 8, 5, 8, 9, 10, 11, 17, 17, 16, 17, 12, 20, 20, 8, 22, 20]
[3, 3, 5, 5, 0, 5, 8, 6]
[3, 3, 11, 3, 6, 4, 6, 9, 6, 11, 0, 11, 11]
[2, 3, 0]
[7, 1, 6, 5, 6, 2, 0, 9, 7, 14, 14, 14, 14, 9, 14, 17, 15, 24, 24, 24, 24, 23, 21, 17, 24, 24, 26]
[4, 4, 4, 6, 6, 0, 8, 6, 11, 11, 6, 13, 11, 15, 16, 13, 18, 16, 6, 22, 22, 6, 24, 22, 26, 24]
[0, 1, 6, 6, 6, 2, 10, 10, 10, 6, 10, 15, 15, 15, 11, 18, 18, 15, 18, 19, 20, 20]
[0, 4, 4, 1, 4, 4, 1, 9, 7]
[3, 3, 6, 6, 6, 0, 10, 10, 10, 6, 12, 10, 16, 16, 16, 12, 16, 19, 17, 6]
[3, 3, 4, 18, 8, 8, 8, 4, 8, 11, 9, 14, 14, 16, 16, 18, 18, 0, 18, 19, 23, 23, 20, 23, 24, 27, 25]
[2, 0, 4, 2, 2, 8, 8, 2, 10, 12, 12, 8, 12, 15, 19, 15, 18, 16, 13, 19, 22, 19, 22, 22, 19]
[3, 3, 4, 0, 4, 5, 6, 11, 11, 11, 7]
[2, 3, 0, 3, 6, 7, 3, 7]
[4, 3, 4, 15, 4, 7, 4, 7, 8, 12, 12, 9, 15, 15, 0, 17, 15, 17, 18]
[2, 0, 2, 5, 2, 12, 9, 7, 12, 9, 10, 5, 12, 16, 16, 12, 18, 16, 18, 22, 22, 19, 18, 23, 23]
[3, 3, 0]
[6, 6, 6, 6, 6, 0, 6, 9, 7, 9, 9]
[0, 1, 1, 5, 8, 8, 8, 3, 8, 12, 12, 8, 16, 16, 16, 8, 19, 19, 16, 21, 19, 21, 21]
[10, 1, 4, 2, 4, 7, 4, 9, 10, 0, 13, 13, 10, 13, 16, 14, 16, 19, 16]
[5, 5, 5, 5, 0, 5, 6, 10, 10, 7, 10, 14, 14, 11]
[3, 3, 10, 3, 6, 4, 6, 9, 7, 0, 10, 10, 16, 16, 16, 24, 18, 16, 20, 18, 20, 24, 24, 10, 27, 27, 24]
[3, 3, 0, 3, 4, 9, 9, 9, 5, 11, 9, 13, 11, 13, 16, 14, 19, 19, 13, 21, 19]
[3, 3, 18, 6, 6, 3, 10, 10, 10, 3, 12, 3, 12, 15, 13, 18, 18, 0, 21, 21, 18, 21, 22, 23, 26, 24, 18]
[2, 4, 4, 0, 4, 4, 4, 10, 10, 7, 10, 13, 11, 15, 13, 17, 15, 21, 21, 21, 17, 17, 22]
[2, 0, 4, 6, 6, 2]
[2, 3, 0, 3, 4, 8, 8, 5, 3, 11, 15, 11, 14, 12, 3, 15, 15, 15, 18, 18, 22, 20, 3, 27, 27, 27, 3, 27, 28, 27, 27]
[0, 1, 4, 2]
[2, 4, 4, 0, 6, 4, 11, 11, 11, 11, 6, 11, 18, 18, 16, 18, 18, 12]
[4, 1, 2, 0, 4, 5]
[6, 5, 5, 5, 6, 0, 6]
[3, 3, 6, 5, 6, 0, 6, 12, 12, 11, 12, 6, 14, 12, 12, 17, 18, 15, 22, 22, 20, 18, 22, 23]
[3, 3, 8, 8, 6, 8, 8, 0]
[12, 1, 4, 5, 2, 1, 9, 9, 6, 12, 12, 0, 15, 15, 12]
[3, 1, 0, 3, 4, 3, 11, 9, 10, 11, 6, 11, 14, 12, 18, 18, 18, 14, 20, 18, 20, 23, 21]
[2, 0, 2, 6, 6, 3, 8, 6, 10, 8, 15, 13, 15, 15, 10, 10, 18, 10, 8, 8, 22, 20]
[2, 3, 0, 3, 4]
[9, 1, 2, 5, 3, 9, 9, 9, 0, 12, 12, 9, 12, 15, 13, 15, 18, 16]
[2, 0, 5, 5, 2, 5, 6, 11, 10, 11, 7, 11, 12, 2, 14, 15, 15, 22, 22, 22, 22, 17, 22]
[14, 3, 1, 3, 6, 7, 4, 11, 10, 11, 7, 13, 14, 0, 14, 15, 14, 20, 20, 17, 22, 20, 24, 22]
[2, 8, 2, 3, 4, 4, 8, 0, 11, 11, 8, 11, 12]
[4, 4, 4, 5, 0, 5]
[0, 1, 4, 2, 4, 7, 5, 7, 7, 11, 9, 14, 14, 7, 14, 14, 16, 14, 14, 14, 24, 24, 24, 20, 24, 24, 1]
[2, 0, 4, 2, 4]
[13, 3, 1, 3, 4, 8, 8, 13, 13, 11, 13, 13, 0, 13, 16, 14, 35, 35, 21, 21, 18, 21, 24, 22, 24, 27, 25, 27, 27, 29, 33, 33, 30, 35, 16, 37, 35, 39, 37]
[2, 0, 2, 6, 6, 3, 2, 7, 8, 8]
[2, 3, 0, 3, 6, 3, 9, 9, 3, 11, 9, 11, 14, 11, 14, 17, 14]
[3, 3, 0, 3, 4]
[21, 3, 1, 9, 7, 7, 9, 9, 3, 11, 9, 11, 11, 13, 11, 17, 21, 21, 21, 21, 0, 21, 24, 22]
[3, 3, 0, 5, 3, 3, 9, 9, 3]
[2, 0, 4, 2, 4, 5, 2, 11, 11, 11, 2]
[3, 3, 9, 9, 9, 9, 9, 9, 0, 9, 9, 11, 17, 17, 17, 17, 12]
[7, 7, 7, 7, 7, 7, 0, 7, 8, 11, 7, 7, 14, 7, 14, 17, 14, 17, 20, 18]
[8, 4, 4, 5, 8, 8, 8, 0, 8, 12, 12, 9, 15, 15, 12, 15, 16, 17]
[12, 1, 2, 5, 3, 8, 8, 3, 3, 11, 3, 0, 12, 15, 13, 13, 19, 19, 16]
[0, 1, 4, 2, 1, 7, 5, 1, 8, 9, 10, 1, 17, 17, 14, 14, 12, 19, 20, 17, 20, 23, 25, 25, 20]
[2, 5, 2, 3, 0, 11, 11, 11, 11, 11, 12, 5]
[2, 0, 6, 6, 6, 2, 2]
[21, 4, 4, 5, 1, 5, 6, 7, 10, 14, 14, 14, 14, 8, 5, 5, 16, 17, 21, 21, 0, 23, 21]
[5, 4, 4, 5, 0, 5, 8, 6, 11, 11, 8, 11, 11, 11, 14, 11, 5]
[2, 0, 2, 5, 3, 8, 8, 5, 5, 11, 13, 13, 9]
[3, 3, 0, 3, 3, 7, 5, 7, 8, 7, 3, 3, 12, 16, 16, 12]
[10, 1, 2, 2, 10, 7, 10, 7, 7, 0, 10, 10, 12, 15, 13, 15, 18, 15, 18, 18, 18, 21, 24, 22, 26, 18, 28, 26, 31, 31, 28]
[3, 3, 0, 3, 6, 4, 3, 12, 12, 12, 12, 7, 12, 17, 17, 17, 13]
[10, 1, 7, 7, 7, 7, 10, 10, 10, 0, 10, 10, 12, 10, 10, 21, 21, 17, 21, 21, 15, 21, 27, 27, 24, 27, 21]
[2, 0, 4, 2, 7, 7, 2, 10, 10, 7, 10, 14, 14, 10, 16, 10, 20, 20, 20, 16]
[2, 5, 5, 5, 0, 5, 6, 5, 5, 11, 18, 13, 16, 16, 16, 11, 18, 5]
[4, 4, 4, 19, 4, 7, 5, 7, 11, 11, 12, 8, 12, 19, 19, 19, 19, 19, 0, 19, 24, 24, 24, 25, 20, 25, 25, 29, 32, 32, 32, 27]
[0, 1, 1, 5, 3, 3, 3, 9, 3, 9, 12, 9, 3, 3, 14, 15, 15]
[3, 3, 0, 6, 6, 3, 3, 10, 10, 3, 10, 10, 14, 12, 14, 15, 16, 16, 20, 18, 22, 20, 20, 20, 26, 24, 24, 30, 30, 27, 30, 34, 34, 30]
[2, 4, 4, 0, 4, 7, 5, 7]
[2, 0, 2, 5, 3, 5, 10, 10, 10, 6]
[2, 20, 2, 6, 6, 3, 6, 6, 10, 8, 3, 3, 15, 15, 12, 17, 20, 20, 20, 0, 20, 23, 21]
[6, 1, 1, 6, 6, 0]
[3, 3, 10, 3, 7, 7, 4, 10, 10, 0, 14, 14, 14, 10]
[2, 5, 5, 5, 0, 5, 8, 6]
[0, 4, 4, 1, 4, 7, 8, 4]
[2, 6, 6, 6, 6, 0, 8, 6, 8, 9, 13, 13, 10, 8, 17, 17, 14]
[6, 1, 5, 5, 2, 0, 6, 9, 7, 9, 10]
[2, 4, 4, 0, 4, 7, 4, 9, 10, 7, 10, 14, 14, 11]
[2, 8, 6, 6, 6, 8, 8, 12, 11, 11, 12, 0, 17, 17, 17, 17, 12, 17, 17, 19, 31, 21, 24, 22, 24, 24, 24, 21, 31, 31, 20]
[0, 1, 4, 2, 4, 4, 1]
[4, 4, 4, 0, 6, 4, 13, 11, 11, 11, 13, 13, 6, 16, 16, 13, 16, 19, 17]
[2, 0, 4, 2, 4, 4, 10, 10, 10, 2, 10, 14, 14, 11, 14, 15, 19, 19, 16, 22, 22, 19]
[2, 3, 0, 3, 3, 8, 8, 5, 10, 8, 12, 10, 14, 10, 14, 18, 18, 15, 18, 19, 19, 21, 22, 25, 23, 19, 26]
[10, 10, 10, 10, 10, 10, 10, 10, 10, 11, 0, 11, 12, 18, 18, 18, 18, 13]
[2, 0, 4, 2, 4, 4, 12, 12, 12, 12, 12, 4, 12]
[0, 1, 4, 2, 1, 5, 5, 7]
[5, 4, 4, 5, 0, 7, 5, 7, 11, 11, 7, 7, 15, 15, 12]
[2, 5, 5, 5, 0, 5, 6]
[2, 3, 0, 7, 7, 7, 3, 9, 7, 12, 12, 9, 12, 15, 12, 12, 16, 17, 18]
[2, 5, 5, 5, 0, 5, 12, 12, 12, 12, 12, 5, 12, 13, 14, 5]
[5, 5, 5, 5, 0, 10, 10, 10, 10, 5, 12, 10, 16, 16, 16, 12, 16, 19, 16, 19]
[3, 3, 6, 6, 6, 0, 6, 9, 16, 9, 13, 13, 10, 16, 16, 6, 16, 16, 22, 22, 20, 18, 22, 23, 26, 24, 33, 30, 30, 33, 30, 33, 26, 33, 34, 40, 40, 40, 40, 35]
[3, 3, 0, 3, 7, 7, 4, 3, 10, 13, 13, 13, 3, 13]
[11, 11, 4, 2, 4, 7, 5, 11, 11, 11, 0, 11, 12, 16, 16, 11, 16, 17, 16, 21, 19]
[0, 6, 4, 6, 6, 1, 6, 6, 6, 6, 6, 13, 11, 15, 11, 17, 15, 17, 18, 15, 22, 23, 20]
[4, 3, 4, 8, 8, 7, 8, 0, 8, 13, 13, 13, 9, 8, 18, 18, 18, 14]
[6, 6, 2, 2, 2, 0, 6, 6, 8, 11, 9, 13, 11, 13, 16, 14, 18, 9, 18, 18, 20, 21, 24, 22]
[2, 0, 2, 2, 2, 8, 8, 5, 8, 11, 8]
[2, 0, 7, 7, 7, 7, 2, 7, 11, 11, 8]
[2, 7, 2, 7, 7, 7, 0, 10, 10, 7, 12, 10, 7, 17, 17, 17, 7]
[2, 0, 2, 6, 6, 3, 6, 11, 11, 11, 6]
[2, 10, 2, 3, 7, 7, 4, 10, 10, 0, 10, 13, 11, 13, 17, 17, 14, 17, 21, 21, 18]
[4, 1, 1, 0, 6, 4, 6, 9, 7, 11, 9, 14, 14, 11, 16, 14]
[2, 0, 2, 5, 2]
[2, 0, 2, 5, 3, 2, 13, 13, 13, 13, 13, 13, 2, 17, 17, 17, 13, 17, 18]
[2, 7, 2, 7, 7, 7, 0, 7, 8, 7, 10, 10, 10, 13, 10, 19, 19, 19, 10]
[6, 3, 1, 6, 6, 0, 6, 7]
[4, 4, 4, 0]
[2, 10, 10, 10, 10, 10, 10, 9, 10, 0, 12, 10, 12, 13, 13, 13, 13]
[2, 5, 2, 3, 0, 9, 9, 9, 5, 11, 9, 11, 14, 11]
[5, 5, 5, 5, 0, 7, 5, 7, 10, 11, 8, 11, 17, 15, 17, 17, 11]
[2, 0, 4, 2, 4]
[6, 6, 6, 3, 3, 7, 0, 7, 11, 11, 14, 14, 14, 7, 16, 14, 25, 19, 23, 23, 23, 23, 25, 25, 16, 28, 28, 25]
[0, 1, 1, 7, 7, 7, 3]
[2, 0, 2]
[3, 3, 0]
[3, 3, 0, 5, 3, 8, 8, 5]
[2, 7, 4, 7, 7, 7, 0, 7, 10, 8, 10, 14, 14, 11]
[2, 0, 2, 5, 6, 3, 6, 9, 7, 6, 13, 13, 6, 15, 13, 18, 18, 19, 23, 23, 23, 23, 15]
[4, 3, 4, 0, 4, 5]
[5, 5, 5, 5, 0, 5, 9, 9, 6, 15, 15, 13, 11, 15, 5]
[2, 8, 8, 5, 8, 5, 8, 0, 8, 12, 12, 9, 14, 8, 14, 17, 15, 17, 21, 21, 18]
[3, 3, 11, 3, 3, 5, 6, 11, 11, 11, 0, 11, 12, 15, 13]
[6, 5, 5, 5, 6, 0, 6, 9, 7, 9, 22, 22, 15, 15, 22, 22, 22, 22, 22, 21, 22, 6]
[15, 3, 1, 3, 6, 4, 9, 9, 15, 9, 14, 14, 14, 10, 0, 19, 19, 19, 15]
[4, 3, 4, 5, 0, 5, 6, 9, 7, 5, 10, 10, 16, 16, 16, 12, 19, 19, 16, 19, 23, 23, 20, 23, 27, 27, 23]
[3, 3, 0]
[3, 3, 0, 9, 7, 7, 9, 9, 3]
[2, 0, 2, 3, 2, 8, 8, 2, 8, 9, 12, 13, 10, 13, 17, 17, 14, 13, 18, 18, 20]
[2, 5, 5, 5, 0, 16, 9, 9, 16, 9, 10, 11, 12, 13, 13, 5, 18, 16]
[4, 3, 4, 0, 4]
[2, 9, 2, 5, 3, 9, 9, 9, 0, 9, 13, 13, 9, 13, 13]
[2, 4, 4, 0, 4, 7, 5, 7, 13, 13, 13, 13, 8, 15, 17, 17, 4, 17, 17, 23, 23, 23, 19]
[2, 3, 0, 3, 4, 10, 10, 10, 10, 5, 10, 13, 11, 10, 14, 15, 21, 21, 21, 21, 16, 21, 22, 26, 26, 23, 26, 27]
[0, 3, 1, 5, 3, 5, 6, 9, 6, 9, 10, 13, 11]
[5, 5, 5, 5, 7, 7, 0, 7, 8, 9, 10]
[7, 7, 7, 7, 7, 7, 12, 7, 10, 12, 12, 0, 14, 12, 14, 17, 15]
[11, 4, 4, 1, 4, 5, 4, 4, 8, 9, 0, 13, 17, 13, 14, 17, 11]
[2, 0, 2, 5, 2, 5, 9, 9, 5]
[3, 3, 0, 5, 3, 8, 8, 5, 11, 11, 5, 3, 12, 16, 16, 13, 18, 16, 20, 18]
[0]
[3, 3, 0, 3, 6, 3, 6, 6, 8, 11, 9, 15, 15, 15, 11, 15, 15, 17, 17, 3, 23, 23, 3, 25, 23, 27, 28, 25, 23, 31, 23, 31, 32, 32, 36, 32, 36, 37]
[0, 4, 4, 1, 4, 7, 5, 1, 13, 11, 13, 13, 1, 13, 14]
[2, 4, 4, 0, 8, 8, 8, 4, 4, 11, 4, 11, 14, 12, 14, 14, 18, 14]
[2, 0, 4, 2, 4, 5, 6, 6, 2, 12, 12, 16, 14, 12, 16, 2, 18, 16, 18, 19, 20, 21]
[5, 4, 4, 5, 8, 8, 8, 0, 11, 11, 12, 8, 14, 12, 14, 15, 18, 16, 20, 14, 20, 24, 24, 21, 26, 20, 28, 26, 28, 31, 28]
[3, 3, 7, 3, 6, 4, 0, 7]
[0, 1, 1, 5, 1, 5, 5, 7, 5, 11, 9, 15, 15, 15, 11, 15, 15, 15, 21, 21, 18, 23, 21, 25, 23, 23, 26, 23, 28, 31, 28]
[3, 3, 0, 3, 3, 8, 8, 5, 8, 9, 10, 10, 12, 10, 17, 17, 14]
[3, 3, 12, 3, 7, 7, 4, 7, 8, 9, 9, 0, 15, 15, 12, 15, 16, 17, 20, 16, 20, 20]
[2, 0, 2, 5, 3, 7, 5, 7, 10, 8]
[0, 6, 6, 6, 6, 1, 6, 6, 8, 9]
[3, 3, 0, 11, 6, 11, 11, 9, 10, 11, 3]
[3, 3, 0, 3, 7, 7, 4]
[3, 3, 0, 3, 8, 8, 8, 4, 11, 11, 3, 11, 14, 12, 14, 15, 12, 19, 12]
[18, 3, 1, 3, 6, 4, 6, 9, 7, 3, 13, 13, 10, 10, 16, 17, 14, 0, 20, 18, 22, 20, 22, 25, 23, 25, 28, 26, 31, 31, 26, 18]
[3, 3, 4, 0, 6, 4, 6, 9, 7, 9, 12, 10]
[3, 3, 6, 6, 6, 0]
[3, 3, 0, 5, 3, 8, 8, 5, 8, 9, 10, 14, 14, 3, 20, 15, 18, 20, 20, 14, 20, 23, 21]
[5, 5, 4, 5, 0, 5, 5, 7, 8, 8]
[5, 5, 5, 5, 0, 10, 10, 10, 10, 5]
[7, 7, 7, 5, 3, 7, 13, 11, 10, 11, 13, 13, 0, 13, 16, 14, 16, 20, 20, 17]
[3, 3, 0, 5, 3, 9, 9, 9, 5, 9, 12, 10, 14, 12, 17, 17, 14]
[4, 4, 4, 0, 4, 7, 5, 7, 11, 11, 8, 11, 14, 12, 14, 18, 18, 15, 22, 19, 22, 18, 22, 22, 22, 27, 31, 31, 31, 31, 25, 31, 36, 35, 36, 32]
[2, 0, 2, 5, 3, 5, 5, 2, 11, 11, 14, 14, 14, 2]
[0, 3, 1, 11, 6, 11, 11, 9, 10, 11, 3]
[2, 5, 5, 5, 0, 5, 6, 7, 12, 12, 12, 8]
[7, 3, 4, 1, 7, 7, 0]
[0, 1, 4, 2, 6, 4, 6, 10, 10, 7, 6, 6, 14, 6]
[2, 0, 2, 2, 2, 5, 6, 6, 6, 6, 10, 15, 15, 15, 10, 15, 16, 17, 18, 19, 23, 23, 20, 20, 27, 27, 24]
[2, 7, 5, 5, 7, 5, 0, 9, 12, 12, 12, 7]
[3, 3, 0, 5, 3, 5, 13, 13, 13, 13, 13, 13, 6, 3, 19, 19, 19, 19, 14, 3, 30, 23, 21, 23, 26, 24, 28, 30, 30, 3]
[5, 5, 2, 5, 0, 9, 9, 9, 5, 9, 13, 13, 9]
[3, 3, 0, 12, 12, 8, 8, 5, 11, 11, 12, 3, 12, 16, 16, 12, 18, 16]
[2, 7, 2, 2, 4, 4, 0, 12, 12, 12, 12, 7, 12, 15, 18, 15, 18, 13]
[7, 7, 4, 2, 7, 7, 0]
[2, 0, 5, 5, 2, 7, 5, 7, 7, 9, 2, 14, 14, 2, 14, 14, 18, 14, 20, 18]
[3, 3, 9, 5, 3, 5, 6, 9, 0, 12, 12, 9, 12, 15, 13, 18, 18, 12, 18, 12, 23, 23, 12, 23, 24]
[3, 3, 6, 6, 6, 0, 6, 9, 7, 9]
[0, 5, 5, 5, 1, 9, 9, 9, 5, 9, 1, 14, 14, 1, 14, 15, 22, 19, 22, 19, 19, 16, 22, 25, 23]
[3, 3, 6, 3, 6, 0, 8, 6]
[3, 3, 8, 6, 6, 3, 8, 0, 10, 8, 10, 8]
[2, 0, 8, 8, 8, 8, 8, 2, 8, 9, 9, 9, 14, 12, 9, 17, 15]
[0, 5, 5, 5, 1, 5, 8, 6, 10, 8, 10]
[4, 4, 4, 6, 6, 0, 10, 10, 10, 6, 10, 11, 12, 16, 16, 13, 16, 17, 12, 19]
[3, 3, 0, 3, 4, 7, 8, 5, 3, 14, 14, 14, 14, 3]
[2, 18, 2, 3, 3, 3, 3, 7, 12, 11, 12, 8, 18, 18, 18, 17, 18, 0, 20, 18]
[6, 3, 6, 3, 4, 0, 6, 7, 10, 8, 10, 10]
[2, 3, 0]
[8, 8, 8, 7, 4, 4, 8, 0, 8, 11, 9, 11, 11, 15, 13]
[5, 1, 2, 2, 0, 7, 5, 10, 10, 7, 10, 13, 11, 10, 14, 15, 15, 17, 18, 21, 22, 25, 25, 25, 18, 25, 28, 26, 28]
[0, 1, 4, 1, 1, 8, 8, 5]
[2, 0, 2, 3, 6, 2, 10, 9, 10, 6, 12, 10]
[0, 8, 8, 8, 8, 8, 8, 1, 10, 8, 10]
[4, 4, 4, 0, 7, 7, 4, 7, 8, 7, 13, 13, 10, 15, 13, 15, 19, 19, 16]
[2, 0, 2]
[4, 4, 4, 0, 4, 8, 8, 5, 8, 11, 8]
[20, 1, 2, 3, 7, 7, 3, 9, 11, 11, 7, 13, 11, 13, 19, 19, 19, 19, 13, 0, 20, 24, 24, 21, 24, 25, 26]
[2, 6, 4, 6, 6, 0, 6, 13, 10, 8, 13, 13, 6]
[2, 7, 7, 7, 7, 7, 0, 11, 10, 11, 7, 11, 14, 12, 14, 17, 15, 17, 22, 21, 22, 18, 7, 25, 29, 25, 28, 26, 7, 31, 29]
[2, 7, 7, 5, 7, 7, 0, 7, 11, 11, 8, 11, 14, 11]
[2, 10, 2, 3, 10, 10, 10, 10, 10, 0, 13, 13, 10]
[13, 3, 1, 6, 6, 3, 6, 9, 6, 13, 12, 13, 0, 13, 16, 13]
[4, 3, 4, 7, 4, 7, 0, 9, 7, 12, 12, 9, 9, 9, 17, 17, 14, 17, 20, 18, 22, 20, 22, 26, 26, 23]
[3, 3, 0, 3, 6, 4, 8, 3, 10, 14, 14, 13, 14, 8, 14, 19, 19, 19, 14]
[2, 0, 6, 5, 6, 2, 2, 10, 10, 2, 10, 13, 11, 15, 13]
[3, 3, 5, 5, 0, 5, 8, 6, 10, 8, 14, 14, 14, 10, 14, 17, 15, 5]
[6, 3, 6, 3, 4, 0, 10, 10, 10, 6, 10, 14, 14, 11, 16, 10, 18, 16, 18, 23, 23, 23, 19]
[4, 4, 4, 0, 7, 7, 4, 7, 7, 9]
[11, 4, 4, 1, 11, 5, 8, 6, 11, 11, 0, 11, 14, 12, 14, 17, 15]
[6, 3, 1, 6, 6, 0, 6, 7, 10, 11, 8, 13, 11, 11]
[7, 7, 2, 2, 4, 7, 0, 7, 11, 11, 19, 19, 19, 19, 19, 19, 19, 19, 8, 19]
[2, 6, 5, 5, 6, 0, 11, 11, 8, 9, 6, 11, 12, 15, 11, 15, 6, 6, 20, 22, 22, 18, 22, 22, 26, 27, 24]
[6, 1, 6, 6, 6, 0, 12, 9, 12, 12, 12, 6, 14, 12, 14]
[2, 17, 4, 2, 2, 7, 9, 9, 10, 2, 10, 11, 17, 17, 17, 17, 0, 17, 17, 19, 19, 23, 21, 21, 24, 27, 25, 21, 28, 29, 29, 33, 31]
[7, 3, 7, 3, 6, 3, 9, 7, 0, 11, 9, 9, 14, 12]
[4, 4, 4, 0, 4, 8, 8, 5, 4, 9, 4, 4, 15, 15, 12]
[3, 3, 9, 3, 6, 4, 9, 9, 0, 9, 13, 13, 10]
[7, 3, 1, 7, 7, 7, 0, 7, 7]
[3, 3, 0, 5, 3, 7, 9, 9, 3, 9, 10]
[2, 0, 2, 3]
[2, 0, 2, 5, 3, 8, 8, 2, 8, 2]
[4, 3, 4, 6, 6, 0, 6, 6, 8, 9, 12, 10]
[3, 3, 0, 3, 7, 7, 4]
[4, 4, 4, 0, 4, 9, 9, 9, 5]
[23, 23, 4, 2, 8, 7, 8, 4, 12, 12, 10, 8, 15, 15, 12, 17, 15, 23, 23, 23, 23, 23, 0]
[3, 3, 0, 3, 3, 8, 8, 3, 8, 11, 8, 8, 14, 12]
[3, 3, 0, 5, 3, 5, 3, 11, 10, 11, 3, 13, 11, 15, 13, 13, 18, 16]
[3, 3, 0, 5, 3, 5, 5, 9, 5, 9, 9]
[2, 0, 2, 5, 2]
[4, 4, 4, 0, 6, 4, 6, 10, 10, 7, 10, 16, 16, 16, 16, 10, 16, 16, 18, 21, 18, 23, 16, 25, 26, 23, 26, 26, 26, 31, 26, 31]
[2, 3, 0, 3, 3, 3, 8, 3, 10, 8, 10, 14, 14, 11]
[2, 0, 5, 5, 2, 5, 5, 10, 10, 7]
[8, 1, 4, 2, 4, 8, 8, 0]
[2, 0, 4, 2, 2, 7, 9, 9, 2, 12, 12, 9, 9, 16, 16, 13, 19, 19, 9, 19, 19, 19, 26, 26, 26, 22]
[4, 1, 4, 6, 6, 0, 8, 6, 8, 12, 12, 9, 8, 13, 14, 19, 19, 19, 15]
[4, 4, 4, 0]
[3, 3, 0, 5, 3, 8, 8, 5, 12, 12, 12, 8, 12, 13]
[0, 1, 2, 2, 1, 1, 6]
[2, 0, 2, 6, 6, 3, 6, 11, 11, 11, 7, 14, 14, 6]
[2, 0, 6, 6, 6, 2, 8, 6, 8, 8, 2, 13, 2, 15, 13, 17, 15, 22, 22, 19, 19, 17, 24, 22, 27, 27, 24, 31, 31, 31, 27]
[2, 5, 2, 3, 0, 5, 5, 9, 7, 9, 10]
[2, 0, 2, 3, 4, 5, 8, 5]
[2, 12, 5, 5, 7, 7, 2, 7, 12, 12, 12, 0, 12, 18, 18, 18, 18, 12, 18, 24, 24, 24, 24, 19]
[2, 0, 2, 3, 6, 2, 8, 6, 8, 9, 6, 11]
[2, 12, 11, 3, 7, 7, 11, 7, 10, 7, 2, 0, 15, 15, 12]
[2, 0, 2, 2, 2, 7, 5, 7, 8]
[5, 1, 4, 2, 0, 5, 8, 6, 5, 11, 12, 5, 17, 17, 14, 17, 12, 19, 17, 19, 20, 17, 29, 29, 24, 28, 28, 25, 17]
[6, 3, 6, 6, 6, 0, 8, 6, 8, 8, 15, 15, 14, 15, 10]
[3, 3, 0, 3, 6, 4, 6, 9, 6, 3, 13, 13, 10, 13, 14]
[6, 6, 6, 6, 6, 7, 0, 9, 7, 13, 13, 13, 9, 13, 13, 17, 15, 17]
[3, 3, 13, 3, 3, 3, 6, 7, 11, 11, 7, 13, 0, 13, 13]
[2, 4, 4, 0, 4, 5, 6, 12, 8, 11, 9, 7, 14, 12, 16, 12]
[16, 1, 4, 2, 4, 7, 4, 7, 10, 7, 12, 16, 16, 16, 16, 0, 16, 36, 20, 18, 26, 26, 25, 25, 26, 20, 36, 27, 30, 28, 30, 31, 36, 35, 36, 16]
[3, 3, 14, 5, 3, 5, 6, 7, 12, 12, 12, 8, 14, 0, 14, 17, 15, 20, 20, 17, 23, 23, 20, 23, 27, 27, 28, 24]
[2, 4, 4, 0, 6, 4]
[3, 3, 0, 5, 3, 8, 8, 5, 8, 9, 9, 9, 12]
[3, 3, 7, 3, 6, 4, 0, 7, 10, 8, 12, 10, 12, 15, 13]
[2, 6, 2, 5, 3, 0, 6, 10, 10, 7]
[2, 0, 2, 8, 8, 8, 8, 3]
[2, 10, 2, 3, 2, 9, 8, 9, 5, 0, 10, 13, 11, 10, 17, 17, 14]
[2, 6, 6, 6, 6, 0, 8, 6, 11, 11, 8, 11, 14, 12, 14, 14]
[6, 6, 6, 6, 6, 0, 6, 7, 13, 13, 13, 13, 6, 15, 13, 13, 19, 19, 16, 19, 19, 19, 22, 25, 23]
[10, 1, 5, 5, 2, 2, 2, 7, 10, 0, 12, 13, 10, 13, 17, 17, 14, 19, 13, 10, 26, 26, 25, 25, 26, 28, 28, 10, 30, 28, 30]
[3, 3, 7, 7, 7, 7, 0, 9, 7, 9, 9, 13, 11, 13, 16, 14, 20, 20, 20, 7, 20, 24, 24, 21]
[2, 0, 6, 6, 6, 2, 8, 6, 10, 17, 10, 16, 16, 16, 16, 11, 8, 19, 17, 19, 24, 24, 24, 20, 24, 24, 28, 26, 24, 29, 29, 33, 29, 33, 37, 37, 34, 37, 40, 38]
[15, 4, 4, 1, 4, 9, 9, 9, 4, 15, 12, 15, 12, 13, 0, 17, 15, 19, 17, 22, 22, 19, 19, 26, 26, 23]
[3, 3, 0, 3, 3, 5, 6, 10, 10, 7, 10, 15, 14, 15, 11]
[3, 3, 8, 5, 3, 8, 8, 0, 10, 8, 12, 10, 12]
[5, 1, 4, 2, 0, 5, 6, 5, 11, 11, 8, 5, 14, 16, 14, 5, 16, 19, 17, 16, 20, 21]
[3, 3, 23, 3, 6, 4, 6, 6, 6, 6, 6, 6, 14, 12, 16, 14, 14, 19, 17, 23, 23, 23, 0]
[2, 3, 0, 3, 4, 3, 6, 9, 6, 11, 9, 11, 3]
[3, 3, 0, 5, 3, 5, 6, 15, 15, 11, 15, 15, 15, 15, 6, 22, 19, 17, 22, 22, 22, 3, 24, 22, 27, 27, 24]
[0, 1, 1]
[5, 5, 4, 5, 0, 7, 5, 7, 12, 12, 12, 8]
[4, 4, 4, 8, 4, 4, 8, 0, 8, 11, 8]
[3, 3, 0, 3]
[14, 1, 2, 10, 10, 10, 10, 10, 10, 1, 14, 13, 14, 0, 14, 14, 18, 16]
[0, 1, 4, 2, 7, 7, 1, 9, 7, 11, 9, 11, 15, 15, 12, 11, 20, 20, 20, 11]
[4, 3, 1, 0, 4, 7, 5, 7, 11, 9, 8]
[2, 5, 5, 5, 0, 5, 8, 6, 11, 11, 5, 11, 11, 13, 14, 11, 18, 16]
[5, 5, 5, 5, 0]
[9, 3, 1, 3, 8, 8, 8, 3, 0, 9, 13, 13, 9, 9, 17, 17, 9, 17, 20, 18, 20, 23, 21, 23, 23, 25, 28, 31, 31, 31, 23]
[0, 3, 1, 6, 6, 1, 6, 9, 7, 7, 7, 14, 12, 11, 14, 15, 16, 16, 1, 21, 1, 23, 21, 23, 28, 28, 28, 24, 28, 29, 32, 30]
[9, 1, 5, 5, 2, 7, 5, 9, 0, 9, 9, 13, 14, 11, 14, 17, 14]
[3, 3, 0, 3, 4, 5, 11, 11, 11, 11, 6, 6, 6, 13, 13, 17, 15]
[18, 7, 7, 3, 6, 4, 18, 7, 10, 7, 12, 10, 16, 16, 16, 7, 18, 0, 20, 18, 23, 23, 20, 20, 27, 27, 24, 27, 28, 31, 20, 33, 31]
[2, 0, 2, 5, 3, 2, 2, 7, 8, 9, 12, 9, 9, 17, 17, 17, 13, 17, 20, 18, 20, 21]
[9, 3, 1, 5, 9, 5, 6, 9, 0, 9, 10, 11, 12, 12, 16, 14, 20, 20, 20, 16, 20, 25, 25, 25, 20, 25, 25]
[2, 6, 6, 6, 6, 0, 6, 9, 7, 7, 7, 13, 6, 17, 17, 17, 13, 19, 17, 21, 19]
[2, 0]
[2, 0]
[3, 3, 0, 3, 9, 9, 9, 9, 3, 9, 13, 13, 10, 3]
[2, 3, 0, 3, 4, 4, 11, 11, 11, 11, 6, 3, 3, 16, 16, 13]
[2, 5, 5, 5, 0, 5, 5, 9, 5, 9, 12, 9, 5, 15, 18, 18, 18, 5]
[3, 3, 0, 3, 4, 8, 8, 5, 8, 9, 8]
[0, 7, 7, 6, 6, 7, 1, 7, 10, 8, 1, 13, 1, 15, 13, 15, 16, 17, 17, 1, 23, 23, 1, 23, 27, 27, 24]
[2, 15, 6, 6, 6, 2, 6, 12, 12, 12, 12, 7, 15, 15, 0, 17, 15, 19, 15, 19]
[2, 0, 4, 2, 4, 10, 10, 10, 10, 5]
[2, 6, 2, 3, 4, 0, 9, 9, 6, 11, 9, 14, 14, 16, 16, 11]
[6, 1, 2, 3, 3, 0, 6, 7, 6, 11, 15, 15, 15, 15, 6, 15, 16, 17, 20, 17]
[2, 9, 2, 2, 2, 7, 5, 9, 0, 12, 12, 9, 18, 18, 14, 15, 18, 12, 18, 21, 19, 18, 25, 25, 22]
[2, 0, 5, 5, 2, 7, 8, 5, 8, 9, 10, 13, 11]
[2, 4, 2, 0, 4, 5, 8, 6, 6, 9, 14, 14, 14, 6, 14, 14, 19, 19, 16, 19, 20, 21, 22, 23, 23, 29, 28, 29, 23]
[3, 3, 8, 3, 4, 5, 8, 0, 8, 13, 13, 13, 9]
[4, 4, 4, 0]
[2, 4, 4, 0, 4, 4, 8, 6, 4, 11, 15, 11, 14, 11, 4, 15, 18, 16, 15, 21, 22, 19]
[9, 4, 4, 1, 6, 9, 9, 9, 0, 9, 12, 13, 10, 13, 14, 17, 15]
[2, 17, 4, 7, 7, 7, 2, 7, 7, 11, 9, 9, 14, 12, 16, 17, 0, 26, 21, 21, 26, 26, 26, 26, 26, 17]
[3, 3, 4, 0, 4, 7, 5, 4, 10, 8]
[2, 6, 6, 5, 6, 0, 6, 9, 13, 9, 12, 9, 6, 16, 16, 13, 16]
[3, 3, 0, 5, 3, 7, 5, 5, 8, 11, 9, 5, 14, 5]
[12, 12, 7, 7, 7, 7, 2, 7, 10, 8, 12, 0, 14, 12]
[2, 0, 5, 5, 2, 5, 8, 6, 5, 9, 13, 13, 10]
[2, 0, 4, 2, 4, 11, 11, 11, 11, 11, 2, 15, 15, 15, 11, 15, 16, 19, 17]
[3, 3, 11, 7, 7, 7, 3, 7, 10, 8, 0, 15, 15, 15, 11, 19, 19, 19, 15]
[5, 5, 5, 5, 0, 9, 9, 9, 5]
[5, 5, 4, 5, 0, 5, 5, 7, 7, 9, 7, 14, 14, 11]
[2, 0, 2, 3, 6, 4, 6, 7]
[12, 3, 1, 6, 6, 8, 8, 3, 12, 12, 12, 0]
[3, 3, 10, 10, 10, 8, 8, 5, 10, 0, 10, 14, 14, 10, 14, 17, 15, 14, 20, 18, 20, 20]
[4, 4, 4, 0, 8, 8, 8, 4, 8, 9]
[6, 1, 2, 5, 3, 0, 6, 7, 11, 11, 8, 11, 14, 12, 14]
[3, 3, 0, 6, 6, 10, 8, 6, 10, 3, 10, 11, 18, 18, 18, 18, 18, 12, 18, 23, 23, 23, 18]
[2, 5, 2, 3, 0, 7, 5]
[2, 0, 2, 3, 3, 8, 8, 5, 3, 14, 14, 14, 14, 9]
[4, 3, 4, 16, 4, 4, 8, 6, 13, 13, 13, 13, 4, 13, 14, 0, 16, 16, 18]
[0, 3, 1, 3, 4, 7, 5, 3, 3, 9, 12, 10, 12, 13, 3, 17, 15, 17, 21, 21, 18]
[3, 3, 0, 5, 3, 5, 6, 7, 10, 8, 7, 7, 12, 15, 13]
[3, 3, 8, 3, 6, 4, 8, 0, 10, 8, 14, 14, 14, 10]
[3, 3, 0, 3, 8, 7, 8, 4, 8, 8, 12, 3, 12, 18, 17, 17, 18, 13, 18, 21, 19]
[3, 3, 4, 0, 7, 7, 4, 7, 8, 11, 9, 13, 7, 16, 16, 13, 16, 16, 4, 22, 22, 4, 22, 23, 23]
[3, 3, 0, 3, 4, 3, 9, 9, 6, 9, 15, 15, 15, 15, 10, 15, 10, 23, 23, 23, 23, 23, 17]
[7, 1, 4, 2, 1, 5, 0, 10, 10, 12, 12, 7, 12, 15, 18, 15, 18, 13]
[6, 6, 6, 6, 6, 0, 9, 9, 6, 9, 10, 6, 12, 13, 16, 14]
[2, 0, 7, 7, 7, 7, 2, 7, 8, 2, 12, 2, 14, 12, 14, 20, 20, 20, 20, 15, 22, 14]
[0, 1, 4, 2, 4, 5, 12, 12, 12, 12, 12, 6, 12, 15, 13, 12, 12, 23, 21, 21, 18, 23, 12, 25, 23, 25, 25, 29, 27, 33, 33, 33, 29, 33, 33]
[2, 0, 4, 2, 7, 7, 4, 9, 7, 9, 7, 7, 12, 16, 16, 13, 19, 19, 16, 19, 20, 21, 22]
[9, 1, 4, 7, 7, 7, 2, 9, 0, 9, 10, 11, 14, 10, 16, 14, 16, 17, 18, 19]
[2, 3, 0, 3, 4, 5, 6, 9, 10, 5, 10, 13, 11]
[5, 3, 5, 5, 0, 7, 5, 5, 12, 12, 12, 8]
[3, 3, 9, 3, 7, 7, 4, 9, 0, 9, 10, 11]
[2, 0, 4, 2, 6, 4, 6, 7, 10, 8]
[3, 3, 0, 3, 3, 3, 6, 11, 11, 11, 6, 3, 16, 16, 16, 3, 16, 16, 24, 24, 24, 21, 21, 18]
[2, 5, 5, 5, 0, 8, 8, 5, 10, 8, 10, 8, 12]
[2, 4, 4, 0, 4, 8, 8, 4, 8, 11, 9]
[5, 5, 5, 5, 6, 0, 6, 11, 11, 11, 7]
[5, 5, 5, 5, 0, 5, 8, 6]
[7, 1, 4, 5, 2, 7, 0, 7, 10, 8, 10, 13, 11]
[2, 3, 0, 3, 6, 4, 6, 10, 10, 7]
[3, 3, 0, 3, 9, 9, 8, 9, 4, 12, 12, 9, 15, 15, 12, 17, 15, 20, 20, 12, 20]
[2, 4, 4, 0, 4, 4, 4, 7, 10, 8, 8, 14, 14, 11, 14, 17, 14, 17, 20, 18]
[2, 0, 2, 8, 8, 8, 8, 3]
[0, 1, 1, 3, 4, 4, 8, 6]
[3, 3, 12, 3, 3, 5, 3, 3, 8, 8, 12, 0, 21, 18, 18, 18, 18, 21, 21, 21, 12, 23, 21, 23]
[3, 3, 0, 3, 6, 3, 8, 6, 11, 11, 8, 13, 3, 13, 17, 17, 13, 17, 17, 19]
[5, 5, 5, 5, 9, 7, 9, 9, 0, 9, 9, 9]
[4, 4, 4, 0, 7, 7, 4, 4, 4, 12, 12, 9, 9, 13, 14]
[3, 3, 6, 6, 6, 0, 6, 6, 13, 13, 13, 13, 8, 20, 16, 20, 20, 20, 20, 6, 20, 23, 21, 23, 24, 20, 26]
[3, 3, 8, 3, 4, 8, 8, 0, 8, 11, 8]
[3, 3, 0, 10, 6, 10, 9, 9, 6, 3, 10, 11, 10, 13, 14, 14, 19, 19, 16, 19]
[2, 6, 2, 5, 3, 0, 6, 7, 11, 11, 8, 11, 14, 12, 18, 18, 18, 11, 20, 18, 23, 23, 20, 20, 26, 20, 29, 29, 26]
[2, 7, 7, 5, 7, 7, 0, 13, 13, 13, 13, 13, 7, 13, 17, 17, 20, 20, 20, 14, 22, 20]
[4, 3, 4, 10, 7, 7, 4, 10, 10, 0]
[3, 3, 0, 5, 3, 3, 3, 9, 7, 9, 9, 14, 14, 11]
[7, 1, 4, 2, 7, 7, 0, 7, 7, 12, 12, 9, 12, 15, 13, 15, 7, 20, 18, 7, 20, 23, 20, 23, 24, 28, 28, 25]
[7, 5, 5, 5, 1, 7, 0, 10, 10, 7, 12, 7, 7, 15, 13]
[2, 0, 4, 2, 7, 7, 4, 7, 8]
[4, 4, 4, 5, 0, 5, 6, 10, 10, 7, 12, 10, 5, 17, 14, 17, 5, 17, 18]
[2, 15, 5, 5, 2, 5, 8, 6, 8, 9, 12, 13, 10, 15, 0, 19, 19, 19, 15, 19, 20, 20, 24, 22, 28, 28, 28, 24, 28, 31, 29, 33, 28, 35, 37, 37, 33]
[4, 4, 4, 0, 4, 8, 8, 5, 5, 11, 9]
[7, 7, 7, 7, 7, 7, 0, 7, 8]
[3, 3, 5, 5, 0, 11, 11, 11, 11, 11, 5, 5, 19, 15, 19, 19, 19, 17, 5, 19, 20]
[4, 4, 4, 5, 0, 5, 5, 5, 8, 11, 9, 11, 17, 17, 17, 17, 11]
[5, 5, 5, 5, 0, 5, 10, 7, 8, 5]
[2, 0, 4, 2, 8, 8, 8, 4, 10, 8, 8, 13, 11, 15, 13, 15, 16, 16]
[0, 1, 5, 5, 2, 1, 9, 9, 6]
[4, 4, 4, 0, 7, 7, 9, 9, 4, 9, 10, 13, 10, 9, 17, 17, 14, 17, 20, 18, 20, 24, 24, 21, 24, 29, 29, 29, 24]
[5, 5, 4, 5, 0, 5, 6, 7, 11, 11, 5, 5, 14, 16, 16, 5, 16, 16]
[3, 3, 10, 3, 9, 5, 9, 9, 10, 0, 12, 10, 10, 13, 13]
[0, 3, 1, 7, 7, 7, 3, 7, 8]
[4, 4, 4, 19, 6, 4, 9, 9, 6, 12, 12, 9, 12, 15, 13, 15, 19, 19, 0, 22, 22, 19, 24, 22, 24, 27, 25]
[3, 3, 0, 5, 3, 5, 5]
[3, 3, 0, 3, 3, 3, 3, 7, 7, 12, 12, 9, 12, 16, 16, 12, 16, 16, 18, 21, 19]
[2, 13, 2, 6, 6, 3, 8, 6, 8, 12, 12, 8, 0, 17, 17, 17, 20, 19, 20, 13, 20, 23, 20]
[0, 3, 1, 3, 6, 4]
[4, 3, 4, 0, 4, 9, 9, 9, 4, 14, 14, 14, 14, 4, 14, 15, 16, 19, 22, 22, 22, 17]
[4, 4, 4, 0]
[2, 0, 4, 2, 2, 5, 2, 10, 10, 2, 13, 13, 10]
[2, 0, 2, 5, 3, 5]
[3, 3, 0, 7, 7, 7, 3, 7, 8, 8, 10, 14, 14, 11]
[2, 0, 4, 2, 4, 5, 6, 7, 2, 14, 12, 10, 14, 2, 14]
[4, 4, 4, 19, 9, 5, 8, 9, 4, 13, 13, 13, 9, 19, 19, 19, 19, 19, 0, 21, 19, 23, 21, 21, 27, 27, 24]
[2, 4, 4, 0, 12, 7, 12, 7, 8, 12, 12, 4, 12, 16, 16, 13, 12, 20, 20, 4, 20, 25, 24, 25, 21, 25]
[6, 6, 6, 6, 6, 11, 11, 11, 11, 11, 0]
[0, 1, 2, 5, 3, 8, 8, 1, 10, 8]
[24, 1, 4, 2, 14, 14, 6, 6, 6, 6, 12, 10, 14, 4, 24, 24, 16, 16, 24, 24, 20, 23, 21, 0]
[3, 3, 0, 5, 3, 5, 8, 6, 10, 11, 8, 14, 14, 11, 16, 11, 11, 19, 17, 19, 23, 23, 20]
[2, 0, 2, 2, 4]
[2, 0, 2, 6, 6, 3, 2, 11, 10, 11, 2, 11, 14, 12, 19, 19, 19, 19, 11, 19, 22, 20, 22, 23]
[4, 4, 4, 0, 4, 4, 8, 4, 10, 15, 10, 13, 10, 15, 8, 15, 15, 17, 18, 19, 20, 21, 15, 15, 24, 27, 24, 27, 28]
[0, 3, 7, 7, 7, 7, 1, 7, 13, 13, 10, 10, 8, 13, 16, 14, 7, 20, 20, 7, 20, 20, 24, 22, 24]
[2, 0, 4, 2, 6, 4, 11, 11, 11, 11, 6, 4, 14, 12, 14, 21, 21, 21, 21, 21, 15, 21, 4, 4, 28, 28, 28, 24, 28, 31, 29]
[2, 0, 5, 5, 2, 7, 5, 7, 2, 12, 12, 2, 12, 12, 12, 17, 15, 17, 17]
[0, 1, 4, 2, 4, 8, 8, 5]
[4, 4, 4, 0, 6, 4, 6, 9, 7, 4, 15, 15, 15, 15, 4, 15, 18, 16]
[3, 3, 0, 3, 4, 3, 9, 9, 3, 11, 9, 11, 14, 12, 14, 15, 18, 16]
[2, 8, 2, 5, 3, 8, 8, 0, 8, 9, 10, 15, 15, 15, 10, 17, 15]
[4, 1, 1, 0, 4, 21, 21, 7, 8, 8, 8, 13, 8, 21, 16, 21, 16, 21, 21, 21, 4, 21]
[0, 1, 1, 3, 4, 5, 10, 10, 10, 6]
[2, 3, 0, 5, 3, 5, 9, 9, 6, 9, 10, 13, 10, 3, 17, 17, 3, 19, 17, 21, 19, 21, 24, 21, 27, 27, 31, 27, 31, 31, 24, 33, 31]
[2, 4, 4, 0, 4, 7, 5]
[3, 3, 0, 3, 7, 7, 4]
[2, 4, 4, 0, 4, 5, 5]
