[3, 3, 0, 3, 6, 4, 6, 6, 3]
[3, 3, 0, 3, 4, 3, 3, 9, 7, 9, 9, 3, 3, 15, 24, 24, 24, 19, 17, 19, 22, 20, 24, 3, 26, 24, 26, 30, 30, 27, 30, 33, 36, 33, 36, 31, 3]
[5, 5, 5, 5, 0, 5, 6, 5]
[4, 4, 4, 0, 4, 5, 4]
[6, 6, 6, 6, 6, 26, 17, 17, 8, 12, 12, 8, 12, 15, 12, 12, 6, 17, 17, 21, 19, 26, 26, 26, 26, 0, 26, 29, 26, 29, 29, 33, 31, 33, 36, 39, 36, 39, 34, 26]
[7, 3, 7, 7, 7, 7, 20, 9, 7, 11, 13, 13, 9, 20, 20, 17, 15, 20, 20, 0, 23, 23, 20, 25, 23, 25, 28, 26, 20]
[10, 10, 10, 10, 10, 10, 10, 10, 10, 14, 10, 13, 11, 0, 14, 21, 21, 17, 20, 17, 14, 21, 24, 22, 14]
[3, 3, 0, 14, 14, 9, 9, 9, 5, 14, 14, 14, 14, 3, 16, 14, 16, 19, 17, 19, 22, 19, 22, 25, 22, 22, 28, 22, 22, 22, 30, 3]
[3, 3, 4, 0, 7, 7, 4, 7, 10, 8, 4]
[0, 4, 4, 1, 4, 5, 9, 9, 6, 9, 12, 10, 5, 5, 14, 15, 18, 15, 1]
[2, 0, 4, 2, 4, 5, 5, 11, 11, 11, 5, 11, 12, 13, 14, 14, 14, 19, 14, 19, 19, 23, 14, 2]
[0, 3, 1, 3, 6, 4, 1, 1, 11, 11, 8, 13, 11, 16, 16, 13, 18, 19, 20, 13, 22, 24, 22, 20, 24, 27, 29, 27, 24, 1]
[4, 4, 4, 0, 4, 5, 8, 6, 10, 8, 13, 13, 14, 10, 4]
[3, 3, 0, 3, 3, 3, 8, 3, 3, 3, 12, 3, 3]
[2, 5, 2, 2, 0, 5, 8, 5, 5]
[3, 3, 0, 6, 6, 3, 8, 6, 10, 8, 10, 10, 3]
[2, 5, 2, 5, 15, 5, 5, 13, 8, 13, 10, 10, 5, 15, 0, 17, 15, 17, 18, 21, 19, 15, 24, 15, 27, 27, 29, 29, 24, 31, 29, 15]
[4, 4, 4, 0, 4, 8, 8, 4, 10, 4, 17, 17, 17, 17, 17, 17, 10, 17, 20, 18, 22, 20, 22, 29, 29, 25, 28, 25, 23, 4]
[0, 1, 2, 3, 3, 5, 5, 5, 13, 13, 13, 13, 8, 5, 5, 5, 19, 19, 16, 21, 19, 23, 21, 23, 27, 27, 24, 1]
[3, 3, 0, 3, 6, 4, 3, 9, 3, 9, 10, 13, 11, 13, 14, 13, 13, 17, 17, 21, 19, 21, 22, 3]
[2, 12, 2, 7, 7, 7, 2, 2, 12, 12, 12, 0, 12, 13, 14, 17, 15, 17, 18, 21, 17, 21, 24, 22, 12]
[0, 1, 2, 2, 1, 7, 5, 10, 10, 7, 15, 15, 15, 15, 10, 15, 16, 17, 21, 21, 18, 1]
[6, 6, 6, 6, 6, 0, 10, 10, 10, 6, 14, 14, 14, 10, 6]
[19, 4, 4, 1, 4, 5, 8, 6, 4, 12, 12, 4, 12, 15, 13, 15, 19, 19, 0, 19, 23, 23, 19, 23, 24, 19]
[3, 1, 8, 3, 6, 4, 8, 0, 8, 11, 9, 8, 16, 16, 16, 8, 16, 19, 17, 16, 16, 23, 16, 23, 24, 27, 25, 27, 31, 31, 27, 8]
[6, 6, 6, 6, 6, 0, 6, 9, 6, 6, 12, 6, 6, 13, 14, 18, 18, 15, 18, 19, 20, 25, 22, 22, 20, 27, 25, 27, 28, 6, 6, 40, 32, 32, 34, 35, 34, 40, 40, 6, 40, 46, 46, 43, 43, 41, 46, 47, 50, 48, 6]
[2, 8, 8, 8, 8, 8, 8, 0, 8, 9, 13, 13, 9, 13, 16, 13, 8]
[2, 19, 2, 3, 2, 2, 6, 9, 7, 9, 14, 13, 14, 10, 19, 19, 16, 16, 0, 22, 22, 19, 24, 22, 19]
[3, 3, 0, 7, 7, 7, 3, 3, 13, 13, 13, 13, 3, 13, 3, 3, 18, 3, 18, 19, 22, 19, 3]
[2, 3, 0, 6, 6, 3, 6, 10, 10, 7, 10, 14, 14, 10, 3]
[4, 4, 4, 25, 4, 8, 8, 4, 8, 13, 13, 13, 9, 13, 17, 17, 13, 13, 21, 21, 13, 21, 22, 4, 0, 25, 28, 25, 28, 29, 34, 34, 34, 28, 25]
[0, 4, 4, 1, 4, 5, 6, 6, 4, 13, 13, 13, 4, 1, 16, 14, 16, 20, 18, 17, 1]
[4, 4, 4, 0, 4]
[0, 3, 1, 6, 6, 3, 1]
[0, 1, 5, 5, 1, 5, 10, 7, 10, 6, 1]
[3, 3, 0, 3, 6, 4, 8, 6, 8, 9, 3]
[9, 9, 9, 5, 3, 9, 9, 9, 0, 9, 12, 10, 9]
[4, 4, 4, 0, 10, 10, 10, 10, 10, 4, 4]
[0, 1, 1]
[4, 1, 1, 0, 4, 7, 8, 5, 11, 11, 15, 11, 15, 15, 8, 4]
[2, 8, 8, 8, 6, 8, 8, 0, 8, 11, 9, 8]
[4, 4, 4, 5, 0, 8, 8, 5, 10, 5, 14, 14, 14, 10, 16, 14, 16, 16, 18, 19, 19, 23, 16, 23, 5]
[3, 3, 0, 3, 6, 4, 3]
[7, 7, 4, 2, 4, 4, 0, 7, 11, 11, 7, 11, 15, 15, 12, 7]
[6, 1, 4, 1, 6, 0, 6]
[2, 3, 0, 5, 3, 5, 5, 9, 5, 3]
[3, 3, 0, 3, 9, 7, 9, 9, 4, 3, 3, 13, 11, 3]
[3, 3, 7, 7, 7, 7, 0, 9, 7, 9, 15, 15, 15, 15, 10, 7, 7, 22, 22, 22, 22, 23, 7, 25, 26, 23, 7]
[3, 3, 19, 3, 4, 4, 4, 9, 4, 9, 10, 10, 12, 3, 19, 19, 19, 19, 0, 21, 19, 19]
[2, 8, 2, 3, 4, 7, 4, 0, 16, 11, 16, 11, 14, 12, 16, 8, 8]
[7, 3, 1, 7, 7, 7, 0, 9, 7, 9, 9, 13, 9, 15, 13, 15, 19, 19, 16, 7]
[2, 0, 6, 6, 6, 2, 2, 9, 7, 9, 13, 13, 10, 16, 16, 13, 18, 16, 18, 16, 23, 23, 16, 23, 26, 23, 26, 26, 26, 29, 33, 33, 30, 29, 37, 37, 34, 2]
[14, 14, 2, 5, 3, 5, 6, 7, 7, 7, 7, 7, 14, 0, 14, 17, 14, 17, 18, 14, 14]
[0, 3, 1, 5, 3, 3, 12, 9, 12, 12, 12, 6, 12, 16, 16, 13, 1]
[2, 0, 2, 5, 2, 2]
[2, 9, 4, 5, 2, 9, 9, 9, 0, 9]
[0, 1, 1, 1, 7, 7, 1, 10, 10, 7, 10, 10, 14, 12, 10, 18, 18, 10, 18, 22, 22, 19, 1]
[0, 1, 5, 5, 2, 7, 5, 7, 7, 9, 12, 10, 7, 15, 13, 15, 16, 17, 17, 17, 17, 17, 17, 1]
[2, 9, 2, 3, 9, 9, 9, 9, 0, 9, 10, 9, 9, 13, 13, 15, 9]
[6, 3, 6, 6, 6, 0, 6]
[14, 1, 1, 1, 1, 14, 8, 14, 14, 14, 14, 13, 14, 0, 16, 14, 19, 19, 16, 16, 22, 20, 22, 23, 24, 25, 14]
[3, 3, 0, 15, 15, 15, 9, 7, 6, 9, 13, 13, 10, 15, 3, 15, 15, 17, 20, 18, 22, 17, 22, 22, 26, 24, 30, 30, 30, 26, 30, 3]
[6, 1, 5, 5, 1, 0, 8, 6, 10, 8, 8, 17, 17, 13, 16, 13, 11, 6, 6, 19, 24, 24, 24, 20, 27, 27, 24, 27, 28, 27, 27, 31, 35, 35, 32, 35, 38, 36, 6]
[2, 5, 2, 5, 8, 8, 8, 0, 8, 11, 9, 8]
[2, 6, 6, 5, 6, 0, 6, 11, 11, 11, 7, 6, 6, 13, 17, 17, 14, 17, 21, 21, 18, 6]
[13, 4, 4, 1, 13, 13, 13, 13, 10, 13, 10, 10, 0, 13]
[2, 10, 2, 5, 2, 10, 10, 10, 10, 0, 10, 13, 11, 10]
[2, 0, 2, 2, 2, 2, 2]
[23, 8, 4, 8, 8, 8, 8, 23, 8, 13, 12, 13, 8, 13, 23, 23, 16, 16, 18, 23, 23, 23, 0, 23, 23, 28, 28, 25, 23]
[3, 3, 0, 3, 4, 3]
[15, 3, 6, 3, 6, 8, 6, 1, 15, 15, 10, 10, 15, 15, 0, 15, 15, 15, 18, 21, 19, 15]
[5, 1, 5, 5, 0, 5, 9, 7, 6, 9, 10, 11, 11, 11, 11, 11, 11, 9, 22, 22, 22, 18, 5]
[0, 3, 1, 3, 1]
[6, 6, 6, 6, 6, 0, 6]
[2, 0, 2, 3, 2, 9, 6, 6, 2, 11, 9, 2]
[4, 4, 4, 25, 4, 10, 10, 10, 10, 5, 10, 13, 11, 13, 18, 18, 18, 13, 18, 19, 25, 25, 25, 25, 0, 25]
[4, 4, 4, 0, 4, 4, 4, 4, 11, 11, 4, 13, 11, 13, 16, 14, 16, 19, 17, 21, 19, 4]
[8, 4, 4, 7, 4, 7, 8, 0, 14, 14, 10, 13, 10, 8, 8]
[15, 1, 4, 2, 4, 7, 5, 15, 15, 15, 15, 15, 15, 15, 0, 18, 18, 15, 22, 22, 22, 18, 22, 26, 26, 23, 15]
[5, 3, 5, 5, 6, 0, 6, 6, 14, 14, 10, 13, 10, 8, 6]
[11, 3, 1, 11, 11, 11, 11, 11, 11, 11, 0, 11]
[4, 3, 4, 0, 4, 4, 6, 7, 11, 11, 4, 11, 14, 12, 4]
[11, 11, 6, 6, 6, 11, 11, 11, 11, 11, 0, 11]
[0, 1]
[2, 17, 2, 6, 6, 8, 6, 3, 10, 8, 12, 10, 10, 16, 16, 13, 0, 19, 17, 19, 23, 23, 19, 17]
[8, 1, 8, 7, 4, 7, 8, 0, 8, 8, 17, 17, 17, 17, 17, 17, 10, 17, 18, 17, 22, 17, 24, 22, 26, 24, 28, 30, 30, 26, 30, 30, 34, 30, 8]
[7, 3, 7, 3, 6, 3, 0, 7]
[2, 0, 2, 2, 2, 13, 8, 11, 8, 11, 13, 13, 2, 13, 13, 17, 15, 28, 28, 19, 22, 26, 22, 25, 26, 20, 28, 13, 28, 28, 30, 33, 31, 30, 2]
[2, 8, 2, 7, 7, 7, 3, 0, 8, 8, 23, 23, 23, 13, 16, 14, 16, 16, 23, 23, 23, 23, 8, 8]
[3, 3, 0, 3, 6, 4, 3]
[2, 5, 5, 5, 0, 5, 5, 10, 10, 5, 12, 10, 12, 13, 12, 17, 15, 5]
[3, 3, 5, 5, 0, 7, 5, 10, 10, 7, 10, 17, 17, 17, 17, 17, 11, 10, 21, 21, 18, 5]
[2, 0, 4, 2, 2, 5, 6, 6, 2, 2, 30, 30, 15, 15, 12, 18, 18, 15, 21, 21, 18, 21, 24, 22, 18, 28, 28, 30, 30, 10, 30, 33, 31, 2]
[4, 3, 4, 15, 4, 4, 9, 9, 6, 9, 10, 15, 14, 15, 0, 19, 16, 17, 15, 21, 19]
[2, 6, 6, 6, 6, 0, 6, 7, 8, 9, 6, 16, 16, 16, 16, 6, 6]
[0, 1, 6, 5, 6, 2, 6, 9, 7, 1]
[2, 0, 4, 2, 2, 9, 8, 9, 2, 9, 9, 9, 9, 15, 22, 15, 18, 16, 22, 21, 22, 9, 26, 26, 26, 22, 2]
[39, 1, 4, 1, 8, 8, 8, 1, 10, 8, 8, 11, 12, 13, 39, 19, 19, 19, 21, 19, 39, 21, 25, 25, 22, 27, 28, 25, 28, 29, 33, 33, 30, 39, 39, 39, 39, 39, 0, 39]
[7, 7, 7, 6, 6, 7, 0, 7, 7, 11, 9, 13, 11, 11, 16, 14, 18, 11, 18, 18, 24, 24, 24, 20, 24, 25, 26, 25, 7]
[3, 3, 8, 3, 8, 8, 8, 16, 8, 9, 13, 11, 10, 16, 16, 0, 16, 16, 16]
[10, 5, 4, 5, 1, 10, 8, 10, 8, 0, 10, 13, 11, 13, 14, 11, 11, 22, 18, 18, 22, 17, 11, 11, 28, 28, 28, 24, 31, 31, 28, 31, 11, 11, 11, 37, 35, 37, 43, 43, 43, 43, 38, 10]
[15, 1, 4, 2, 6, 4, 9, 9, 14, 9, 10, 14, 14, 6, 0, 15, 15, 15]
[2, 7, 7, 6, 6, 7, 0, 7, 13, 13, 13, 13, 7, 7]
[2, 0, 2, 5, 3, 5, 6, 5, 8, 11, 9, 2]
[11, 1, 5, 5, 2, 5, 9, 7, 6, 11, 0, 11, 11, 11]
[4, 4, 4, 0, 7, 7, 4, 7, 10, 8, 4]
[2, 0, 5, 5, 2, 5, 5, 5, 10, 8, 2]
[9, 9, 9, 9, 9, 9, 9, 9, 19, 13, 12, 13, 9, 13, 16, 14, 19, 19, 0, 25, 22, 25, 25, 25, 19, 25, 25, 29, 27, 29, 30, 29, 38, 38, 38, 37, 38, 32, 41, 41, 38, 19]
[3, 3, 0, 6, 6, 3, 6, 6, 12, 12, 12, 8, 3, 3, 17, 17, 3, 17, 21, 21, 18, 21, 21, 3]
[3, 3, 0, 5, 3, 5, 8, 5, 3]
[3, 3, 0, 3, 6, 4, 3, 9, 7, 14, 14, 14, 14, 3, 14, 18, 18, 15, 18, 19, 18, 25, 25, 25, 21, 3]
[2, 5, 2, 5, 6, 0, 6, 9, 11, 9, 7, 11, 12, 16, 16, 13, 16, 21, 18, 18, 17, 21, 25, 23, 22, 6]
[5, 5, 5, 5, 0, 5, 10, 10, 10, 6, 12, 10, 12, 13, 12, 15, 10, 19, 10, 25, 25, 21, 22, 25, 19, 5]
[2, 3, 0, 3, 7, 7, 4, 7, 11, 11, 7, 11, 15, 15, 12, 17, 11, 19, 17, 17, 20, 17, 17, 23, 23, 25]
[2, 8, 2, 3, 8, 8, 8, 0, 8, 8, 12, 10, 8, 13, 19, 19, 19, 19, 14, 21, 19, 21, 24, 21, 26, 24, 8]
[8, 1, 8, 5, 8, 8, 8, 0, 10, 8, 10, 14, 14, 11, 8, 8, 8, 17, 17, 19, 19, 23, 19, 23, 23, 25, 28, 23, 30, 28, 8]
[4, 4, 4, 25, 4, 4, 11, 11, 11, 11, 12, 6, 4, 4, 14, 18, 18, 15, 25, 25, 25, 25, 25, 25, 0, 28, 28, 25, 28, 25]
[2, 0, 2, 5, 8, 7, 8, 3, 8, 12, 12, 9, 2]
[2, 6, 6, 6, 6, 0, 8, 6, 6, 11, 13, 13, 6, 13, 17, 15, 13, 17, 17, 22, 22, 19, 25, 25, 22, 27, 25, 29, 27, 27, 32, 30, 6]
[7, 7, 7, 7, 7, 7, 0, 7, 10, 8, 10, 10, 12, 12, 12, 15, 10, 10, 18, 19, 26, 26, 26, 23, 23, 20, 7]
[3, 3, 0, 3, 6, 4, 3, 11, 11, 11, 3, 11, 12, 13, 13, 13, 19, 19, 13, 3, 3, 3, 22, 22, 22, 27, 22, 3]
[2, 5, 5, 5, 0, 7, 5, 7, 10, 7, 10, 13, 7, 13, 5]
[3, 3, 0, 3, 7, 7, 3, 9, 7, 11, 9, 11, 11, 15, 13, 15, 18, 16, 18, 21, 18, 9, 24, 25, 9, 3]
[2, 4, 4, 0, 6, 4, 10, 10, 10, 11, 6, 14, 14, 11, 14, 6, 6, 6, 20, 18, 18, 21, 4]
[6, 6, 2, 5, 2, 0, 6]
[3, 3, 0, 6, 6, 3, 11, 9, 11, 11, 6, 11, 14, 12, 3]
[0, 1, 1, 10, 4, 10, 6, 6, 10, 3, 1]
[2, 3, 0, 3, 7, 7, 4, 3, 3, 9, 14, 14, 14, 10, 16, 14, 16, 17, 18, 18, 18, 23, 18, 23, 24, 25, 3]
[4, 4, 4, 14, 4, 5, 4, 9, 4, 4, 12, 4, 14, 0, 14, 14, 20, 20, 20, 16, 14]
[4, 4, 4, 10, 4, 4, 10, 10, 10, 0, 12, 10, 10, 18, 18, 18, 18, 13, 10, 21, 30, 30, 30, 30, 30, 28, 28, 30, 30, 10, 30, 10, 10]
[2, 0, 5, 5, 2, 5, 8, 6, 2]
[2, 16, 2, 5, 3, 5, 8, 5, 8, 11, 9, 11, 14, 11, 5, 0, 16, 19, 17, 19, 20, 21, 21, 21, 26, 21, 28, 26, 21, 31, 21, 31, 31, 35, 33, 16]
[0, 3, 1, 1, 6, 4, 1, 9, 1, 9, 9, 16, 16, 16, 16, 11, 1]
[2, 0, 7, 7, 7, 7, 2, 2, 8, 9, 2]
[2, 3, 0, 5, 3, 5, 3]
[2, 0, 2, 3, 4, 7, 2, 10, 10, 7, 12, 10, 12, 2]
[8, 3, 8, 3, 7, 7, 4, 16, 8, 13, 12, 13, 9, 16, 16, 0, 16, 17, 16, 21, 19, 16]
[3, 3, 20, 5, 3, 3, 3, 7, 15, 9, 12, 10, 9, 15, 8, 20, 20, 20, 20, 0, 20]
[2, 0, 2, 6, 6, 2, 12, 12, 12, 12, 12, 6, 12, 12, 12, 12, 18, 12, 21, 21, 18, 21, 24, 22, 18, 18, 26, 18, 2, 2, 34, 34, 34, 2, 36, 34, 38, 36, 40, 36, 34, 34, 44, 42, 44, 47, 51, 47, 50, 51, 45, 2]
[10, 1, 2, 10, 10, 10, 8, 10, 10, 0, 12, 10, 19, 19, 16, 14, 19, 19, 10, 21, 19, 19, 22, 23, 28, 28, 28, 23, 19, 10, 33, 33, 10, 37, 36, 37, 33, 10]
[5, 5, 5, 5, 8, 8, 8, 0, 8, 12, 12, 9, 12, 15, 18, 15, 18, 13, 8, 8, 22, 8, 27, 27, 27, 27, 22, 8]
[2, 3, 0, 3, 8, 8, 8, 4, 3]
[2, 10, 2, 5, 3, 10, 10, 10, 10, 0, 10, 10]
[3, 3, 0, 11, 11, 11, 11, 11, 11, 11, 3, 11, 11, 3, 3]
[13, 3, 6, 3, 6, 13, 6, 10, 10, 7, 13, 13, 0, 13, 13, 13, 16, 13, 13, 21, 25, 21, 24, 22, 13, 28, 28, 25, 28, 31, 29, 13, 13]
[4, 4, 4, 0, 4, 9, 8, 9, 5, 11, 9, 11, 21, 15, 21, 15, 15, 19, 15, 15, 12, 21, 25, 25, 21, 25, 26, 27, 30, 28, 4]
[4, 4, 4, 0, 6, 4, 9, 9, 10, 6, 6, 11, 12, 12, 12, 12, 4]
[5, 4, 4, 5, 8, 8, 8, 0, 11, 11, 8, 8, 8, 16, 16, 13, 8, 8, 18, 18, 18, 18, 22, 22, 18, 27, 18, 27, 31, 31, 28, 8]
[5, 5, 5, 5, 0, 5, 8, 5, 8, 12, 12, 5, 12, 5]
[4, 4, 4, 0, 4, 4, 8, 6, 4, 4, 13, 13, 4, 13, 18, 18, 18, 13, 18, 21, 18, 21, 24, 22, 4]
[4, 4, 4, 0, 4, 8, 8, 5, 8, 9, 8, 13, 8, 8, 17, 17, 8, 8, 8, 22, 22, 8, 22, 25, 23, 4]
[3, 3, 0, 5, 3, 5, 6, 9, 11, 11, 5, 3]
[2, 4, 4, 18, 11, 8, 8, 11, 11, 11, 4, 11, 12, 18, 17, 17, 18, 0, 18, 21, 26, 26, 22, 25, 22, 19, 18]
[3, 3, 15, 5, 3, 5, 10, 10, 10, 6, 15, 15, 15, 15, 0, 15, 19, 17, 16, 19, 23, 23, 19, 27, 27, 27, 23, 27, 30, 28, 28, 34, 34, 31, 15]
[2, 0, 5, 5, 2, 2, 13, 7, 10, 8, 13, 13, 2, 2, 16, 18, 18, 2, 18, 22, 22, 18, 25, 25, 22, 25, 29, 29, 26, 22, 33, 33, 22, 33, 2]
[8, 4, 4, 1, 8, 7, 8, 0, 11, 11, 8, 13, 8, 13, 16, 13, 20, 19, 20, 8, 20, 20, 8]
[2, 0, 2, 6, 6, 3, 2, 7, 12, 12, 12, 8, 2]
[7, 1, 4, 2, 7, 7, 0, 7, 17, 17, 10, 10, 10, 10, 16, 10, 8, 7]
[4, 4, 4, 0, 7, 7, 4, 7, 7, 7, 13, 13, 7, 13, 14, 18, 18, 15, 18, 21, 19, 23, 21, 18, 18, 25, 26, 27, 28, 4]
[6, 6, 6, 6, 6, 0, 8, 6, 10, 11, 8, 6]
[6, 1, 2, 6, 6, 0, 8, 6, 6, 13, 10, 10, 9, 13, 16, 14, 6, 6, 42, 23, 23, 23, 19, 23, 27, 27, 24, 27, 30, 28, 33, 33, 27, 33, 38, 35, 38, 34, 42, 41, 42, 6, 42, 6]
[8, 1, 4, 2, 6, 4, 8, 0, 8, 15, 10, 13, 11, 15, 8, 17, 15, 8]
[7, 1, 7, 3, 6, 3, 0, 7, 10, 8, 7]
[5, 1, 5, 5, 8, 8, 8, 0, 11, 11, 8, 13, 11, 13, 13, 13, 16, 16, 20, 21, 16, 8]
[2, 3, 0, 3, 3, 3, 8, 3, 10, 8, 10, 11, 11, 10, 24, 24, 24, 24, 24, 24, 20, 20, 24, 14, 24, 28, 28, 25, 3]
[21, 1, 5, 5, 2, 5, 9, 9, 6, 21, 12, 21, 12, 17, 17, 17, 13, 21, 21, 21, 0, 21, 24, 22, 21]
[3, 3, 6, 6, 6, 0, 6]
[2, 5, 2, 3, 0, 7, 5, 5, 11, 11, 8, 5, 5, 13, 16, 13, 16, 16, 23, 23, 23, 23, 16, 23, 24, 27, 25, 5]
[5, 5, 5, 5, 0, 5, 9, 9, 6, 9, 13, 13, 9, 5]
[2, 15, 2, 2, 2, 2, 2, 2, 15, 15, 10, 10, 15, 15, 0, 15, 15, 15, 21, 21, 18, 15]
[0, 1, 2, 6, 6, 3, 6, 9, 7, 1]
[4, 3, 4, 0, 4, 7, 5, 7, 7, 14, 14, 14, 14, 7, 16, 14, 16, 20, 20, 16, 4]
[6, 6, 4, 6, 6, 0, 6, 9, 7, 9, 12, 10, 12, 12, 6]
[10, 1, 2, 3, 2, 8, 8, 5, 10, 0, 12, 10, 10, 17, 17, 17, 13, 17, 20, 18, 23, 23, 20, 23, 23, 30, 30, 29, 30, 23, 30, 10]
[2, 20, 2, 3, 3, 5, 20, 20, 10, 8, 10, 11, 15, 15, 10, 15, 20, 20, 20, 0, 20, 25, 25, 25, 21, 25, 25, 29, 27, 29, 34, 31, 31, 30, 20]
[2, 0, 2, 2, 4, 8, 8, 5, 8, 9, 2, 2, 17, 13, 17, 17, 2, 17, 22, 22, 22, 18, 24, 22, 24, 24, 28, 26, 32, 31, 32, 28, 2]
[4, 4, 4, 0, 4, 7, 5, 10, 10, 7, 4]
[4, 4, 4, 0, 6, 4, 8, 6, 4]
[7, 4, 4, 1, 7, 7, 0, 7, 10, 8, 16, 14, 14, 16, 14, 10, 16, 17, 18, 18, 18, 18, 24, 22, 16, 7, 7, 27, 28, 32, 32, 29, 7]
[5, 3, 5, 5, 0, 5, 5, 13, 13, 13, 13, 13, 7, 13, 14, 17, 15, 17, 17, 5]
[3, 3, 4, 0, 4, 8, 8, 5, 11, 11, 13, 13, 8, 13, 17, 17, 14, 13, 18, 18, 4]
[5, 5, 4, 5, 0, 5]
[4, 4, 4, 0, 4, 4, 8, 6, 8, 11, 9, 11, 12, 15, 13, 11, 11, 19, 11, 19, 20, 23, 21, 4]
[11, 4, 4, 1, 4, 4, 11, 11, 8, 9, 0, 13, 11, 13, 16, 14, 16, 17, 11]
[2, 18, 5, 5, 8, 7, 5, 2, 2, 2, 13, 13, 10, 2, 18, 18, 16, 0, 20, 18, 20, 24, 24, 21, 24, 27, 25, 20, 28, 18]
[0, 1]
[2, 5, 5, 5, 0, 5, 5, 9, 5, 12, 12, 9, 9, 15, 13, 5]
[0, 1, 1, 5, 3, 7, 5, 7, 1]
[3, 3, 0, 3, 4, 8, 8, 3, 10, 8, 12, 13, 10, 3]
[7, 7, 7, 7, 7, 7, 0, 7, 8, 11, 7, 14, 14, 11, 11, 17, 11, 17, 18, 7]
[3, 3, 5, 5, 0, 5, 8, 6, 5]
[2, 0, 2, 3, 2, 8, 8, 10, 8, 5, 2, 2, 28, 13, 16, 14, 18, 19, 16, 21, 23, 21, 19, 23, 23, 28, 28, 2, 2]
[3, 3, 0, 3, 7, 7, 4, 3, 3, 12, 12, 9, 15, 15, 12, 18, 18, 20, 20, 15, 20, 20, 26, 25, 26, 22, 3]
[3, 3, 0, 3, 3, 3, 3, 9, 10, 3, 10, 3]
[3, 3, 0, 3, 6, 7, 4, 7, 10, 7, 10, 11, 12, 12, 3]
[0, 1, 8, 8, 8, 8, 8, 2, 1]
[3, 3, 11, 5, 3, 5, 6, 11, 10, 11, 0, 11, 15, 15, 12, 11, 11, 19, 17, 23, 23, 23, 19, 23, 24, 25, 23, 27, 28, 29, 11]
[10, 5, 5, 5, 1, 10, 10, 10, 10, 0, 10, 10, 10, 15, 10, 10]
[8, 8, 8, 8, 8, 8, 8, 0, 12, 12, 12, 8, 14, 12, 17, 17, 8, 17, 20, 17, 8]
[4, 4, 4, 0, 6, 4, 8, 6, 8, 6, 12, 10, 12, 15, 4, 27, 18, 27, 23, 21, 23, 23, 18, 27, 27, 27, 15, 27, 30, 28, 30, 31, 4]
[4, 4, 4, 0, 4, 4, 8, 6, 4, 15, 15, 13, 15, 15, 9, 17, 15, 17, 20, 18, 20, 24, 24, 21]
[0, 1, 5, 5, 2, 1]
[2, 0, 2, 5, 2, 5, 9, 9, 5, 2]
[12, 5, 4, 5, 1, 12, 11, 9, 11, 11, 12, 0, 15, 15, 12, 17, 15, 19, 17, 23, 23, 23, 19, 19, 19, 29, 28, 29, 25, 29, 32, 30, 12]
[4, 1, 1, 0, 7, 7, 4, 7, 11, 11, 8, 13, 11, 13, 17, 17, 14, 4]
[0, 7, 4, 7, 4, 4, 1, 7, 10, 8, 1]
[2, 0, 2, 2, 6, 4, 6, 2, 2, 2, 2]
[2, 3, 0, 9, 9, 7, 9, 7, 3, 3, 3, 14, 14, 3, 14, 19, 19, 19, 14, 3]
[7, 7, 7, 7, 4, 4, 0, 7, 7, 12, 12, 14, 14, 7, 14, 15, 16, 29, 20, 29, 20, 21, 29, 29, 29, 25, 29, 29, 16, 29, 30, 7]
[2, 0, 2, 2]
[2, 0, 4, 2, 2, 5, 6, 11, 11, 11, 7, 11, 14, 11, 11, 17, 11, 2]
[3, 3, 0, 5, 3, 7, 5, 7, 10, 8, 12, 7, 12, 12, 12, 12, 12, 12, 12, 22, 22, 7, 25, 25, 22, 25, 30, 27, 27, 26, 3]
[3, 3, 0, 5, 3, 5, 8, 6, 8, 9, 6, 6, 14, 12, 14, 15, 16, 16, 14, 19, 14, 24, 24, 14, 24, 25, 14, 30, 30, 14, 30, 31, 30, 35, 30, 35, 35, 30, 30, 39, 3]
[4, 4, 4, 0, 4, 7, 4, 9, 4, 11, 9, 13, 11, 11, 14, 15, 16, 19, 17, 11, 24, 24, 24, 11, 24, 29, 29, 29, 25, 24, 34, 34, 34, 30, 4]
[5, 5, 2, 2, 0, 8, 8, 5, 8, 8, 8, 13, 8, 15, 13, 15, 18, 16, 25, 25, 22, 25, 25, 25, 15, 25, 5]
[2, 3, 0, 6, 6, 3, 6, 11, 11, 11, 7, 11, 11, 16, 16, 13, 16, 17, 3]
[2, 4, 2, 15, 4, 7, 5, 7, 10, 8, 10, 14, 14, 11, 0, 17, 15, 19, 15, 22, 22, 19, 22, 26, 26, 22, 15]
[2, 11, 4, 2, 6, 4, 4, 9, 7, 11, 0, 13, 11, 23, 16, 23, 16, 19, 17, 19, 22, 19, 13]
[8, 8, 4, 8, 8, 8, 8, 0, 10, 8, 12, 10, 10, 10, 17, 17, 14, 8]
[2, 0, 2, 9, 9, 5, 8, 5, 3, 9, 12, 10, 2]
[2, 3, 0, 6, 6, 3, 6, 7, 8, 9, 13, 13, 8, 13, 16, 13, 3]
[6, 6, 6, 6, 6, 0, 8, 6, 10, 8, 10, 13, 11, 6]
[3, 3, 0, 3, 6, 9, 6, 9, 4, 3, 12, 3, 12, 13, 22, 17, 22, 17, 17, 17, 17, 14, 3]
[23, 1, 2, 2, 2, 7, 2, 9, 7, 7, 12, 10, 23, 15, 23, 15, 15, 17, 20, 18, 15, 23, 0, 23, 23, 23, 26, 31, 31, 31, 27, 23]
[4, 4, 4, 0, 8, 8, 8, 4, 10, 8, 8, 14, 14, 11, 4, 4, 19, 19, 4, 19, 19, 23, 21, 27, 27, 27, 23, 30, 28, 34, 32, 34, 34, 27, 4]
[8, 3, 1, 8, 8, 8, 8, 0, 10, 8, 13, 13, 10, 15, 13, 17, 15, 17, 21, 21, 18, 8]
[2, 15, 2, 3, 6, 4, 15, 9, 15, 15, 13, 13, 15, 15, 0, 15, 16, 17, 18, 15, 20, 21, 24, 22, 15]
[3, 3, 13, 3, 8, 8, 8, 3, 3, 11, 9, 13, 0, 13, 16, 13, 16, 19, 17, 16, 16, 21, 21, 28, 28, 27, 28, 16, 28, 29, 13]
[12, 3, 1, 3, 7, 5, 4, 12, 12, 12, 12, 0, 12, 12, 12, 12, 12]
[4, 1, 1, 0, 4, 5, 4, 9, 4, 9, 9, 14, 14, 11, 16, 14, 19, 19, 16, 19, 22, 20, 4]
[2, 0, 2, 5, 2, 5, 8, 5, 10, 5, 10, 10, 10, 10, 18, 18, 18, 14, 22, 22, 22, 18, 2]
[2, 0, 5, 3, 2, 2, 6, 11, 11, 11, 7, 11, 14, 12, 14, 17, 15, 14, 18, 2]
[0, 4, 4, 1, 4, 5, 6, 7, 7, 4, 4, 14, 14, 11, 19, 19, 19, 19, 14, 11, 11, 11, 22, 22, 27, 27, 24, 1]
[7, 3, 7, 7, 7, 7, 0, 7]
[2, 6, 4, 6, 6, 8, 8, 0, 11, 11, 8, 18, 15, 15, 18, 18, 18, 11, 18, 21, 19, 18, 18, 8]
[2, 0, 4, 2, 6, 4, 4, 4, 10, 8, 12, 15, 12, 13, 10, 15, 18, 16, 18, 22, 22, 19, 2]
[0, 1, 2, 7, 6, 7, 3, 7, 11, 11, 8, 13, 7, 13, 14, 1]
[3, 3, 29, 5, 3, 5, 6, 12, 10, 12, 12, 7, 12, 13, 16, 14, 29, 23, 20, 23, 20, 20, 29, 23, 26, 24, 29, 29, 0, 29]
[0, 1, 5, 5, 2, 5, 8, 6, 1]
[4, 4, 4, 0, 4, 9, 6, 6, 4, 9, 12, 10, 9, 16, 16, 13, 16, 20, 20, 16, 4]
[4, 4, 4, 0, 4, 4, 6, 6, 6, 6, 6, 4]
[5, 1, 2, 3, 0, 5, 5, 5, 15, 9, 10, 13, 11, 15, 5, 17, 15, 5]
[5, 5, 5, 5, 0, 7, 5, 10, 10, 7, 12, 10, 14, 15, 12, 5, 5, 19, 5, 22, 22, 19, 22, 25, 22, 19, 19, 19, 31, 31, 28, 36, 36, 36, 36, 31, 36, 28, 28, 39, 40, 40, 5]
[2, 4, 2, 0, 7, 7, 4, 9, 7, 12, 10, 9, 12, 13, 4, 4, 18, 4, 22, 22, 22, 18, 22, 23, 28, 27, 28, 22, 30, 28, 30, 4]
[2, 6, 4, 6, 4, 0, 8, 6, 10, 8, 10, 13, 11, 8, 8, 17, 15, 17, 20, 18, 20, 20, 8, 8, 8, 33, 33, 27, 27, 27, 27, 27, 25, 35, 33, 35, 36, 6]
[15, 3, 1, 1, 6, 1, 6, 1, 10, 15, 10, 10, 12, 13, 0, 20, 20, 20, 20, 15, 20, 21, 21, 28, 28, 28, 28, 21, 28, 21]
[0, 1, 4, 2, 1]
[4, 3, 4, 0, 4]
[3, 3, 19, 3, 4, 7, 5, 7, 11, 11, 8, 19, 14, 16, 14, 19, 16, 17, 0, 21, 23, 23, 19, 27, 27, 27, 23, 27, 28, 32, 32, 29, 19, 35, 19, 35, 35, 37, 40, 38, 19]
[2, 0, 4, 2, 4, 7, 5, 4, 10, 4, 10, 11, 4, 15, 4, 17, 15, 17, 2]
[4, 4, 4, 0, 8, 8, 8, 4, 4, 4, 20, 20, 20, 20, 20, 17, 20, 17, 17, 4, 23, 23, 20, 25, 23, 27, 25, 4]
[11, 4, 4, 1, 11, 11, 6, 9, 7, 11, 0, 16, 16, 16, 16, 11, 18, 16, 11]
[2, 6, 2, 2, 6, 0, 10, 10, 10, 6, 10, 6, 15, 15, 12, 17, 15, 21, 21, 21, 17, 12, 12, 12, 28, 28, 28, 24, 33, 33, 33, 33, 28, 33, 34, 35, 6]
[2, 13, 13, 7, 6, 7, 13, 7, 10, 8, 13, 13, 0, 13, 17, 17, 14, 17, 17, 13]
[7, 3, 7, 7, 7, 7, 0, 7]
[9, 1, 4, 2, 9, 9, 9, 9, 0, 12, 12, 9, 12, 15, 13, 9]
[2, 0, 4, 5, 2, 2]
[3, 3, 0, 6, 6, 23, 6, 7, 16, 16, 16, 13, 16, 16, 16, 6, 16, 20, 20, 17, 16, 23, 3, 27, 26, 27, 23, 3]
[2, 0, 2, 3, 2, 2, 9, 9, 6, 9, 10, 13, 11, 13, 16, 14, 13, 17, 20, 18, 20, 23, 21, 2]
[4, 4, 4, 0, 8, 8, 8, 4, 8, 12, 12, 9, 4]
[2, 18, 2, 2, 4, 8, 8, 11, 8, 11, 5, 18, 18, 18, 14, 17, 14, 0, 18, 19, 22, 23, 20, 25, 23, 29, 29, 29, 25, 31, 29, 18]
[3, 3, 24, 3, 6, 4, 6, 7, 6, 12, 12, 9, 24, 21, 21, 21, 21, 21, 20, 21, 24, 24, 24, 0, 26, 24, 30, 30, 30, 26, 30, 33, 31, 33, 36, 34, 24]
[0, 1, 1, 1, 1, 1, 1, 11, 11, 11, 7, 1, 20, 20, 18, 18, 18, 20, 20, 1, 20, 20, 24, 22, 1]
[2, 4, 4, 0, 4, 4, 4, 7, 10, 4, 12, 10, 12, 17, 14, 17, 13, 4]
[2, 4, 4, 0, 7, 7, 4, 4, 4, 12, 12, 9, 12, 12, 18, 17, 18, 9, 4]
[4, 4, 4, 0, 4, 8, 8, 5, 5, 11, 9, 4]
[7, 7, 7, 7, 7, 7, 0, 7, 11, 11, 8, 13, 11, 15, 13, 7]
[4, 3, 4, 0, 6, 4, 4, 4, 11, 11, 4, 13, 11, 15, 13, 17, 15, 4]
[2, 3, 0, 3, 4, 3, 6, 9, 3, 9, 13, 13, 10, 3, 16, 3, 22, 19, 22, 22, 22, 16, 22, 25, 27, 27, 23, 31, 31, 31, 22, 31, 34, 32, 3]
[2, 0, 5, 5, 2, 5, 9, 9, 6, 9, 13, 13, 10, 2]
[2, 3, 0, 6, 6, 3, 3, 9, 18, 9, 9, 11, 14, 12, 18, 17, 18, 3, 3]
[2, 5, 5, 5, 0, 5, 9, 9, 5, 9, 12, 9, 16, 16, 16, 12, 5]
[0, 3, 1, 6, 6, 3, 8, 6, 8, 3, 10, 13, 11, 11, 17, 17, 14, 1]
[3, 3, 14, 6, 6, 3, 6, 11, 8, 11, 6, 14, 14, 0, 17, 17, 14, 17, 21, 21, 18, 14, 25, 25, 14, 25, 25, 25, 33, 33, 33, 33, 25, 14]
[4, 4, 4, 0, 4, 9, 9, 9, 12, 12, 12, 4, 12, 16, 16, 13, 4]
[14, 1, 6, 6, 6, 2, 6, 9, 7, 14, 12, 14, 14, 0, 14, 17, 14, 14, 21, 21, 14, 21, 24, 22, 14]
[3, 3, 0, 3, 6, 4, 3]
[6, 6, 6, 6, 6, 0, 12, 12, 10, 12, 12, 6, 14, 12, 6]
[3, 3, 0, 5, 3, 5, 5, 11, 11, 11, 7, 11, 11, 16, 16, 13, 18, 16, 18, 3, 25, 25, 25, 25, 3, 28, 28, 25, 30, 31, 28, 3]
[6, 6, 6, 5, 6, 0, 13, 10, 10, 13, 13, 13, 6, 15, 13, 6]
[2, 15, 2, 2, 2, 2, 8, 6, 8, 13, 13, 13, 9, 2, 0, 19, 18, 19, 15, 19, 24, 23, 24, 19, 26, 24, 24, 36, 36, 31, 36, 31, 32, 36, 36, 24, 36, 41, 38, 38, 37, 36, 44, 42, 15]
[7, 3, 7, 3, 6, 3, 0, 7, 8, 9, 14, 14, 14, 10, 7]
[5, 5, 5, 5, 0, 5, 10, 10, 10, 5, 5, 13, 5, 18, 18, 18, 18, 13, 20, 18, 22, 20, 20, 25, 23]
[5, 5, 5, 5, 0, 11, 6, 11, 11, 11, 5, 11, 5]
[3, 3, 0, 3, 7, 7, 3, 3, 11, 11, 3, 13, 11, 13, 16, 14, 16, 20, 20, 17, 20, 21, 3]
[3, 3, 4, 0, 4, 8, 8, 5, 19, 11, 19, 11, 15, 15, 11, 11, 18, 11, 4, 4]
[2, 5, 2, 2, 0, 8, 8, 5, 5, 9, 5, 16, 16, 16, 16, 5, 16, 25, 20, 25, 25, 25, 25, 25, 17, 29, 29, 29, 25, 5]
[3, 3, 14, 3, 6, 4, 6, 10, 10, 6, 6, 14, 14, 0, 14]
[3, 3, 0, 3, 6, 4, 6, 6, 3]
[2, 10, 4, 5, 2, 10, 10, 9, 10, 0, 24, 13, 24, 24, 24, 15, 16, 19, 20, 17, 20, 20, 24, 10, 24, 27, 25, 10]
[2, 3, 0, 5, 3, 5, 10, 10, 10, 6, 3]
[2, 6, 6, 6, 6, 0, 6]
[3, 3, 5, 5, 0, 5, 8, 5, 10, 8, 10, 11, 12, 15, 13, 5]
[2, 0, 2, 6, 6, 3, 6, 10, 10, 6, 6, 6, 15, 15, 6, 19, 19, 19, 2, 19, 19, 26, 26, 26, 26, 21, 21, 21, 31, 31, 28, 31, 34, 36, 34, 32, 2]
[4, 4, 4, 0, 6, 4, 6, 6, 4]
[2, 9, 2, 8, 8, 8, 8, 2, 0, 13, 10, 11, 9, 13, 9]
[8, 8, 8, 5, 8, 8, 8, 10, 10, 0, 10, 13, 11, 17, 14, 17, 13, 20, 20, 17, 17, 17, 22, 17, 27, 27, 24, 10]
[2, 9, 9, 9, 9, 7, 5, 9, 0, 9, 13, 13, 10, 9]
[3, 3, 0, 5, 3, 7, 5, 7, 11, 11, 8, 17, 17, 17, 17, 17, 5, 19, 17, 19, 19, 21, 3]
[8, 1, 4, 2, 4, 7, 4, 0, 8, 13, 13, 13, 9, 13, 14, 15, 19, 19, 16, 22, 22, 13, 25, 25, 22, 29, 28, 29, 25, 8]
[0, 4, 4, 1, 1, 1, 6, 6, 10, 8, 1]
[6, 3, 1, 6, 6, 0, 8, 9, 6, 6, 6, 13, 22, 22, 22, 15, 16, 19, 17, 22, 22, 6, 22, 22, 22, 25, 26, 6]
[2, 4, 4, 0, 4, 7, 4, 7, 4, 4, 12, 13, 4, 13, 21, 17, 21, 21, 20, 21, 14, 4]
[0, 4, 4, 1, 4, 8, 8, 5, 8, 11, 9, 15, 14, 15, 1, 18, 18, 15, 1]
[0, 1, 1, 1, 6, 1, 1, 1, 1, 1, 1, 1, 1]
[7, 7, 7, 5, 3, 7, 0, 9, 7, 7, 13, 13, 7, 18, 18, 18, 18, 13, 7]
[4, 3, 4, 8, 8, 7, 8, 0, 10, 8, 12, 15, 12, 15, 10, 8]
[2, 4, 4, 0, 6, 4, 4]
[2, 4, 4, 0, 4, 4, 4, 9, 11, 11, 4, 4, 14, 15, 4, 15, 15, 4]
[12, 3, 1, 6, 6, 3, 6, 7, 10, 8, 12, 0, 12, 12, 12, 15, 16, 12]
[3, 3, 0, 6, 6, 3, 6, 10, 10, 6, 6, 13, 6, 13, 16, 14, 18, 6, 18, 22, 22, 25, 25, 25, 19, 25, 29, 29, 26, 3]
[0, 1, 1, 5, 3, 8, 8, 5, 8, 1, 1, 1, 14, 12, 14, 15, 21, 21, 21, 21, 16, 21, 1]
[9, 3, 6, 3, 6, 1, 9, 9, 0, 11, 9, 11, 15, 15, 12, 15, 18, 15, 18, 21, 19, 15, 24, 27, 24, 27, 15, 9]
[2, 11, 2, 6, 6, 3, 6, 9, 7, 11, 0, 13, 11, 13, 16, 14, 16, 19, 17, 11]
[3, 3, 0, 6, 6, 3, 6, 10, 10, 7, 3]
[2, 7, 2, 5, 2, 7, 0, 7, 7, 11, 9, 7, 14, 12, 18, 18, 18, 14, 18, 24, 24, 24, 24, 18, 7]
[2, 17, 7, 7, 7, 7, 2, 7, 2, 13, 13, 13, 15, 13, 9, 15, 0, 17, 17, 23, 20, 23, 19, 17]
[10, 6, 6, 6, 6, 1, 6, 9, 7, 0, 14, 14, 14, 10, 10]
[0, 5, 5, 5, 1, 5, 6, 7, 13, 11, 13, 13, 8, 1]
[5, 5, 5, 5, 0, 5, 11, 11, 11, 11, 5, 13, 11, 13, 21, 21, 19, 19, 16, 19, 14, 5]
[2, 4, 2, 18, 4, 7, 5, 12, 8, 8, 12, 7, 12, 17, 16, 17, 13, 0, 20, 18, 23, 23, 18, 18]
[0, 1, 4, 2, 4, 8, 8, 4, 8, 11, 9, 11, 12, 11, 16, 11, 16, 19, 17, 1]
[3, 3, 8, 8, 8, 8, 6, 0, 8, 8, 8, 14, 14, 8, 14, 18, 18, 15, 22, 22, 22, 18, 24, 22, 27, 27, 24, 8]
[4, 4, 4, 0, 4, 13, 13, 9, 7, 11, 9, 9, 5, 13, 16, 14, 18, 16, 4]
[10, 3, 1, 3, 4, 5, 10, 9, 10, 0, 16, 13, 16, 16, 16, 10, 16, 19, 16, 19, 19, 10]
[3, 3, 5, 5, 0, 5, 6, 9, 7, 9, 12, 10, 5, 5, 17, 17, 28, 17, 17, 19, 20, 23, 21, 23, 23, 17, 28, 5, 28, 28, 5]
[5, 3, 5, 5, 0, 5]
[2, 4, 2, 7, 7, 7, 0, 7, 7, 13, 13, 13, 9, 13, 7, 7, 19, 19, 23, 19, 23, 23, 29, 23, 28, 25, 28, 23, 7, 32, 32, 29, 29, 7]
[3, 3, 0, 5, 3, 8, 8, 5, 8, 12, 12, 9, 3]
[8, 8, 8, 5, 8, 8, 8, 0, 8, 9, 8]
[4, 3, 4, 10, 6, 4, 10, 9, 10, 0, 10]
[8, 1, 2, 5, 3, 8, 8, 0, 12, 12, 12, 8, 12, 15, 12, 8]
[18, 3, 1, 7, 7, 7, 3, 7, 10, 8, 18, 14, 14, 18, 18, 18, 18, 0, 22, 22, 22, 18, 18]
[18, 3, 1, 7, 7, 7, 3, 7, 10, 8, 18, 14, 14, 18, 18, 18, 18, 0, 22, 22, 22, 18, 18]
[3, 3, 0, 8, 8, 8, 8, 3, 10, 8, 12, 10, 12, 15, 13, 15, 16, 20, 20, 17, 3]
[3, 3, 0, 3, 8, 7, 8, 4, 3]
[14, 1, 4, 2, 4, 7, 5, 14, 14, 14, 14, 14, 14, 0, 16, 14, 16, 22, 22, 22, 22, 17, 16, 23, 24, 27, 24, 24, 24, 31, 24, 14]
[5, 5, 5, 5, 18, 8, 8, 5, 5, 9, 10, 11, 14, 12, 18, 18, 18, 0, 18, 18, 20, 23, 21, 23, 23, 27, 21, 27, 18]
[2, 0, 2, 6, 6, 3, 11, 9, 11, 11, 6, 13, 14, 11, 16, 11, 18, 16, 2, 2, 22, 23, 2, 23, 31, 31, 31, 31, 28, 28, 23, 2]
[3, 3, 0, 5, 3, 5, 9, 9, 6, 9, 10, 9, 14, 9, 14, 17, 15, 9, 20, 9, 20, 20, 24, 22, 20, 27, 20, 30, 30, 27, 3]
[23, 1, 23, 5, 23, 5, 11, 11, 11, 11, 5, 13, 18, 18, 16, 18, 18, 11, 18, 21, 19, 5, 0, 25, 23, 23, 26, 27, 33, 33, 33, 33, 28, 23]
[5, 5, 5, 5, 0, 5, 5, 5, 5, 11, 15, 15, 14, 15, 5, 19, 18, 19, 15, 19, 19, 19, 29, 29, 29, 29, 29, 29, 19, 32, 32, 29, 35, 35, 32, 5]
[2, 0, 5, 5, 2, 7, 5, 9, 7, 9, 9, 9, 9, 13, 13, 2]
[2, 3, 0, 3, 4, 5, 8, 20, 8, 12, 12, 9, 12, 15, 13, 20, 20, 20, 20, 5, 3]
[2, 13, 2, 2, 7, 7, 2, 7, 11, 11, 8, 2, 0, 16, 16, 13, 13]
[2, 0, 4, 2, 6, 4, 6, 9, 6, 2]
[4, 4, 4, 0, 6, 4, 4, 4]
[17, 5, 5, 5, 1, 5, 6, 17, 17, 9, 9, 11, 14, 12, 17, 17, 0, 17]
[3, 3, 0, 3, 6, 4, 6, 7, 4, 4, 12, 10, 12, 13, 16, 12, 16, 16, 21, 21, 18, 3]
[0, 1, 5, 5, 2, 5, 8, 6, 1]
[4, 4, 4, 0, 4, 5, 4]
[4, 4, 4, 5, 0, 7, 5, 5, 5, 12, 12, 5, 15, 15, 12, 5]
[2, 4, 4, 0, 4, 8, 8, 4, 8, 11, 9, 4]
[4, 4, 4, 0, 4, 5, 9, 9, 6, 12, 12, 4, 12, 15, 13, 4]
[3, 3, 4, 0, 6, 8, 8, 4, 8, 8, 12, 10, 19, 13, 16, 19, 19, 19, 12, 4]
[0, 1, 1, 3, 7, 7, 4, 7, 10, 8, 1, 1, 14, 12, 1]
[8, 1, 1, 1, 1, 8, 8, 0, 10, 8, 10, 13, 11, 18, 17, 17, 18, 8, 18, 8, 24, 24, 24, 8, 24, 27, 25, 27, 30, 28]
[2, 0, 2, 6, 6, 3, 11, 11, 11, 11, 2, 2]
[8, 3, 8, 8, 6, 8, 8, 0, 8]
[0, 1, 1, 1, 6, 1, 8, 6, 6, 11, 1, 1]
[2, 0, 2, 5, 2, 7, 5, 7, 8, 9, 9, 2, 2, 2, 16, 14, 14, 19, 17, 19, 24, 23, 24, 20, 2]
[2, 0, 4, 2, 8, 8, 8, 2, 8, 9, 13, 13, 9, 13, 19, 19, 19, 19, 14, 9, 9, 21, 24, 22, 21, 21, 26, 27, 30, 28, 2]
[2, 8, 2, 8, 4, 7, 4, 0, 8, 14, 14, 14, 14, 9, 8]
[0, 3, 1, 16, 9, 7, 9, 9, 16, 11, 9, 16, 16, 16, 16, 1, 16, 1]
[2, 0, 2, 2, 4, 2, 10, 10, 10, 2, 2]
[3, 3, 0, 3]
[4, 4, 4, 0, 4, 7, 8, 5, 8, 12, 12, 9, 4, 17, 17, 17, 4, 4]
[2, 5, 4, 5, 7, 7, 0, 7, 7]
[0, 8, 5, 5, 8, 8, 8, 1, 8, 9, 8, 8, 15, 15, 12, 1]
[4, 3, 4, 0, 4]
[4, 4, 4, 12, 4, 8, 8, 5, 8, 12, 12, 0, 12, 15, 13, 12, 12, 17, 17, 21, 19, 12]
[11, 1, 2, 6, 4, 3, 11, 11, 11, 11, 0, 11, 14, 11, 11]
[22, 5, 5, 5, 22, 5, 6, 6, 10, 8, 8, 15, 15, 15, 8, 15, 18, 16, 6, 22, 22, 31, 22, 22, 31, 31, 31, 31, 31, 31, 0, 31, 34, 32, 31]
[2, 0, 4, 2, 4, 7, 5, 2, 10, 8, 10, 13, 11, 15, 2, 22, 18, 20, 18, 22, 22, 15, 22, 27, 27, 27, 22, 22, 28, 31, 29, 33, 31, 2]
[2, 5, 2, 2, 8, 8, 8, 0, 8, 13, 12, 13, 9, 8, 8, 17, 8, 22, 22, 22, 22, 17, 22, 23, 24, 24, 28, 22, 31, 31, 28, 31, 32, 33, 36, 34, 39, 39, 36, 39, 33, 33, 45, 45, 33, 45, 48, 45, 8]
[2, 10, 2, 5, 3, 2, 8, 2, 10, 0, 13, 13, 10, 13, 17, 17, 14, 17, 20, 18, 10]
[3, 3, 0, 3, 6, 4, 8, 6, 8, 8, 10, 11, 3]
[3, 3, 0, 3, 3, 7, 5, 7, 10, 7, 7, 13, 7, 13, 16, 14, 3]
[3, 1, 6, 6, 6, 0, 6, 6]
[4, 4, 4, 0, 7, 7, 4, 9, 12, 12, 12, 7, 12, 15, 13, 15, 18, 16, 4]
[9, 1, 5, 5, 2, 9, 8, 9, 0, 9, 12, 10, 14, 12, 14, 15, 14, 20, 20, 14, 24, 24, 24, 20, 24, 27, 25, 20, 31, 31, 20, 31, 34, 31, 34, 9]
[2, 5, 5, 5, 0, 5]
[0, 1, 1]
[2, 10, 2, 3, 4, 4, 2, 9, 7, 0, 10, 11, 12, 16, 16, 10, 18, 16, 18, 18, 20, 23, 21, 10]
[2, 4, 4, 0, 4, 4, 4, 4, 8, 11, 9, 4]
[15, 15, 2, 2, 2, 7, 2, 11, 11, 11, 2, 13, 11, 11, 0, 15, 18, 16, 18, 19, 18, 18, 18, 18, 18, 25, 25, 31, 28, 28, 27, 15]
[2, 3, 0, 3, 6, 4, 3, 3, 3, 9, 9, 9, 9, 15, 9, 15, 18, 16, 18, 22, 22, 18, 27, 27, 27, 27, 22, 27, 27, 31, 29, 31, 35, 35, 32, 3]
[0, 1, 4, 2, 4, 7, 5, 1, 15, 15, 15, 15, 15, 15, 1, 17, 15, 15, 20, 18, 1]
[6, 6, 6, 6, 6, 0, 6, 6, 11, 11, 6, 11, 15, 15, 11, 6]
[10, 10, 10, 5, 10, 10, 8, 10, 10, 0, 10]
[3, 3, 9, 3, 7, 7, 3, 9, 0, 9, 16, 16, 12, 15, 12, 9, 9]
[3, 3, 0, 5, 3, 7, 5, 7, 3]
[2, 0, 4, 2, 4, 9, 9, 7, 5, 9, 10, 9, 15, 15, 9, 15, 16, 2]
[2, 3, 0, 3, 3, 10, 8, 10, 10, 5, 10, 16, 16, 16, 16, 11, 10, 10, 20, 18, 20, 24, 24, 20, 20, 29, 26, 29, 20, 29, 30, 3]
[2, 3, 0, 7, 7, 7, 3, 7, 8, 11, 9, 14, 14, 7]
[2, 0, 5, 5, 2, 2]
[5, 5, 5, 5, 0, 5, 10, 10, 10, 6, 5, 13, 5, 13, 16, 13, 5]
[2, 4, 4, 0, 6, 4, 13, 13, 13, 13, 13, 13, 6, 15, 13, 17, 15, 20, 20, 17, 20, 4, 24, 4, 24, 24, 30, 30, 30, 24, 30, 30, 34, 32, 34, 4]
[2, 4, 4, 0, 4, 7, 9, 9, 4, 4]
[5, 5, 5, 5, 0, 5, 6, 5]
[14, 1, 2, 3, 4, 5, 6, 14, 14, 14, 14, 13, 14, 0, 14]
[3, 3, 0, 3, 7, 7, 4, 3]
[2, 0, 5, 5, 2, 9, 9, 9, 5, 9, 14, 14, 14, 10, 2, 2, 18, 21, 21, 21, 2, 23, 21, 23, 21]
[4, 4, 4, 0, 4, 8, 8, 4, 8, 11, 9, 4]
[5, 5, 5, 5, 0, 7, 5, 7, 13, 13, 13, 13, 8, 15, 13, 19, 19, 19, 15, 19, 22, 20, 5]
[3, 1, 10, 3, 3, 10, 8, 10, 10, 0, 10, 13, 11, 13, 16, 14, 16, 16, 10, 10, 20, 20, 25, 25, 22, 27, 20, 27, 28, 29, 32, 30, 10]
[2, 11, 2, 5, 3, 5, 5, 7, 8, 5, 0, 13, 11, 13, 13, 17, 13, 19, 17, 11]
[11, 4, 4, 1, 4, 7, 4, 11, 10, 11, 0, 13, 11, 13, 14, 17, 15, 17, 20, 18, 11, 24, 24, 21, 24, 27, 24, 24, 24, 29, 30, 11]
[2, 6, 2, 3, 6, 0, 10, 9, 10, 6, 10, 11, 10, 15, 13, 18, 18, 15, 15, 15, 22, 20, 24, 22, 24, 27, 25, 31, 31, 31, 27, 25, 45, 45, 45, 37, 35, 37, 37, 45, 45, 45, 42, 45, 25, 6]
[7, 7, 7, 5, 3, 7, 0, 7, 7, 11, 9, 11, 16, 16, 16, 11, 19, 19, 16, 22, 22, 19, 7]
[4, 3, 4, 0, 4, 5, 8, 4, 8, 11, 9, 8, 15, 15, 19, 15, 15, 15, 8, 19, 19, 23, 21, 4]
[2, 0, 2, 2, 2, 5, 2, 9, 7, 9, 13, 13, 10, 15, 22, 15, 16, 19, 22, 22, 22, 13, 2]
[3, 3, 4, 0, 4, 9, 8, 9, 4, 4, 4, 13, 15, 15, 4, 15, 15, 15, 15, 19, 22, 20, 22, 25, 22, 4]
[2, 4, 4, 0, 10, 8, 8, 10, 10, 4, 12, 10, 4, 4, 19, 18, 18, 19, 4, 21, 19, 19, 19, 25, 23, 4]
[4, 3, 4, 0, 4, 7, 5, 7, 8, 11, 7, 11, 15, 15, 11, 15, 16, 15, 15, 4]
[6, 6, 6, 5, 6, 0, 8, 10, 10, 6, 10, 11, 12, 15, 13, 6]
[8, 4, 4, 8, 4, 5, 4, 0, 11, 11, 8, 11, 8]
[16, 3, 1, 3, 7, 7, 4, 16, 10, 16, 12, 10, 12, 13, 12, 0, 19, 19, 16, 16]
[8, 8, 8, 5, 8, 8, 8, 0, 8]
[2, 0, 2, 2, 6, 4, 6, 9, 7, 2, 2, 14, 14, 2, 16, 14, 14, 17, 18, 18, 2]
[11, 3, 11, 5, 3, 3, 11, 10, 10, 11, 0, 11, 14, 12, 14, 20, 20, 20, 20, 14, 20, 21, 11]
[2, 0, 2, 2, 2, 9, 6, 9, 5, 2]
[6, 6, 6, 6, 6, 0, 9, 9, 6, 9, 6]
[2, 0, 4, 2, 6, 4, 6, 6, 11, 11, 8, 2, 14, 2, 17, 17, 14, 21, 21, 21, 17, 2]
[2, 5, 2, 5, 0, 5, 8, 6, 5]
[2, 15, 2, 2, 2, 2, 8, 2, 8, 12, 12, 9, 15, 15, 0, 17, 18, 15, 18, 19, 15]
[2, 0, 2, 3, 4, 4, 4, 4, 4, 17, 15, 15, 14, 15, 17, 17, 2, 19, 17, 21, 19, 19, 2]
[5, 5, 5, 5, 0, 5, 8, 6, 11, 11, 8, 11, 5]
[6, 1, 6, 6, 6, 7, 0, 7, 8, 8, 7, 17, 17, 13, 13, 17, 7, 21, 21, 21, 17, 23, 21, 21, 26, 24, 7]
[2, 0, 2, 6, 6, 2, 6, 9, 6, 14, 14, 14, 14, 6, 14, 17, 15, 2]
[2, 0, 8, 8, 4, 7, 4, 2, 2, 11, 9, 2]
[3, 3, 0, 3, 3, 7, 5, 3]
[5, 5, 5, 5, 0, 7, 5, 5]
[13, 3, 13, 3, 4, 13, 13, 13, 11, 11, 13, 11, 0, 13]
[2, 6, 6, 6, 6, 0, 10, 10, 10, 6, 13, 13, 10, 10, 16, 10, 16, 16, 20, 18, 6]
[4, 3, 4, 0, 4, 4, 9, 9, 4, 9, 12, 10, 9, 16, 16, 13, 16, 22, 22, 22, 22, 17, 4]
[2, 0, 2, 6, 6, 2, 2, 9, 7, 2, 2, 13, 2, 16, 16, 13, 16, 19, 17, 19, 19, 19, 19, 19, 27, 27, 19, 27, 31, 31, 28, 2]
[2, 0, 15, 5, 15, 5, 9, 9, 6, 9, 12, 10, 15, 15, 2, 15, 21, 21, 21, 21, 15, 21, 25, 25, 22, 2]
[4, 3, 4, 0, 4, 7, 5, 10, 10, 7, 10, 15, 14, 15, 11, 4]
[4, 1, 1, 0, 8, 8, 8, 4, 4, 11, 9, 11, 12, 11, 14, 18, 18, 15, 18, 21, 19, 4]
[5, 5, 5, 5, 10, 10, 10, 10, 10, 0, 10]
[5, 5, 5, 5, 7, 7, 0, 7]
[2, 0, 5, 5, 2, 5, 8, 6, 8, 11, 8, 2, 15, 15, 12, 15, 15, 22, 22, 22, 22, 17, 27, 27, 27, 27, 22, 2]
[5, 5, 2, 2, 0, 7, 11, 7, 11, 11, 5, 11, 11, 11, 14, 11, 19, 19, 11, 5]
[3, 3, 5, 3, 0, 9, 9, 9, 5, 9, 9, 11, 9, 20, 16, 20, 20, 20, 20, 9, 22, 20, 5]
[17, 17, 7, 7, 7, 7, 2, 11, 11, 11, 17, 11, 11, 16, 16, 17, 0, 22, 22, 22, 22, 17, 24, 22, 24, 29, 29, 29, 25, 29, 32, 30, 17]
[0, 7, 5, 5, 7, 7, 1, 10, 10, 1, 13, 13, 10, 15, 13, 15, 16, 15, 20, 18, 1]
[4, 4, 4, 0, 4, 5, 11, 11, 11, 11, 4, 4]
[6, 6, 6, 6, 6, 17, 6, 6, 8, 9, 10, 13, 11, 6, 16, 17, 0, 17, 17, 23, 20, 23, 19, 17, 17, 29, 29, 29, 17, 29, 32, 30, 30, 30, 30, 38, 38, 35, 30, 47, 42, 47, 47, 47, 47, 47, 29, 17]
[2, 15, 2, 3, 8, 8, 8, 4, 8, 12, 12, 9, 15, 15, 0, 15, 18, 16, 15, 15, 22, 24, 22, 28, 28, 28, 28, 15, 28, 31, 29, 15]
[5, 5, 2, 2, 0, 5]
[2, 4, 4, 0, 4, 4, 6, 9, 7, 11, 4, 11, 12, 4, 4, 15, 18, 15, 18, 4, 4, 4, 24, 22, 28, 28, 28, 24, 31, 31, 28, 22, 37, 37, 37, 37, 22, 37, 42, 42, 42, 37, 42, 45, 43, 37, 48, 46, 4]
[0, 3, 1, 3, 4, 5, 5, 5, 8, 1]
[7, 7, 7, 5, 7, 7, 0, 10, 10, 7, 15, 15, 15, 15, 10, 15, 19, 19, 15, 19, 23, 23, 19, 7]
[4, 1, 4, 5, 0, 7, 9, 9, 5, 9, 10, 10, 5]
[10, 1, 6, 6, 6, 2, 10, 10, 10, 0, 12, 10, 14, 12, 14, 19, 19, 19, 15, 14, 14, 14, 24, 14, 28, 25, 28, 24, 10]
[3, 3, 0, 3, 6, 4, 3]
[7, 1, 2, 7, 7, 7, 0, 7, 7, 14, 14, 14, 14, 17, 17, 17, 7, 17, 22, 19, 22, 18, 7]
[6, 6, 6, 6, 6, 0, 6]
[2, 0, 4, 2, 4, 4, 4, 10, 10, 4, 12, 15, 15, 15, 10, 15, 16, 2]
[5, 5, 5, 5, 0, 5]
[20, 5, 5, 5, 1, 7, 5, 9, 7, 9, 12, 10, 12, 15, 12, 20, 20, 20, 20, 0, 22, 20, 24, 22, 24, 30, 30, 30, 30, 25, 30, 31, 20]
[3, 1, 5, 5, 0, 5, 8, 5, 5]
[6, 6, 6, 6, 6, 0, 6, 10, 10, 7, 13, 13, 6, 16, 16, 13, 16, 16, 16, 19, 20, 24, 24, 21, 24, 27, 25, 27, 32, 32, 32, 28, 6, 6]
[3, 1, 6, 6, 6, 0, 6, 9, 7, 6]
[2, 0, 2, 6, 6, 2, 6, 9, 7, 9, 12, 10, 2]
[2, 4, 4, 0, 4, 7, 4, 4]
[2, 0, 2, 2, 6, 4, 2, 2, 8, 8, 8, 13, 11, 2]
[3, 1, 5, 5, 0, 27, 27, 9, 7, 12, 12, 9, 12, 13, 14, 18, 18, 15, 18, 21, 24, 21, 24, 19, 27, 27, 5, 27, 30, 28, 30, 33, 31, 37, 37, 37, 33, 37, 37, 41, 39, 41, 44, 42, 5]
[3, 3, 0, 5, 3, 7, 8, 5, 8, 8, 8, 11, 14, 17, 14, 17, 12, 17, 20, 18, 20, 25, 25, 25, 20, 3]
[0, 1, 4, 1, 4, 5, 1]
[2, 0, 7, 7, 7, 7, 2, 7, 10, 8, 10, 13, 10, 16, 16, 7, 7]
[3, 3, 11, 3, 6, 3, 6, 9, 7, 3, 0, 13, 11, 13, 13, 17, 13, 19, 17, 17, 17, 25, 22, 25, 17, 25, 25, 31, 31, 31, 27, 11]
[3, 3, 0, 3, 7, 7, 4, 3, 3, 14, 12, 14, 14, 3, 3]
[3, 3, 29, 6, 6, 3, 6, 6, 10, 8, 29, 15, 15, 15, 29, 15, 18, 16, 18, 21, 19, 18, 24, 18, 24, 25, 24, 27, 0, 29, 29]
[4, 4, 4, 7, 7, 7, 0, 7, 12, 12, 12, 7, 12, 7]
[0, 1, 2, 3, 9, 8, 8, 9, 4, 9, 12, 10, 9, 15, 13, 13, 13, 13, 13, 19, 1]
[4, 4, 4, 7, 7, 7, 0, 7, 11, 11, 8, 13, 11, 7]
[3, 3, 11, 3, 3, 3, 8, 6, 11, 11, 0, 11, 11, 11, 11, 17, 11, 11]
[0, 1, 1, 6, 6, 3, 6, 7, 6, 11, 6, 11, 15, 13, 12, 15, 16, 17, 17, 1]
[2, 6, 6, 5, 6, 0, 6, 6, 8, 14, 14, 14, 14, 9, 6]
[0, 1, 2, 1, 1, 1, 6, 7, 8, 8, 1]
[3, 3, 0, 3, 3, 3, 8, 3, 3]
[3, 3, 0, 3, 7, 7, 4, 3, 3, 21, 10, 14, 14, 11, 14, 18, 18, 14, 21, 21, 3, 23, 21, 3]
[5, 5, 5, 5, 0, 5, 8, 5, 8, 9, 8, 11, 5, 5, 18, 18, 18, 5, 22, 22, 22, 18, 18, 23, 24, 24, 24, 30, 30, 27, 5]
[2, 0, 4, 5, 2, 2, 9, 9, 6, 9, 9, 2, 2, 15, 16, 2, 16, 19, 16, 16, 22, 20, 2]
[0, 1, 1, 1, 1, 7, 1, 1]
[6, 4, 4, 6, 4, 0, 6, 11, 11, 11, 7, 11, 15, 15, 11, 6]
[0, 1, 1, 1, 1, 9, 6, 9, 5, 9, 12, 10, 10, 16, 16, 13, 16, 1]
[6, 6, 6, 6, 6, 0, 6]
[5, 5, 5, 5, 0, 8, 8, 5, 5, 14, 14, 14, 14, 5, 5]
[3, 3, 5, 5, 0, 5, 10, 10, 10, 5, 12, 10, 5]
[0, 7, 7, 7, 7, 7, 1, 7, 7, 7, 12, 10, 1]
[3, 3, 0, 6, 6, 3, 6, 9, 7, 3]
[4, 4, 4, 0, 9, 7, 9, 9, 4, 9, 9, 13, 11, 4]
[2, 3, 0, 3, 4, 8, 8, 3, 3]
[2, 6, 2, 6, 6, 16, 16, 16, 16, 9, 9, 11, 11, 11, 11, 0, 16, 19, 17, 19, 22, 19, 16]
[2, 8, 2, 2, 8, 8, 8, 0, 8, 11, 8, 14, 14, 11, 16, 14, 16, 19, 17, 11, 11, 11, 26, 26, 26, 22, 8]
[2, 0, 4, 2, 4, 4, 8, 6, 8, 11, 9, 4, 4, 13, 18, 17, 18, 14, 2]
[0, 1, 1, 1, 1, 1, 1, 9, 7, 12, 12, 1, 14, 12, 12, 1, 1, 1, 22, 21, 22, 1, 22, 25, 23, 1]
[2, 4, 4, 0, 4, 4, 4, 11, 11, 11, 7, 4]
[0, 1, 1, 5, 1, 5, 1, 7, 8, 12, 12, 8, 12, 13, 12, 12, 1]
[0, 1, 4, 2, 4, 7, 5, 1, 10, 1, 13, 13, 10, 13, 17, 17, 14, 17, 20, 18, 18, 21, 24, 22, 26, 24, 28, 26, 28, 29, 32, 28, 1]
[3, 3, 5, 5, 0, 5, 8, 6, 5, 13, 12, 13, 9, 13, 16, 14, 5]
[2, 0, 16, 16, 16, 7, 10, 10, 10, 5, 10, 13, 11, 16, 16, 2, 16, 2]
[9, 1, 6, 6, 6, 2, 9, 9, 0, 9, 9, 13, 14, 11, 9, 17, 9, 17, 20, 18, 20, 23, 20, 9]
[2, 0, 5, 5, 2, 5, 8, 6, 10, 8, 2]
[3, 3, 0, 5, 3, 5, 8, 6, 3]
[2, 0, 2, 6, 6, 2, 2, 2, 2, 2, 12, 2, 2, 2, 2, 15, 18, 16, 2]
[3, 3, 0, 6, 6, 3, 6, 7, 8, 3, 3, 16, 16, 16, 16, 3, 3]
[0, 1, 4, 1, 1]
[8, 8, 2, 2, 2, 7, 2, 0, 8, 9, 10, 13, 10, 10, 17, 17, 10]
[3, 3, 7, 7, 7, 7, 0, 7, 8, 9, 10, 17, 17, 15, 17, 17, 11, 17, 7]
[3, 3, 0, 5, 3, 8, 8, 5, 10, 8, 10, 11, 10, 15, 17, 17, 13, 3]
[7, 1, 1, 5, 3, 1, 0, 12, 12, 12, 12, 7, 7, 15, 13, 7, 21, 21, 21, 21, 7, 21, 24, 21, 21, 21, 30, 30, 30, 26, 7]
[12, 3, 5, 5, 1, 5, 6, 12, 12, 12, 12, 0, 12, 13, 16, 12, 18, 16, 20, 18, 12]
[27, 1, 1, 1, 6, 1, 27, 10, 8, 27, 10, 16, 14, 16, 16, 11, 16, 19, 16, 19, 24, 24, 22, 20, 27, 27, 0, 27, 31, 31, 28, 27]
[6, 6, 6, 6, 6, 23, 6, 7, 10, 8, 10, 13, 11, 8, 18, 17, 18, 14, 23, 23, 23, 23, 0, 29, 29, 29, 29, 29, 23, 32, 32, 29, 34, 32, 32, 37, 35, 23]
[6, 4, 4, 6, 6, 0, 6, 7, 6, 9, 6]
[5, 5, 5, 5, 0, 5, 6, 5]
[3, 3, 0, 5, 3, 3, 8, 3, 12, 12, 12, 8, 17, 15, 17, 17, 12, 19, 20, 17, 3]
[2, 0, 2, 6, 6, 3, 2]
[11, 3, 11, 11, 11, 11, 11, 11, 11, 11, 0, 11]
[3, 3, 6, 6, 6, 0, 8, 6, 10, 8, 8, 13, 11, 6, 19, 19, 19, 19, 20, 6, 22, 20, 24, 22, 22, 25, 28, 26, 6]
[4, 4, 4, 0, 9, 8, 8, 9, 4, 9, 14, 13, 14, 10, 14, 15, 16, 16, 16, 16, 16, 16, 16, 25, 16, 4]
[2, 0, 2, 3, 6, 2, 6, 9, 6, 2, 2, 13, 11, 13, 13, 13, 18, 13, 20, 13, 22, 20, 20, 2]
[9, 4, 4, 1, 9, 7, 9, 9, 0, 11, 9, 13, 9, 15, 13, 13, 18, 16, 9]
[7, 3, 1, 7, 7, 7, 0, 7, 7, 11, 9, 7, 7]
[3, 3, 6, 6, 6, 0, 6, 6, 10, 11, 6, 11, 15, 15, 11, 6]
[3, 3, 0, 3, 6, 4, 3]
[2, 3, 0, 5, 3, 3, 10, 10, 10, 6, 10, 11, 14, 10, 20, 20, 20, 17, 18, 14, 20, 24, 24, 21, 14, 25]
[2, 0, 2, 6, 6, 2, 6, 10, 10, 6]
[7, 7, 4, 7, 7, 7, 10, 10, 10, 0, 12, 10, 10, 17, 17, 17, 13, 20, 20, 10, 22, 26, 26, 26, 26, 20, 32, 29, 32, 32, 32, 26, 32, 10]
[7, 7, 7, 7, 7, 7, 11, 11, 11, 11, 0, 11, 12, 13, 11, 15, 15, 15, 15, 11, 22, 20, 22, 28, 28, 28, 28, 23, 11]
[5, 5, 2, 3, 10, 5, 9, 9, 6, 0, 10, 13, 11, 13, 17, 15, 14, 17, 18, 13, 23, 23, 20, 23, 26, 24, 10]
[2, 5, 5, 5, 0, 5, 9, 9, 5, 9, 10, 11, 16, 16, 16, 11, 16, 23, 23, 23, 23, 21, 17, 5]
[5, 5, 5, 5, 0, 5, 9, 9, 6, 5]
[3, 3, 5, 5, 0, 5]
[2, 0, 4, 2, 6, 4, 9, 9, 6, 2]
[3, 3, 0, 3, 6, 4, 6, 12, 12, 12, 12, 7, 3]
[2, 0, 4, 2, 6, 4, 6, 9, 6, 6, 13, 13, 10, 13, 14, 13, 19, 19, 16, 2]
[3, 3, 0, 5, 3, 5, 8, 6, 5, 5, 12, 5, 12, 17, 16, 17, 13, 3, 3, 25, 22, 25, 25, 25, 3, 3]
[2, 6, 6, 6, 6, 0, 9, 9, 6, 9, 10, 9, 14, 12, 14, 15, 16, 19, 17, 6]
[2, 0, 4, 2, 4, 9, 9, 9, 5, 2, 2, 11, 14, 12, 12, 12, 16, 20, 20, 16, 2]
[3, 3, 0, 3, 8, 8, 8, 4, 8, 9, 13, 13, 10, 3]
[2, 0, 5, 5, 2, 2, 9, 9, 6, 12, 12, 9, 14, 22, 17, 17, 14, 19, 17, 17, 22, 12, 22, 22, 22, 25, 2]
[7, 7, 4, 7, 7, 7, 0, 7, 7]
[2, 6, 2, 5, 3, 0, 6, 6, 6, 9, 13, 13, 9, 15, 13, 15, 15, 6]
[3, 3, 4, 0, 4, 4, 11, 11, 11, 11, 6, 11, 16, 16, 16, 11, 4]
[2, 4, 2, 6, 6, 0, 6, 6, 10, 6, 10, 10, 10, 17, 16, 17, 10, 19, 17, 22, 22, 19, 19, 23, 26, 27, 24, 6]
[6, 3, 6, 6, 6, 16, 16, 16, 16, 16, 16, 15, 15, 15, 16, 0, 16]
[3, 3, 0, 7, 7, 7, 3, 7, 11, 11, 8, 11, 14, 12, 14, 18, 18, 15, 3]
[2, 0, 5, 5, 2, 5, 8, 6, 8, 11, 13, 11, 9, 6, 17, 17, 14, 17, 20, 22, 20, 18, 2, 2]
[9, 9, 2, 2, 2, 7, 2, 9, 0, 9, 12, 10, 9, 9, 17, 17, 14, 17, 20, 17, 22, 17, 22, 22, 24, 28, 28, 25, 9, 9]
[2, 0, 2, 7, 7, 7, 2, 10, 10, 7, 12, 10, 12, 12, 12, 2]
[3, 3, 4, 0, 4, 4, 4, 9, 10, 4, 10, 13, 10, 4]
[3, 3, 5, 5, 0, 5, 8, 6, 10, 8, 12, 10, 12, 12, 5]
[2, 0, 2, 3, 2, 7, 9, 7, 2, 2]
[2, 4, 2, 13, 6, 4, 6, 7, 6, 13, 13, 13, 0, 13, 17, 17, 14, 17, 22, 21, 22, 18, 17, 23, 26, 24, 13]
[8, 1, 8, 8, 8, 8, 8, 0, 8, 12, 12, 8, 12, 15, 13, 12, 12, 12, 20, 18, 24, 24, 24, 20, 24, 27, 25, 8]
[5, 5, 2, 2, 0, 5, 6, 5, 11, 11, 5, 11, 12, 13, 16, 13, 5]
[3, 1, 0, 3, 3, 3, 11, 11, 11, 11, 6, 11, 14, 11, 14, 17, 19, 17, 15, 19, 3]
[2, 4, 4, 0, 4, 9, 8, 9, 5, 9, 12, 10, 9, 9, 14, 17, 15, 17, 26, 26, 20, 24, 24, 20, 26, 18, 30, 30, 30, 26, 30, 34, 34, 31, 34, 37, 34, 34, 40, 38, 4]
[3, 3, 0, 3, 7, 7, 4, 7, 8, 3, 14, 14, 14, 3, 18, 18, 18, 14, 18, 19, 20, 23, 21, 3]
[4, 4, 4, 0, 4, 7, 5, 4]
[5, 5, 2, 2, 0, 5]
[2, 9, 2, 8, 8, 8, 8, 2, 0, 9, 10, 13, 11, 9]
[3, 1, 4, 0, 4, 8, 8, 5, 4, 14, 14, 14, 14, 9, 4, 17, 4, 17, 21, 21, 18, 24, 24, 21, 30, 28, 28, 30, 30, 24, 4]
[5, 5, 5, 5, 0, 5, 9, 9, 6, 9, 9, 11, 11, 15, 13, 11, 18, 16, 5]
[3, 3, 6, 6, 6, 0, 8, 6, 11, 11, 8, 6, 6, 16, 16, 19, 19, 19, 6, 21, 19, 6]
[4, 3, 4, 0, 4, 7, 5, 4, 8, 12, 12, 9, 12, 17, 16, 17, 12]
[5, 5, 5, 5, 0, 10, 10, 9, 7, 5, 12, 10, 12, 13, 10, 17, 15, 17, 20, 18, 20, 20, 20, 23, 24, 27, 25, 29, 27, 5]
[8, 8, 8, 3, 6, 4, 8, 21, 8, 9, 17, 13, 17, 17, 16, 17, 8, 17, 21, 21, 0, 21, 22, 22, 26, 24, 21]
[5, 5, 5, 5, 0, 5, 10, 9, 10, 6, 10, 11, 10, 16, 16, 13, 16, 20, 20, 17, 5]
[4, 4, 4, 0, 4, 7, 5, 9, 4, 11, 9, 4, 16, 16, 16, 4, 21, 21, 21, 21, 16, 21, 24, 22, 4]
[4, 3, 4, 14, 4, 5, 8, 6, 14, 11, 14, 14, 14, 0, 14, 14, 19, 19, 22, 22, 22, 14, 22, 30, 28, 25, 28, 30, 30, 22, 32, 33, 30, 33, 33, 14]
[4, 4, 4, 0, 4, 4, 6, 4]
[8, 8, 2, 2, 2, 7, 2, 0, 8, 14, 14, 13, 14, 9, 14, 17, 18, 15, 14, 25, 25, 25, 25, 25, 14, 28, 28, 25, 28, 31, 29, 8]
[2, 0, 5, 5, 2, 5, 6, 9, 7, 2]
[3, 3, 0, 3, 7, 7, 3, 3, 12, 12, 12, 3, 3]
[6, 6, 6, 5, 6, 0, 6, 9, 7, 6, 10, 10, 10, 6, 6, 15, 22, 19, 22, 22, 22, 16, 22, 23, 26, 24, 6]
[3, 3, 0, 7, 7, 7, 3, 7, 7, 11, 9, 7, 14, 12, 19, 15, 19, 19, 14, 3]
[2, 0, 2, 5, 3, 2, 9, 9, 6, 2, 12, 2, 12, 15, 13, 15, 15, 15, 18, 2]
[2, 0, 4, 2, 4, 7, 5, 12, 8, 11, 9, 7, 12, 13, 13, 13, 16, 19, 17, 2]
[9, 3, 9, 9, 9, 9, 9, 9, 0, 11, 9, 11, 11, 16, 16, 9, 22, 22, 22, 22, 22, 16, 22, 16, 16, 27, 25, 29, 16, 9]
[2, 3, 0, 6, 6, 3, 6, 9, 6, 6, 12, 6, 6, 15, 13, 15, 19, 19, 15, 3]
[3, 3, 4, 0, 6, 9, 6, 9, 4, 4, 12, 10, 4, 4, 14, 14, 16, 14, 25, 25, 20, 25, 24, 25, 14, 25, 28, 26]
[2, 0, 2, 2, 6, 4, 2, 9, 2, 11, 9, 11, 14, 12, 14, 18, 18, 14, 9, 21, 19, 2]
[0, 1, 11, 5, 11, 5, 8, 5, 5, 5, 2, 11, 14, 16, 16, 11, 16, 16, 23, 23, 23, 23, 16, 1]
[5, 5, 5, 5, 0, 5, 6, 9, 11, 11, 7, 11, 5]
[5, 3, 5, 5, 13, 5, 5, 10, 10, 7, 13, 13, 0, 18, 18, 18, 18, 13, 18, 21, 19, 21, 24, 22, 13]
[5, 5, 5, 5, 0, 5, 5, 5]
[2, 0, 4, 2, 4, 7, 5, 2, 8, 9, 12, 10, 12, 12, 2]
[14, 1, 4, 1, 4, 8, 8, 5, 1, 14, 14, 14, 14, 0, 14, 14, 19, 19, 21, 21, 14, 23, 24, 26, 26, 21, 26, 30, 30, 27, 30, 33, 31, 14]
[2, 0, 4, 2, 2, 2, 8, 10, 10, 2, 10, 2]
[5, 5, 5, 5, 0, 7, 11, 11, 11, 11, 5, 5]
[2, 0, 4, 2, 6, 4, 2, 10, 10, 7, 14, 14, 14, 10, 14, 14, 18, 14, 20, 18, 18, 2, 2, 27, 27, 27, 2, 31, 31, 31, 27, 33, 31, 35, 31, 2]
[2, 4, 4, 0, 4, 4, 4, 12, 12, 12, 12, 14, 14, 4, 4, 4, 19, 19, 21, 21, 4, 4]
[3, 3, 11, 11, 7, 7, 11, 7, 11, 11, 0, 11, 11, 11, 14, 15, 16, 16, 11]
[4, 4, 4, 0, 4, 13, 13, 13, 13, 13, 13, 13, 5, 4]
[2, 3, 0, 3, 4, 3, 3, 16, 10, 8, 10, 13, 11, 16, 16, 3, 16, 19, 17, 19, 22, 20, 3]
[8, 8, 8, 8, 8, 8, 8, 0, 8, 8, 10, 10, 14, 12, 10, 10, 16, 17, 20, 18, 22, 17, 22, 22, 24, 25, 28, 26, 8]
[2, 4, 2, 17, 4, 5, 9, 9, 6, 6, 12, 10, 12, 15, 13, 17, 0, 17, 20, 17, 22, 25, 22, 25, 20, 17]
[2, 0, 2, 2, 4, 7, 5, 7, 10, 8, 2]
[3, 3, 0, 3, 7, 7, 4, 7, 13, 9, 13, 13, 8, 3]
[0, 4, 4, 1, 4, 7, 5, 1]
[2, 0, 5, 5, 2, 5, 5, 5, 8, 12, 12, 9, 5, 5, 5, 2]
[2, 0, 5, 5, 2, 7, 5, 9, 7, 9, 12, 9, 9, 15, 13, 2]
[7, 7, 4, 7, 7, 7, 0, 7, 7, 11, 7, 11, 11, 16, 16, 7, 16, 19, 17, 7, 7, 24, 24, 7, 24, 27, 25, 24, 31, 31, 28, 31, 34, 31, 31, 37, 31, 37, 40, 38, 40, 7]
[3, 3, 5, 5, 0, 7, 5, 7, 10, 8, 10, 15, 15, 15, 11, 8, 8, 8, 20, 18, 20, 23, 21, 26, 26, 23, 5]
[2, 21, 4, 2, 4, 5, 4, 9, 4, 11, 13, 11, 9, 13, 18, 18, 18, 14, 4, 21, 0, 21]
[4, 4, 4, 0, 4, 7, 5, 7, 7, 11, 7, 14, 14, 11, 14, 15, 4]
[21, 1, 4, 2, 1, 8, 8, 1, 8, 11, 9, 21, 14, 21, 21, 21, 21, 21, 21, 21, 0, 21]
[5, 5, 5, 5, 0, 5, 5, 7, 8, 11, 9, 11, 15, 15, 12, 5]
[4, 3, 4, 6, 6, 0, 6, 6, 11, 11, 8, 11, 14, 11, 6, 23, 23, 23, 23, 23, 23, 23, 15, 6]
[12, 4, 4, 1, 1, 5, 6, 9, 7, 12, 12, 0, 12, 13, 16, 12, 21, 19, 21, 21, 16, 21, 24, 25, 21, 25, 12]
[4, 1, 4, 10, 10, 10, 10, 7, 7, 0, 10, 15, 15, 15, 17, 15, 11, 17, 21, 21, 18, 10]
[7, 5, 5, 5, 7, 7, 21, 9, 7, 12, 12, 9, 9, 17, 17, 17, 9, 21, 21, 21, 0, 21, 27, 27, 27, 27, 39, 29, 27, 31, 29, 33, 29, 29, 34, 39, 39, 39, 21, 21]
[2, 0, 2, 2, 4, 5, 2, 2, 8, 12, 12, 9, 2, 2, 17, 17, 2, 2]
[2, 7, 4, 2, 7, 7, 0, 7, 7, 11, 7, 11, 7]
[0, 1, 1, 1, 6, 1, 1, 9, 1, 9, 1, 14, 14, 1, 14, 15, 18, 14, 18, 21, 18, 24, 24, 21, 24, 27, 25, 1]
[2, 0, 2, 3, 4, 4, 4, 9, 2, 9, 9, 14, 14, 11, 2, 2, 18, 19, 2, 19, 20, 23, 21, 2]
[2, 5, 5, 5, 0, 5, 5, 10, 10, 7, 12, 10, 12, 12, 12, 20, 16, 20, 20, 15, 5]
[2, 0, 8, 5, 8, 5, 5, 2, 11, 11, 8, 11, 12, 11, 2, 2, 16, 16, 27, 27, 20, 20, 20, 20, 26, 20, 18, 27, 30, 28, 2]
[10, 3, 10, 10, 10, 8, 6, 5, 10, 0, 10, 13, 11, 15, 13, 18, 18, 15, 21, 21, 18, 21, 10]
[3, 3, 0, 3, 3, 3, 3, 3, 13, 13, 13, 13, 3, 13, 17, 17, 3, 3]
[7, 7, 6, 5, 6, 7, 0, 10, 10, 7, 10, 13, 14, 11, 7]
[3, 1, 5, 5, 0, 5, 5, 9, 18, 11, 9, 14, 14, 9, 18, 18, 16, 5, 5]
[2, 4, 2, 7, 7, 7, 0, 7, 7, 13, 13, 13, 7, 15, 13, 18, 18, 13, 18, 18, 24, 24, 24, 20, 7]
[13, 4, 4, 1, 4, 8, 8, 5, 13, 12, 10, 13, 0, 13, 14, 18, 18, 15, 18, 19, 23, 23, 19, 13, 13, 13, 29, 29, 26, 31, 26, 33, 31, 13]
[2, 8, 2, 6, 6, 3, 8, 0, 8, 8, 10, 11, 8]
[2, 0, 2, 3, 6, 4, 2, 12, 12, 9, 9, 7, 2]
[5, 1, 1, 5, 0, 7, 5, 9, 7, 12, 10, 9, 9, 13, 9, 9, 27, 19, 22, 19, 22, 27, 22, 23, 27, 27, 16, 27, 28, 28, 28, 28, 32, 5]
[4, 4, 4, 5, 0, 5, 5, 9, 7, 9, 12, 10, 12, 15, 12, 12, 19, 19, 12, 19, 20, 19, 24, 22, 27, 27, 24, 29, 24, 5]
[6, 6, 6, 3, 6, 0, 6, 10, 10, 7, 6, 14, 14, 11, 14, 17, 15, 17, 20, 17, 6]
[6, 3, 6, 3, 3, 0, 6, 11, 10, 11, 7, 6]
[7, 1, 1, 5, 1, 1, 8, 0, 8]
[2, 8, 2, 5, 3, 5, 5, 0, 8, 16, 16, 11, 11, 11, 11, 9, 16, 17, 8]
[3, 3, 4, 0, 4, 8, 8, 4, 8, 12, 12, 8, 4]
[2, 0, 5, 5, 2, 7, 2, 11, 11, 11, 7, 2, 2, 16, 16, 25, 18, 16, 18, 19, 25, 25, 25, 25, 2, 29, 29, 29, 25, 29, 2]
[5, 5, 5, 5, 0, 8, 8, 5, 5, 11, 5, 11, 14, 12, 19, 19, 18, 19, 11, 19, 20, 19, 5]
[2, 4, 4, 0, 4, 7, 5, 7, 7, 4]
[2, 3, 0, 3, 4, 3]
[5, 5, 5, 5, 0, 5, 6, 7, 10, 8, 10, 11, 5]
[9, 1, 1, 9, 9, 9, 9, 9, 0, 9]
[0, 1, 2, 3, 3, 1, 10, 7, 10, 6, 10, 14, 14, 10, 16, 14, 16, 23, 23, 21, 23, 23, 17, 25, 23, 27, 25, 16, 30, 28, 30, 34, 34, 31, 1]
[0, 4, 4, 1, 4, 8, 8, 5, 1, 1, 10, 13, 11, 15, 18, 18, 18, 10, 1]
[4, 4, 4, 5, 0, 8, 8, 5, 5, 5, 10, 14, 14, 11, 5]
[4, 4, 4, 0, 6, 4, 6, 6, 12, 11, 12, 8, 4]
[2, 0, 4, 2, 6, 4, 6, 7, 8, 9, 2]
[2, 0, 2]
[8, 1, 2, 2, 4, 8, 8, 0, 10, 8, 12, 10, 12, 12, 14, 15, 15, 12, 10, 22, 22, 19, 8]
[3, 3, 0, 3, 6, 4, 6, 7, 10, 8, 6, 6, 14, 12, 16, 14, 16, 24, 18, 18, 18, 18, 18, 17, 3]
[3, 3, 9, 3, 6, 8, 6, 3, 0, 9, 9, 14, 14, 11, 9]
[2, 3, 0, 5, 3, 5, 8, 6, 5, 11, 5, 3, 14, 12, 3]
[2, 0, 7, 7, 7, 7, 2, 2, 2, 14, 14, 13, 14, 2, 14, 18, 18, 15, 2]
[2, 0, 5, 5, 2, 5, 5, 5, 8, 5, 5, 13, 11, 15, 11, 2]
[7, 7, 7, 7, 7, 7, 0, 7, 11, 11, 8, 11, 14, 12, 7, 7, 22, 22, 22, 22, 22, 26, 26, 26, 26, 7, 26, 26, 31, 31, 28, 7]
[3, 3, 0, 3, 6, 4, 3, 3, 14, 11, 9, 14, 14, 3, 14, 18, 18, 14, 3]
[2, 6, 6, 6, 6, 0, 6, 6, 10, 6, 10, 11, 14, 12, 10, 17, 15, 6]
[2, 3, 0, 6, 6, 3, 3, 3, 10, 8, 8, 13, 16, 13, 16, 11, 16, 16, 3]
[3, 3, 0, 8, 4, 7, 8, 3, 10, 8, 10, 14, 14, 11, 14, 15, 3]
[0, 1, 1, 9, 7, 7, 9, 9, 1, 11, 9, 9, 12, 15, 13, 13, 18, 16, 1]
[2, 0, 5, 5, 2, 5, 6, 5, 10, 8, 10, 15, 14, 15, 10, 15, 18, 15, 15, 15, 20, 20, 22, 25, 23, 2]
[0, 1, 1, 1, 1, 7, 8, 5, 8, 11, 9, 11, 14, 11, 1]
[5, 5, 5, 5, 0, 5, 5, 7, 8, 5]
[2, 5, 5, 5, 0, 5, 5, 9, 5, 12, 12, 9, 12, 13, 13, 5]
[0, 4, 4, 1, 4, 5, 6, 6, 1, 12, 12, 9, 18, 15, 18, 18, 18, 12, 20, 18, 18, 1]
[3, 3, 0, 3, 7, 7, 4, 3]
[2, 18, 18, 18, 7, 7, 4, 7, 10, 7, 12, 10, 12, 15, 13, 18, 18, 0, 18, 18, 18]
[2, 0, 5, 5, 2, 5, 8, 6, 5, 11, 5, 13, 11, 17, 16, 17, 13, 19, 17, 19, 23, 21, 20, 2]
[7, 4, 4, 1, 7, 7, 0, 9, 7, 12, 12, 9, 14, 9, 17, 17, 14, 14, 21, 21, 18, 9, 9, 25, 23, 25, 29, 29, 26, 7]
[4, 4, 4, 0, 4, 5, 6, 7, 4]
[2, 0, 2, 3, 7, 7, 4, 2, 2, 11, 13, 13, 2, 13, 13, 15, 16, 17, 18, 13, 13, 21, 24, 22, 2]
[9, 4, 4, 1, 9, 8, 8, 9, 0, 13, 12, 13, 9, 13, 14, 15, 18, 15, 18, 18, 9]
[5, 3, 5, 5, 12, 5, 5, 9, 7, 12, 12, 0, 14, 12, 14, 15, 12]
[4, 4, 4, 0, 4]
[4, 4, 4, 0, 4, 9, 9, 9, 5, 4]
[0, 1, 5, 5, 2, 5, 8, 6, 10, 5, 1, 14, 14, 1, 16, 14, 1]
[4, 4, 4, 7, 4, 7, 14, 14, 14, 14, 10, 13, 10, 0, 14, 17, 15, 17, 20, 17, 14]
[4, 4, 4, 0, 4, 5, 6, 6, 6, 6, 12, 6, 4, 4, 16, 21, 21, 21, 20, 21, 4, 4]
[4, 3, 4, 13, 8, 8, 8, 4, 13, 12, 12, 13, 0, 15, 13, 13, 19, 19, 16, 13]
[3, 1, 6, 6, 6, 0, 8, 6, 6, 6, 18, 11, 14, 12, 18, 18, 18, 6, 18, 6]
[2, 0, 4, 2, 4, 7, 8, 5, 8, 8, 8, 11, 8, 13, 2]
[4, 1, 4, 8, 4, 7, 4, 0, 8, 14, 14, 14, 14, 9, 8]
[5, 5, 2, 2, 0, 5]
[3, 3, 0, 3, 7, 7, 4, 7, 10, 8, 3]
[2, 0, 5, 5, 2, 2, 2, 18, 8, 12, 12, 8, 12, 13, 16, 14, 8, 2, 20, 18, 23, 23, 20, 23, 26, 24, 20, 27, 28, 29, 30, 33, 30, 2]
[2, 0, 2, 5, 3, 2]
[2, 31, 2, 5, 3, 5, 8, 5, 5, 5, 12, 5, 2, 15, 13, 15, 18, 15, 31, 22, 20, 31, 31, 31, 31, 25, 28, 25, 31, 31, 0, 31]
[4, 4, 4, 0, 4, 9, 8, 9, 5, 9, 10, 4]
[3, 3, 6, 6, 6, 0, 6, 12, 12, 12, 12, 6, 6]
[6, 6, 6, 6, 6, 0, 6, 6, 6, 6, 6, 14, 14, 11, 14, 17, 15, 19, 17, 22, 22, 14, 22, 6]
[5, 5, 5, 5, 0, 8, 8, 5, 5, 5, 13, 13, 5, 13, 5]
[2, 7, 7, 7, 7, 7, 0, 7, 7, 9, 9, 7, 7, 15, 20, 20, 20, 17, 17, 7, 7]
[5, 5, 5, 5, 0, 5, 5, 12, 12, 12, 12, 5, 5]
[9, 9, 2, 3, 4, 9, 9, 9, 0, 9, 9]
[2, 0, 7, 7, 7, 7, 2, 10, 10, 7, 12, 10, 12, 13, 12, 17, 15, 2]
[3, 1, 4, 0, 4, 8, 8, 5, 8, 11, 9, 14, 14, 11, 14, 17, 15, 14, 20, 18, 20, 24, 24, 20, 20, 20, 28, 20, 28, 31, 29, 4]
[4, 1, 1, 0, 6, 4, 8, 4, 11, 11, 8, 11, 12, 11, 16, 11, 16, 19, 17, 16, 20, 21, 24, 22, 16, 27, 16, 29, 27, 33, 33, 33, 29, 4]
[2, 0, 4, 2, 4, 4, 12, 9, 12, 12, 12, 6, 12, 12, 17, 17, 14, 17, 21, 21, 18, 17, 24, 17]
[2, 16, 2, 5, 3, 5, 5, 11, 11, 11, 7, 16, 15, 15, 16, 0, 20, 20, 20, 16, 20, 16, 25, 25, 22, 25, 29, 29, 26, 25, 32, 25, 32, 33, 33, 16]
[2, 16, 16, 16, 8, 8, 8, 4, 8, 9, 10, 16, 16, 16, 16, 0, 16]
[3, 3, 13, 3, 7, 7, 4, 7, 11, 11, 7, 13, 0, 13, 16, 14, 13, 22, 20, 22, 22, 17, 25, 25, 22, 13]
[0, 8, 8, 8, 8, 8, 8, 1, 1]
[9, 1, 2, 3, 9, 8, 8, 9, 0, 9, 10, 10, 9, 17, 17, 17, 13, 17, 22, 22, 22, 17, 22, 22, 26, 24, 28, 26, 30, 28, 30, 31, 32, 30, 34, 34, 9]
[2, 3, 0, 7, 7, 7, 3, 3, 3, 11, 3, 14, 14, 15, 11, 18, 18, 15, 18, 18, 18, 23, 18, 23, 28, 28, 28, 24, 3]
[2, 0, 4, 2, 7, 7, 4, 7, 10, 7, 7, 7, 14, 7, 14, 15, 14, 21, 18, 21, 17, 21, 24, 21, 2]
[4, 4, 4, 0, 7, 7, 8, 4, 13, 12, 12, 13, 4, 13, 4, 4, 16, 16, 18, 19, 16, 23, 16, 23, 23, 27, 25, 27, 30, 28, 4]
[3, 3, 0, 3, 4, 5, 8, 6, 3]
[3, 3, 4, 0, 4, 8, 8, 5, 4, 13, 12, 13, 9, 13, 16, 14, 16, 19, 16, 16, 22, 16, 22, 26, 26, 23, 4]
[4, 4, 4, 0, 6, 4, 8, 6, 10, 8, 12, 10, 12, 16, 16, 13, 4]
[2, 0, 4, 2, 6, 4, 9, 7, 6, 6, 10, 11, 6, 6, 18, 18, 18, 14, 2]
[8, 4, 4, 1, 8, 8, 8, 0, 10, 8, 13, 11, 10, 10, 10, 17, 15, 22, 22, 21, 22, 17, 8]
[9, 9, 4, 9, 9, 7, 9, 9, 0, 9]
[4, 1, 1, 0, 9, 9, 9, 9, 4, 9, 12, 10, 4]
[7, 7, 2, 7, 7, 7, 0, 7]
[3, 3, 0, 3, 4, 5, 9, 9, 5, 3]
[6, 3, 6, 6, 6, 0, 9, 9, 6, 9, 16, 16, 16, 16, 16, 10, 6, 17, 20, 18, 18, 24, 24, 21, 6]
[8, 8, 8, 8, 8, 8, 8, 0, 8, 8, 12, 15, 12, 15, 16, 8, 22, 19, 22, 19, 22, 16, 8]
[7, 3, 7, 3, 6, 3, 0, 7]
[8, 3, 1, 8, 8, 8, 8, 0, 8]
[7, 7, 7, 7, 7, 7, 0, 7]
[4, 4, 4, 14, 4, 8, 8, 5, 4, 11, 9, 14, 14, 0, 17, 17, 14, 17, 18, 19, 23, 23, 20, 23, 27, 27, 23, 27, 28, 29, 14]
[2, 0, 2, 2, 6, 10, 10, 10, 10, 2, 2, 13, 15, 15, 2, 18, 18, 15, 18, 19, 2]
[2, 24, 4, 2, 2, 2, 9, 9, 6, 9, 10, 9, 14, 15, 9, 15, 16, 17, 20, 18, 2, 24, 24, 0, 24, 25, 26, 29, 27, 24]
[2, 5, 5, 5, 0, 5, 9, 9, 6, 5, 5, 13, 14, 5, 14, 15, 18, 16, 5]
[3, 3, 13, 5, 3, 5, 8, 6, 13, 11, 13, 13, 0, 16, 16, 13, 13]
[3, 3, 0, 5, 3, 3, 3, 3, 12, 12, 12, 8, 3]
[2, 0, 2, 3, 4, 7, 3, 9, 7, 12, 12, 7, 2, 2, 16, 2, 16, 17, 2]
[3, 3, 0, 3, 6, 4, 6, 7, 8, 11, 8, 3]
[2, 5, 5, 5, 0, 5, 8, 6, 5, 11, 5, 16, 16, 16, 16, 5, 19, 19, 16, 21, 19, 19, 26, 25, 26, 22, 26, 26, 30, 28, 34, 34, 34, 30, 30, 37, 35, 5]
[0, 6, 5, 5, 6, 1, 6, 9, 7, 9, 9, 13, 11, 13, 14, 22, 18, 22, 22, 22, 22, 6, 22, 26, 26, 23, 1]
[4, 4, 4, 0, 4, 8, 8, 4, 8, 11, 9, 11, 16, 16, 16, 12, 16, 20, 20, 17, 4]
[3, 3, 7, 7, 7, 7, 0, 9, 7, 12, 12, 9, 9, 13, 14, 17, 20, 17, 20, 15, 7, 7, 24, 7, 26, 27, 24, 29, 27, 7]
[3, 3, 9, 9, 9, 9, 9, 9, 0, 9, 12, 10, 9]
[13, 1, 1, 13, 6, 13, 8, 6, 13, 13, 13, 13, 0, 13, 13, 17, 15, 17, 17, 17, 22, 20, 22, 13]
[0, 3, 1, 5, 1, 5, 10, 10, 10, 6, 10, 14, 14, 11, 1]
[4, 1, 1, 0, 4, 9, 9, 9, 5, 4]
[5, 3, 5, 5, 0, 5, 5, 7, 12, 12, 12, 8, 12, 13, 14, 14, 14, 14, 5]
[6, 6, 6, 6, 6, 19, 9, 9, 6, 9, 12, 10, 9, 15, 13, 19, 19, 19, 0, 21, 22, 19, 22, 26, 26, 22, 28, 22, 32, 31, 32, 28, 19]
[5, 3, 1, 5, 0, 5, 9, 7, 6, 12, 12, 9, 15, 15, 12, 15, 18, 16, 20, 12, 20, 23, 20, 23, 27, 27, 24, 5]
[2, 0, 4, 2, 2, 8, 8, 5, 8, 8, 12, 10, 14, 12, 14, 17, 14, 2]
[10, 3, 10, 3, 6, 3, 6, 6, 3, 0, 10, 14, 14, 11, 14, 15, 20, 20, 20, 16, 10]
[3, 3, 5, 5, 0, 5, 8, 5, 5]
[2, 4, 2, 5, 0, 7, 5, 7, 8, 7, 13, 13, 10, 5]
[2, 8, 8, 8, 8, 8, 8, 0, 8]
[10, 10, 10, 10, 10, 10, 10, 10, 10, 11, 0, 11, 15, 15, 12, 15, 16, 15, 20, 15, 20, 21, 11]
[2, 8, 2, 6, 4, 3, 8, 0, 8, 13, 12, 13, 8, 13, 17, 17, 14, 19, 8, 19, 22, 19, 19, 19, 8]
[9, 1, 5, 5, 2, 9, 9, 9, 0, 11, 9, 11, 14, 12, 11, 17, 11, 19, 11, 19, 19, 19, 22, 26, 26, 28, 28, 19, 28, 28, 30, 30, 30, 33, 37, 37, 34, 9]
[6, 3, 6, 3, 3, 0, 6]
[4, 4, 4, 0, 6, 4, 8, 6, 8, 8, 12, 10, 12, 16, 16, 13, 4]
[16, 1, 9, 9, 9, 9, 9, 9, 2, 16, 16, 13, 16, 16, 16, 0, 16, 16, 16, 21, 16, 21, 24, 22, 24, 25, 24, 29, 27, 16]
[3, 3, 5, 5, 0, 7, 5, 5, 5]
[3, 3, 7, 3, 6, 4, 0, 13, 13, 13, 13, 13, 7, 13, 7]
[5, 5, 5, 5, 15, 5, 8, 6, 15, 15, 15, 13, 15, 15, 0, 15, 18, 16, 15]
[3, 1, 12, 3, 6, 4, 3, 7, 12, 12, 12, 0, 12, 16, 16, 13, 16, 16, 21, 21, 18, 12]
[4, 4, 4, 0, 9, 7, 9, 9, 4, 4, 4, 4, 14, 19, 19, 15, 16, 19, 24, 24, 24, 24, 24, 4, 4]
[3, 3, 0, 6, 6, 3, 3, 3, 12, 12, 12, 8, 3, 16, 16, 3, 16, 21, 21, 21, 17, 21, 24, 22, 21, 29, 29, 29, 21, 31, 16, 31, 34, 32, 3]
[6, 6, 6, 5, 6, 0, 6, 9, 7, 6, 10, 11, 11, 6]
[9, 9, 2, 2, 2, 7, 2, 9, 0, 9, 12, 10, 12, 12, 9]
[2, 3, 0, 5, 3, 7, 3, 7, 7, 7, 7, 13, 11, 13, 14, 13, 13, 13, 13, 13, 22, 13, 13, 25, 13, 13, 28, 13, 13, 32, 32, 13, 32, 35, 33, 13, 13, 40, 40, 13, 40, 43, 41, 3]
[0, 1, 1, 1, 1, 1]
[4, 4, 4, 0, 4, 5, 6, 6, 11, 11, 4, 15, 15, 15, 11, 15, 18, 15, 15, 22, 22, 19, 4]
[0, 3, 1, 1, 6, 4, 1]
[2, 10, 2, 10, 10, 10, 10, 9, 10, 0, 10, 13, 11, 18, 18, 17, 18, 13, 18, 21, 19, 24, 24, 26, 26, 21, 26, 26, 26, 31, 29, 10]
[0, 1, 4, 2, 4, 5, 5, 1]
[3, 3, 0, 3, 6, 4, 3]
[5, 4, 4, 1, 0, 8, 8, 5, 8, 11, 9, 8, 14, 8, 14, 18, 18, 15, 5]
[4, 4, 4, 0, 4, 4, 10, 10, 10, 6, 4, 4, 14, 4, 14, 17, 15, 20, 20, 17, 23, 23, 20, 23, 26, 23, 26, 27, 4]
[5, 5, 5, 5, 0, 5, 6, 7, 7, 5, 10, 11, 11, 15, 5, 19, 18, 19, 22, 21, 22, 15, 22, 22, 22, 5]
[2, 5, 5, 5, 0, 5, 5, 9, 11, 11, 5, 11, 15, 15, 12, 22, 22, 17, 20, 18, 22, 15, 24, 22, 28, 28, 28, 24, 28, 31, 29, 5]
[2, 0, 2, 3, 7, 7, 4, 9, 3, 9, 13, 13, 9, 2]
[5, 5, 5, 5, 0, 9, 9, 9, 5, 13, 13, 13, 5, 13, 5, 5, 18, 16, 21, 21, 16, 23, 21, 26, 26, 23, 23, 29, 27, 5]
[5, 5, 5, 5, 0, 5, 9, 9, 6, 5, 15, 15, 15, 15, 5, 15, 19, 19, 15, 5]
[3, 3, 0, 5, 3, 7, 5, 13, 13, 13, 13, 13, 7, 3]
[3, 3, 7, 3, 6, 4, 0, 12, 12, 12, 12, 7, 12, 15, 13, 17, 12, 17, 7]
[3, 3, 6, 3, 4, 0, 11, 11, 11, 11, 6, 13, 11, 6]
[4, 3, 4, 0, 4, 7, 5, 7, 12, 12, 12, 8, 4]
[4, 4, 4, 10, 10, 10, 10, 10, 10, 0, 10, 11, 15, 15, 12, 12, 16, 10, 10]
[4, 4, 4, 5, 0, 8, 8, 5, 12, 12, 12, 8, 12, 15, 12, 5]
[2, 0, 2, 5, 2]
[4, 4, 4, 0, 6, 4, 4]
[0, 1, 1, 1]
[4, 4, 4, 7, 7, 7, 0, 7, 7, 13, 13, 13, 7, 16, 16, 13, 7]
[0, 1, 6, 5, 6, 2, 13, 7, 10, 13, 10, 13, 6, 15, 13, 17, 15, 1]
[5, 3, 5, 5, 0, 5, 8, 5, 8, 14, 14, 11, 11, 9, 5]
[4, 3, 4, 0, 7, 7, 4, 9, 7, 9, 12, 9, 4]
[8, 1, 8, 5, 8, 5, 5, 0, 16, 16, 12, 16, 12, 12, 16, 8, 16, 22, 22, 22, 22, 17, 8]
[2, 0, 4, 2, 6, 7, 4, 9, 4, 11, 9, 2, 2, 16, 16, 22, 16, 17, 17, 22, 22, 2, 22, 27, 26, 27, 22, 27, 30, 27, 33, 33, 30, 33, 36, 33, 33, 39, 33, 39, 39, 43, 41, 2]
[3, 3, 7, 3, 6, 3, 0, 7, 7, 11, 14, 11, 14, 9, 7, 17, 20, 20, 20, 7, 20, 20, 20, 25, 20, 27, 25, 25, 28, 7]
[0, 3, 1, 6, 6, 3, 3, 3, 12, 12, 12, 8, 1]
[11, 11, 2, 2, 2, 2, 9, 9, 2, 2, 0, 11, 14, 12, 11]
[2, 0, 2, 2, 2, 2, 6, 6, 2, 2, 2, 11, 11, 13, 16, 14, 11, 20, 20, 17, 20, 25, 25, 25, 21, 2]
[2, 4, 2, 10, 4, 5, 6, 6, 10, 0, 10, 13, 15, 13, 11, 15, 19, 19, 16, 19, 23, 23, 20, 10]
[5, 5, 5, 5, 11, 5, 6, 11, 10, 11, 0, 13, 11, 15, 13, 17, 15, 17, 18, 22, 22, 19, 22, 26, 24, 23, 26, 29, 27, 11]
[2, 0, 2, 5, 2, 7, 9, 9, 5, 2]
[0, 3, 4, 1, 4, 7, 5, 7, 10, 7, 1]
[0, 1, 1]
[2, 9, 5, 5, 2, 9, 8, 9, 0, 9, 9, 14, 14, 11, 14, 17, 14, 14, 20, 14, 14, 23, 14, 9]
[2, 4, 4, 0, 4, 4, 17, 10, 10, 7, 17, 13, 17, 17, 17, 17, 4, 19, 17, 19, 22, 20, 22, 25, 23, 4]
[7, 7, 7, 7, 7, 7, 12, 7, 8, 9, 9, 0, 14, 12, 12]
[2, 3, 0, 3, 6, 4, 6, 10, 10, 7, 3, 3, 16, 16, 16, 28, 18, 23, 18, 19, 22, 23, 16, 23, 28, 27, 28, 3, 30, 28, 30, 35, 35, 35, 31, 3]
[2, 0, 2, 2, 2, 5, 8, 6, 2, 12, 12, 9, 12, 16, 16, 13, 16, 17, 20, 18, 2]
[2, 0, 5, 5, 2, 8, 8, 5, 2]
[2, 7, 2, 6, 6, 3, 0, 7, 7, 7, 7, 13, 14, 7, 14, 20, 20, 20, 20, 15, 20, 23, 21, 23, 26, 24, 26, 29, 27, 7]
[4, 1, 4, 0, 4, 8, 8, 5]
[2, 0, 2, 2, 6, 2, 6, 6, 10, 6, 10, 13, 11, 2]
[18, 5, 5, 5, 1, 5, 18, 9, 18, 11, 18, 13, 11, 11, 18, 18, 18, 0, 18]
[4, 3, 4, 0, 4, 7, 5, 9, 7, 9, 12, 10, 9, 9, 14, 15, 15, 14, 20, 18, 22, 14, 9, 9, 9, 28, 28, 25]
[6, 5, 2, 5, 6, 0, 6, 7, 11, 11, 8, 8, 8, 16, 16, 13, 8, 8, 20, 18, 20, 23, 21, 25, 20, 31, 28, 31, 31, 31, 25, 6]
[4, 4, 4, 0, 7, 7, 4, 7, 10, 4, 12, 10, 12, 13, 4]
[4, 4, 4, 0, 4, 4, 8, 6, 10, 8, 17, 17, 17, 16, 16, 17, 10, 17, 20, 18, 4]
[2, 5, 2, 2, 0, 7, 5, 11, 11, 11, 5, 11, 12, 13, 13, 15, 15, 17, 21, 21, 18, 15, 15, 15, 26, 24, 28, 32, 32, 32, 32, 26, 34, 32, 34, 35, 5]
[10, 4, 4, 1, 1, 8, 8, 5, 10, 0, 10, 13, 11, 10, 16, 10, 16, 10]
[2, 0, 2, 2, 6, 4, 4, 4, 2]
[26, 4, 4, 1, 4, 5, 4, 9, 16, 9, 12, 16, 12, 15, 12, 4, 18, 16, 18, 18, 20, 26, 24, 26, 26, 0, 26, 26, 30, 28, 30, 33, 34, 31, 26]
[3, 1, 0, 7, 6, 7, 3, 7, 10, 8, 7, 7, 12, 13, 14, 14, 19, 19, 21, 19, 16, 3]
[11, 4, 4, 6, 4, 11, 11, 11, 11, 11, 19, 11, 16, 16, 16, 12, 19, 19, 0, 22, 22, 19, 22, 26, 26, 22, 26, 31, 28, 31, 27, 19]
[4, 3, 4, 10, 4, 5, 10, 9, 10, 0, 10, 10, 10, 13, 14, 14, 14, 14, 14, 14, 14, 10]
[2, 0, 2, 5, 2, 7, 5, 5, 8, 9, 10, 11, 12, 12, 2]
[0, 1, 5, 5, 2, 8, 8, 1, 8, 9, 17, 11, 14, 17, 14, 15, 10, 17, 1]
[2, 13, 4, 2, 2, 9, 9, 9, 5, 13, 13, 13, 0, 13, 14, 13, 18, 13, 13]
[2, 0, 2, 5, 3, 9, 9, 9, 2, 9, 13, 13, 9, 13, 13, 15, 2]
[6, 1, 1, 1, 6, 0, 6, 6, 10, 8, 13, 13, 10, 13, 13, 18, 16, 15, 6]
[4, 3, 4, 0, 6, 4, 8, 6, 4]
[0, 3, 1, 1, 1, 5, 8, 5, 1, 12, 12, 1, 12, 15, 13, 18, 18, 12, 20, 21, 18, 18, 24, 22, 1, 36, 36, 36, 28, 28, 28, 28, 36, 36, 36, 1, 36, 1]
[3, 3, 0, 3, 6, 4, 6, 6, 6, 6, 12, 6, 3, 3, 16, 21, 16, 16, 21, 21, 3, 3]
[3, 1, 6, 6, 6, 0, 6, 6, 6, 11, 6, 6, 14, 6, 14, 20, 20, 20, 20, 15, 25, 25, 25, 25, 20, 30, 30, 30, 30, 25, 30, 25, 32, 6]
[6, 3, 6, 6, 6, 15, 6, 7, 15, 15, 10, 15, 15, 15, 0, 15, 18, 16, 15]
[3, 3, 0, 6, 6, 3, 6, 10, 10, 7, 3]
[5, 3, 5, 5, 9, 5, 9, 9, 0, 13, 13, 13, 9, 9, 16, 9, 16, 21, 21, 21, 17, 26, 26, 26, 26, 21, 26, 9]
[2, 0, 4, 2, 2, 8, 8, 5, 2, 11, 9, 11, 14, 12, 2]
[21, 1, 2, 5, 3, 5, 6, 9, 7, 2, 13, 13, 2, 21, 21, 21, 21, 21, 20, 21, 0, 21]
[9, 9, 9, 9, 6, 9, 6, 9, 0, 9, 9]
[0, 1, 1, 3, 4, 5, 5, 7, 11, 11, 8, 16, 15, 15, 16, 4, 1]
[2, 0, 2, 2, 4, 2]
[9, 3, 9, 7, 7, 7, 3, 7, 0, 15, 15, 14, 14, 11, 9, 17, 15, 17, 18, 17, 20, 17, 17, 27, 27, 27, 23, 27, 28, 29, 30, 33, 31, 33, 37, 37, 34, 33, 40, 38, 9]
[4, 4, 4, 0, 4, 8, 8, 4, 4]
[2, 6, 2, 5, 3, 0, 6, 9, 13, 11, 9, 13, 6, 13, 13, 6, 6, 19, 20, 6, 22, 20, 24, 22, 26, 24, 26, 6]
[3, 3, 7, 3, 4, 7, 0, 7, 7, 7, 14, 11, 11, 10, 14, 15, 16, 16, 7]
[2, 15, 2, 2, 2, 2, 2, 10, 10, 7, 15, 15, 12, 12, 0, 15, 18, 16, 15, 26, 26, 21, 21, 21, 21, 19, 26, 27, 30, 28, 30, 34, 34, 30, 34, 34, 34, 27, 27, 39, 42, 40, 15]
[2, 0, 2, 5, 3, 2]
[0, 1, 1, 1, 1, 1, 1]
[4, 4, 4, 0, 4, 4, 6, 7, 7, 7, 7, 7, 7, 13, 16, 14, 16, 20, 20, 17, 4]
[2, 0, 2, 3, 2, 7, 5, 7, 10, 7, 12, 10, 12, 12, 2]
[2, 4, 4, 0, 4, 4, 4, 4, 4, 4, 12, 4, 12, 4, 21, 21, 21, 21, 21, 21, 4, 4]
[3, 3, 5, 5, 0, 5, 5, 5, 10, 5, 10, 14, 14, 11, 5, 5, 5, 17, 17, 23, 23, 23, 19, 25, 23, 25, 26, 30, 30, 25, 5]
[4, 4, 4, 0, 4, 7, 5, 7, 10, 8, 10, 13, 10, 13, 13, 4]
[2, 4, 2, 14, 4, 4, 4, 7, 10, 8, 14, 14, 14, 0, 14]
[2, 0, 4, 11, 4, 4, 4, 4, 11, 11, 2, 11, 14, 12, 11, 19, 19, 19, 11, 19, 2]
[4, 4, 4, 0, 4, 7, 8, 5, 8, 11, 9, 8, 8, 15, 13, 13, 16, 19, 17, 8, 8, 8, 22, 22, 26, 24, 4]
[4, 4, 4, 13, 4, 4, 10, 10, 10, 4, 4, 13, 0, 16, 16, 13, 16, 17, 22, 19, 22, 18, 18, 26, 26, 23, 13]
[0, 1, 5, 5, 2, 5, 8, 6, 20, 13, 12, 13, 20, 15, 13, 20, 19, 19, 20, 5, 22, 20, 1]
[3, 3, 11, 3, 6, 3, 3, 10, 10, 3, 0, 15, 15, 15, 11, 15, 18, 16, 18, 21, 19, 21, 28, 28, 26, 28, 28, 21, 28, 28, 34, 34, 34, 28, 11]
[3, 3, 0, 3, 6, 8, 6, 4, 3]
[4, 3, 4, 14, 6, 4, 10, 10, 10, 6, 14, 14, 14, 0, 14, 14, 19, 19, 16, 19, 22, 20, 14]
[3, 3, 0, 6, 6, 3, 10, 7, 10, 6, 16, 16, 16, 16, 16, 10, 10, 20, 20, 17, 3]
[4, 4, 4, 0, 4, 4, 4, 4, 8, 12, 12, 9, 4, 4, 14, 14, 4]
[5, 5, 2, 2, 0, 5, 9, 9, 6, 13, 13, 13, 9, 13, 14, 18, 18, 15, 18, 21, 19, 5]
[5, 5, 5, 5, 0, 5, 6, 5, 10, 5, 10, 11, 12, 13, 13, 13, 13, 13, 13, 21, 13, 5]
[2, 0, 5, 5, 2, 5, 10, 9, 10, 6, 24, 24, 24, 13, 14, 15, 20, 20, 20, 16, 24, 24, 24, 10, 24, 24, 24, 30, 30, 27, 30, 33, 31, 33, 34, 37, 33, 39, 37, 39, 42, 40, 42, 43, 2]
[2, 0, 5, 5, 2, 5, 6, 6, 6, 2, 14, 14, 14, 10, 14, 15, 15, 17, 20, 18, 2, 2]
[7, 3, 7, 3, 3, 7, 0, 9, 7, 9, 10, 16, 16, 16, 16, 11, 7]
[3, 3, 10, 3, 4, 4, 4, 10, 10, 0, 10]
[0, 1, 1, 5, 3, 5, 8, 6, 8, 8, 10, 17, 17, 17, 17, 17, 8, 1]
[0, 1, 5, 5, 2, 7, 5, 12, 12, 12, 12, 7, 12, 15, 13, 7, 7, 19, 7, 21, 19, 23, 21, 27, 27, 27, 21, 27, 30, 28, 27, 33, 27, 33, 1]
[3, 3, 0, 5, 3, 7, 10, 9, 10, 5, 10, 13, 11, 3]
[3, 3, 15, 3, 7, 7, 3, 7, 11, 11, 7, 7, 14, 7, 0, 17, 15, 19, 17, 22, 22, 19, 19, 27, 26, 27, 23, 27, 31, 31, 28, 31, 32, 15]
[12, 1, 4, 8, 4, 7, 8, 2, 12, 12, 12, 0, 12, 15, 13, 12]
[2, 0, 5, 5, 2, 5, 6, 5, 8, 9, 9, 9, 2]
[2, 4, 2, 5, 0, 7, 5, 9, 7, 9, 12, 10, 12, 15, 13, 15, 16, 15, 20, 15, 20, 23, 21, 28, 28, 28, 28, 20, 28, 31, 28, 5]
[3, 3, 0, 3, 3, 3, 6, 7, 7, 14, 10, 13, 14, 9, 3, 3, 18, 3, 18, 21, 19, 21, 24, 22, 24, 25, 28, 26, 3]
[7, 3, 7, 3, 6, 3, 0, 7, 12, 12, 12, 7, 7]
[2, 27, 2, 5, 3, 2, 8, 2, 8, 11, 9, 2, 14, 2, 14, 17, 18, 15, 27, 27, 27, 27, 22, 27, 24, 24, 0, 27]
[11, 5, 5, 5, 1, 11, 11, 11, 11, 11, 0, 13, 11, 17, 16, 17, 13, 13, 13, 13, 20, 21, 24, 27, 24, 27, 22, 27, 30, 28, 11]
[3, 3, 0, 3, 8, 5, 8, 4, 8, 12, 12, 8, 12, 13, 14, 14, 3]
[4, 3, 4, 0, 4, 7, 5, 7, 8, 13, 12, 13, 9, 4, 4, 22, 18, 16, 22, 22, 22, 4, 26, 26, 26, 22, 28, 26, 26, 31, 29, 4]
[2, 7, 2, 5, 2, 7, 0, 9, 7, 9, 10, 14, 14, 9, 14, 18, 18, 15, 21, 21, 18, 21, 24, 22, 24, 27, 25, 7]
[4, 1, 1, 0, 10, 5, 10, 10, 10, 4, 10, 11, 14, 12, 14, 14, 18, 19, 14, 4]
[4, 4, 4, 9, 4, 4, 9, 9, 0, 9, 9, 11, 9, 9, 20, 18, 18, 20, 18, 9, 20, 9]
[2, 3, 0, 6, 6, 3, 6, 10, 10, 7, 3, 13, 11, 13, 16, 14, 3]
[15, 5, 5, 5, 15, 5, 10, 10, 10, 5, 10, 13, 10, 15, 0, 15, 18, 15, 20, 18, 15, 15, 24, 22, 24, 24, 24, 15]
[2, 6, 6, 6, 6, 0, 6, 9, 7, 6]
[3, 3, 6, 6, 6, 0, 6, 9, 6, 11, 6, 13, 11, 13, 16, 14, 11, 11, 18, 18, 20, 21, 6]
[5, 5, 5, 5, 0, 5, 9, 9, 6, 5]
[6, 3, 1, 6, 6, 0, 6, 6, 10, 8, 6, 11, 6, 13, 16, 14, 6]
[2, 5, 5, 5, 0, 5, 5, 9, 7, 9, 10, 11, 12, 5]
[8, 3, 1, 8, 8, 8, 8, 0, 8, 8, 16, 11, 16, 16, 16, 8, 16, 19, 17, 17, 8]
[2, 0, 2, 2, 4, 10, 10, 10, 10, 5, 10, 11, 14, 12, 14, 19, 19, 19, 15, 2]
[16, 3, 1, 13, 6, 13, 6, 10, 10, 6, 13, 13, 3, 16, 16, 0, 20, 19, 20, 16, 16, 16, 16, 25, 23, 23, 26, 27, 27, 16]
[0, 1, 4, 2, 2, 9, 9, 9, 5, 1]
[2, 4, 2, 15, 7, 7, 4, 7, 11, 11, 7, 7, 14, 12, 0, 15, 15, 19, 15, 22, 22, 19, 22, 27, 27, 27, 23, 15]
[8, 1, 2, 8, 8, 8, 8, 0, 11, 11, 8, 15, 15, 15, 11, 8, 8, 22, 22, 22, 22, 8, 22, 8]
[14, 5, 5, 5, 1, 1, 9, 9, 6, 14, 13, 13, 14, 0, 16, 14, 14, 17, 18, 19, 22, 20, 22, 25, 23, 25, 29, 29, 26, 31, 25, 31, 34, 32, 34, 37, 35, 14]
[11, 11, 11, 11, 11, 11, 11, 9, 11, 11, 0, 11]
[16, 5, 5, 5, 1, 5, 9, 9, 5, 16, 12, 16, 12, 15, 13, 0, 16, 19, 17, 19, 20, 21, 24, 21, 16]
[2, 7, 4, 6, 6, 2, 0, 10, 10, 7, 14, 13, 14, 10, 14, 17, 15, 21, 21, 21, 17, 21, 26, 26, 26, 22, 7]
[3, 3, 0, 5, 3, 8, 8, 5, 3]
[16, 3, 1, 3, 3, 7, 3, 7, 10, 8, 16, 15, 15, 15, 16, 0, 16, 16, 21, 21, 18, 21, 25, 25, 22, 21, 30, 30, 30, 21, 30, 31, 16]
[4, 4, 4, 0, 4, 5, 8, 11, 8, 11, 6, 11, 12, 13, 16, 26, 16, 16, 16, 16, 20, 23, 21, 26, 26, 13, 4]
[2, 8, 2, 7, 7, 7, 3, 0, 10, 8, 8, 11, 8]
[2, 3, 0, 3, 3, 3, 8, 6, 10, 8, 12, 10, 3]
[2, 6, 6, 6, 6, 0, 9, 9, 6, 11, 9, 11, 12, 6]
[11, 11, 11, 11, 11, 11, 8, 11, 11, 11, 0, 14, 14, 11, 14, 15, 16, 19, 17, 19, 20, 11]
[4, 4, 4, 0, 6, 4, 9, 9, 6, 9, 12, 9, 4]
[3, 3, 4, 0, 6, 4, 8, 6, 8, 8, 12, 10, 6, 13, 17, 17, 14, 4]
[0, 3, 1, 3, 9, 7, 9, 9, 4, 1, 1, 11, 11, 15, 13, 15, 16, 23, 18, 23, 23, 23, 17, 26, 26, 23, 29, 29, 23, 29, 29, 33, 31, 1]
[3, 3, 6, 6, 6, 0, 6, 6, 10, 6, 12, 10, 6, 6, 18, 18, 18, 22, 22, 22, 22, 6, 6]
[2, 7, 7, 7, 7, 7, 0, 7, 10, 13, 10, 13, 8, 7, 7, 18, 18, 19, 7, 21, 23, 23, 19, 7]
[11, 3, 1, 11, 7, 7, 11, 7, 7, 11, 0, 14, 14, 11, 14, 15, 18, 16, 16, 22, 22, 19, 22, 25, 23, 11]
[4, 4, 4, 6, 6, 0, 6, 9, 12, 9, 12, 7, 12, 12, 6, 6, 18, 19, 6, 19, 20, 6]
[2, 9, 2, 9, 4, 7, 4, 7, 10, 0, 13, 13, 10, 13, 13, 19, 19, 19, 15, 10]
[7, 3, 1, 6, 6, 7, 0, 7, 11, 11, 7, 7]
[2, 8, 8, 5, 8, 8, 8, 0, 8, 12, 12, 9, 8]
[2, 3, 0, 3, 6, 4, 3, 11, 11, 11, 3, 13, 14, 11, 14, 15, 16, 14, 20, 18, 3]
[2, 0, 4, 2, 2]
[9, 4, 4, 1, 9, 9, 9, 9, 0, 13, 12, 13, 9, 9, 16, 18, 16, 38, 18, 23, 23, 23, 19, 26, 26, 23, 26, 29, 23, 29, 29, 29, 34, 32, 18, 38, 38, 9, 38, 41, 38, 38, 38, 45, 38, 9]
[2, 16, 4, 6, 4, 2, 2, 2, 8, 9, 12, 10, 16, 16, 16, 0, 16, 19, 17, 19, 19, 19, 25, 25, 19, 19, 16, 30, 30, 27, 30, 35, 35, 35, 31, 16]
[3, 3, 4, 0, 6, 4, 4]
[5, 5, 5, 5, 0, 5, 6, 7, 8, 7, 13, 13, 7, 16, 16, 13, 16, 5]
[3, 3, 0, 7, 7, 7, 3, 9, 7, 12, 12, 9, 9, 15, 13, 15, 16, 19, 15, 22, 22, 19, 22, 26, 26, 23, 28, 26, 28, 28, 28, 33, 31, 3]
[2, 0, 6, 5, 6, 2, 6, 10, 10, 7, 10, 14, 14, 10, 14, 14, 14, 2]
[2, 5, 2, 5, 0, 7, 5, 7, 8, 5]
[2, 0, 5, 5, 2, 5, 8, 6, 10, 8, 12, 8, 15, 15, 12, 15, 18, 16, 12, 21, 8, 23, 21, 2]
[12, 3, 6, 3, 6, 1, 8, 6, 8, 11, 9, 0, 14, 12, 14, 14, 14, 14, 18, 21, 19, 12]
[4, 4, 4, 0, 4, 7, 5, 4]
[2, 3, 9, 3, 3, 9, 9, 9, 0, 14, 14, 13, 14, 9, 17, 17, 14, 14, 18, 19, 24, 24, 24, 14, 9]
[3, 3, 0, 3, 4, 7, 5, 7, 7, 3]
[6, 6, 2, 2, 6, 0, 6]
[3, 3, 0, 5, 3, 7, 5, 7, 7, 14, 14, 14, 14, 9, 16, 14, 16, 20, 20, 17, 5, 5, 24, 5, 28, 27, 28, 24, 28, 29, 33, 33, 28, 3]
[3, 3, 0, 3, 6, 4, 6, 9, 7, 9, 10, 9, 14, 12, 14, 19, 19, 19, 15, 22, 22, 19, 24, 22, 24, 28, 28, 25, 3]
[4, 4, 4, 9, 4, 4, 6, 7, 0, 21, 21, 21, 21, 15, 21, 19, 19, 19, 15, 19, 9, 9]
[11, 11, 6, 6, 6, 11, 6, 7, 10, 8, 26, 11, 19, 16, 16, 19, 19, 19, 11, 21, 19, 26, 26, 23, 24, 0, 26, 26, 31, 31, 28, 34, 34, 31, 36, 34, 26]
[2, 5, 2, 5, 0, 5, 6, 5]
[3, 3, 0, 3, 6, 4, 6, 6, 6, 11, 13, 11, 9, 16, 16, 13, 16, 19, 17, 19, 20, 23, 25, 25, 16, 27, 25, 25, 28, 25, 25, 33, 25, 36, 36, 33, 38, 36, 38, 41, 39, 3]
[2, 0, 2, 5, 3, 2, 8, 2, 8, 9, 12, 8, 12, 15, 13, 15, 20, 17, 20, 16]
[0, 1, 4, 1, 1]
[11, 1, 2, 1, 1, 5, 6, 11, 11, 11, 0, 13, 11, 13, 14, 17, 15, 17, 18, 13, 13, 13, 22, 22, 28, 27, 28, 24, 11]
[0, 3, 6, 3, 6, 10, 6, 9, 7, 1, 10, 14, 14, 11, 14, 19, 16, 19, 15, 1]
[4, 4, 4, 0, 4]
[2, 4, 4, 0, 9, 7, 9, 9, 4, 9, 12, 10, 12, 13, 12, 17, 15, 17, 20, 18, 4]
[3, 3, 5, 5, 0, 5]
[4, 4, 4, 0, 4, 8, 8, 5, 8, 12, 12, 9, 4, 4, 17, 17, 4, 20, 20, 17, 17, 25, 25, 25, 21, 27, 25, 29, 27, 29, 32, 29, 4]
[4, 1, 4, 0, 4, 5, 4]
[4, 3, 4, 0, 4, 8, 8, 5, 8, 12, 12, 9, 4]
[0, 1, 2, 3, 1, 9, 9, 9, 5, 9, 13, 13, 9, 15, 13, 15, 19, 19, 15, 19, 20, 21, 21, 1]
[10, 1, 10, 3, 6, 3, 3, 9, 3, 14, 10, 13, 11, 0, 14, 15, 14, 20, 20, 17, 14]
[4, 4, 4, 0, 7, 7, 4, 4, 4, 4, 4, 13, 4, 17, 17, 15, 13, 17, 20, 22, 22, 18, 4]
[2, 0, 2, 5, 3, 5, 2]
[2, 4, 4, 0, 4, 4, 8, 10, 10, 4, 10, 4]
[0, 4, 2, 1, 1, 5, 8, 6, 8, 12, 12, 9, 12, 13, 14, 18, 18, 15, 20, 18, 22, 20, 1]
[2, 11, 6, 6, 6, 2, 9, 9, 6, 11, 0, 13, 11, 13, 17, 17, 11, 11]
[2, 5, 5, 5, 0, 5, 9, 9, 6, 9, 12, 10, 9, 15, 13, 15, 5]
[0, 1, 1, 1, 6, 1, 1]
[5, 5, 5, 5, 0, 5, 8, 6, 11, 11, 8, 11, 15, 15, 12, 15, 18, 16, 5]
[9, 3, 1, 5, 3, 9, 8, 9, 0, 14, 14, 14, 14, 9, 18, 18, 18, 14, 9]
[4, 3, 4, 18, 4, 8, 8, 5, 8, 8, 8, 4, 4, 13, 14, 18, 18, 0, 18, 21, 19, 21, 21, 25, 21, 18]
[6, 6, 4, 6, 6, 0, 8, 6, 10, 8, 10, 15, 15, 15, 11, 6]
[4, 4, 4, 0, 4, 7, 5, 10, 10, 7, 13, 13, 10, 13, 16, 14, 18, 14, 20, 18, 4]
[4, 4, 4, 0, 10, 5, 8, 10, 10, 4, 4, 13, 15, 15, 4, 15, 18, 20, 18, 16, 20, 23, 21, 20, 24, 25, 25, 4]
[2, 8, 4, 2, 7, 7, 4, 0, 12, 12, 12, 8, 8, 17, 16, 17, 13, 17, 22, 21, 22, 18, 25, 25, 22, 25, 25, 29, 25, 29, 30, 8]
[2, 0, 2, 2, 7, 7, 2, 9, 7, 11, 9, 9, 14, 12, 9, 9, 22, 19, 22, 19, 19, 16, 2]
[2, 11, 2, 5, 3, 5, 8, 6, 11, 11, 0, 13, 11, 11]
[3, 3, 0, 5, 3, 3, 8, 6, 3, 3, 12, 3, 15, 15, 12, 15, 19, 19, 16, 19, 22, 19, 24, 22, 24, 3]
[5, 5, 5, 5, 0, 8, 8, 5, 5, 15, 10, 15, 15, 15, 9, 15, 20, 20, 20, 15, 23, 23, 20, 15, 15, 25, 5]
[2, 0, 2, 22, 22, 7, 5, 7, 10, 7, 7, 14, 14, 7, 7, 17, 7, 7, 20, 7, 22, 2, 22, 25, 22, 25, 29, 29, 26, 25, 25, 31, 31, 31, 31, 31, 38, 31, 2]
[0, 1, 2, 2, 4, 5, 6, 10, 10, 7, 12, 14, 14, 10, 14, 1]
[5, 5, 5, 5, 0, 5]
[3, 3, 0, 3, 8, 5, 8, 4, 3]
[3, 3, 0, 3, 7, 7, 4, 3]
[2, 3, 0, 3, 6, 4, 3]
[2, 4, 4, 0, 4, 4, 4]
[0, 6, 6, 6, 6, 1, 1]
[2, 0, 2, 5, 2, 7, 5, 7, 10, 7, 7, 7, 12, 12, 12, 15, 12, 17, 2]
[2, 7, 2, 6, 6, 3, 0, 7, 12, 11, 12, 8, 12, 15, 13, 15, 7]
[2, 11, 2, 5, 2, 11, 11, 11, 11, 11, 0, 13, 11, 15, 13, 18, 18, 15, 15, 21, 23, 21, 19, 11]
[2, 7, 2, 3, 3, 3, 0, 9, 7, 9, 13, 13, 9, 16, 16, 13, 16, 19, 17, 13, 13, 21, 24, 21, 26, 24, 21, 32, 32, 32, 32, 21, 7]
[4, 1, 4, 6, 6, 0, 9, 9, 6, 15, 15, 15, 15, 15, 9, 17, 9, 17]
[2, 5, 5, 5, 0, 7, 5, 5, 5, 5, 10, 11, 5, 5, 20, 20, 20, 20, 20, 5, 22, 20, 22, 23, 5]
[2, 0, 4, 2, 4, 5, 2, 9, 7, 2, 12, 2, 14, 12, 16, 18, 18, 14, 18, 18, 20, 21, 2]
[2, 0, 5, 5, 2, 19, 8, 19, 8, 14, 14, 14, 14, 8, 8, 19, 19, 19, 5, 22, 22, 19]
[2, 0, 2, 6, 6, 3, 2, 2, 8, 9, 10, 11, 14, 12, 11, 18, 18, 11, 11, 11, 11, 2]
[3, 3, 0, 3, 7, 7, 4, 3, 10, 8, 13, 13, 10, 16, 16, 13, 13, 19, 20, 13, 22, 20, 22, 23, 24, 25, 29, 29, 26, 3]
[30, 1, 6, 6, 6, 2, 6, 14, 14, 14, 14, 11, 11, 7, 19, 19, 18, 19, 14, 21, 19, 30, 24, 30, 30, 28, 28, 30, 30, 0, 32, 30, 32, 36, 36, 33, 32, 39, 37, 30]
[5, 5, 5, 5, 0, 5, 9, 9, 6, 11, 9, 13, 11, 5, 5, 19, 19, 19, 5, 19, 19, 19, 5]
[2, 3, 0, 3, 3, 5, 6, 6]
[4, 4, 4, 6, 4, 8, 8, 0, 8, 11, 9, 11, 14, 12, 14, 15, 19, 19, 16, 21, 19, 21, 25, 25, 21, 25, 26, 25, 30, 28, 33, 33, 30, 8]
[2, 9, 2, 5, 3, 9, 9, 9, 0, 14, 14, 14, 14, 9, 17, 17, 19, 19, 14, 19, 9]
[2, 13, 2, 2, 2, 2, 2, 2, 11, 11, 8, 2, 0, 13, 16, 14, 16, 19, 17, 19, 23, 21, 20, 25, 23, 27, 25, 29, 27, 29, 32, 30, 27, 33, 36, 34, 34, 40, 40, 37, 13]
[4, 3, 4, 11, 6, 8, 8, 4, 11, 11, 0, 13, 14, 11, 16, 14, 14, 14, 14, 21, 19, 11]
[0, 5, 5, 5, 1, 1]
[2, 0, 2, 3, 6, 3, 3, 11, 11, 11, 3, 2, 16, 15, 16, 12, 2]
[2, 6, 2, 6, 6, 9, 9, 9, 0, 9, 9, 15, 15, 15, 9, 15, 18, 15, 18, 19, 20, 9]
[2, 18, 4, 2, 4, 7, 5, 18, 17, 17, 10, 13, 10, 10, 16, 10, 18, 0, 18, 19, 20, 20, 18]
[2, 0, 5, 5, 2, 10, 10, 10, 10, 5, 10, 15, 15, 15, 11, 2]
[6, 6, 4, 6, 6, 0, 6]
[2, 0, 2, 5, 2, 9, 8, 9, 5, 12, 12, 9, 9, 16, 16, 13, 16, 19, 17, 19, 22, 20, 2]
[3, 3, 8, 5, 3, 8, 8, 0, 10, 8, 8, 8]
[11, 5, 5, 5, 1, 11, 11, 9, 11, 11, 0, 11]
