[6, 6, 6, 5, 6, 0, 6, 9, 7, 6]
[2, 0, 5, 5, 2, 5, 9, 9, 5, 12, 12, 5, 15, 15, 12, 2]
[3, 3, 0, 3, 3, 9, 9, 9, 11, 11, 3, 11, 14, 12, 11, 17, 19, 19, 11, 19, 22, 20, 3]
[8, 8, 2, 2, 2, 2, 8, 0, 8]
[4, 3, 4, 0, 4, 7, 5, 4]
[2, 0, 4, 2, 4, 5, 6, 6, 2, 12, 12, 9, 2, 2, 18, 18, 18, 2, 22, 22, 22, 18, 22, 22, 29, 29, 29, 29, 24, 29, 29, 2]
[5, 5, 5, 5, 0, 5, 14, 14, 14, 14, 14, 13, 14, 5, 5]
[3, 3, 5, 5, 0, 7, 5, 5, 10, 8, 12, 5, 12, 12, 12, 17, 22, 19, 17, 19, 22, 12, 25, 25, 22, 25, 29, 29, 26, 29, 30, 5]
[2, 26, 12, 7, 7, 7, 12, 7, 7, 11, 9, 2, 12, 16, 16, 13, 16, 17, 18, 23, 20, 23, 19, 26, 26, 0, 26, 26, 30, 28, 30, 31, 26]
[2, 3, 0, 6, 6, 3, 3, 3, 8, 8, 13, 13, 10, 13, 14, 3, 3, 19, 3, 19, 24, 24, 22, 19, 3]
[3, 3, 9, 3, 4, 5, 9, 9, 0, 9, 12, 9, 12, 26, 18, 18, 18, 14, 18, 19, 26, 23, 26, 26, 26, 9, 9]
[2, 0, 2, 5, 3, 9, 8, 9, 5, 9, 15, 15, 15, 15, 10, 15, 19, 19, 15, 22, 22, 23, 19, 23, 26, 24, 26, 29, 26, 2]
[9, 9, 2, 2, 2, 2, 2, 2, 0, 9, 12, 10, 9]
[2, 4, 4, 0, 6, 7, 4, 7, 4, 4, 10, 10, 10, 15, 10, 4]
[13, 7, 7, 7, 7, 7, 1, 13, 11, 11, 13, 13, 0, 13, 16, 14, 16, 19, 16, 23, 23, 23, 24, 19, 24, 24, 24, 13]
[3, 3, 0, 6, 6, 3, 6, 9, 7, 9, 10, 3]
[2, 0, 2, 2, 2, 2, 14, 7, 8, 14, 12, 14, 14, 2, 14, 18, 18, 15, 18, 19, 22, 24, 22, 18, 2]
[4, 1, 4, 0, 4]
[0, 1, 2, 2, 2, 2, 2, 1, 8, 11, 9, 1, 1, 15, 1, 15, 16, 23, 23, 23, 23, 23, 16, 23, 27, 27, 24, 1]
[4, 4, 4, 0, 4, 5, 6, 6, 10, 4, 13, 13, 15, 15, 10, 17, 15, 15, 18, 4]
[3, 3, 6, 6, 6, 0, 9, 9, 6, 6]
[0, 1, 5, 5, 2, 5, 6, 1]
[2, 0, 4, 2, 7, 7, 4, 4, 2, 2, 15, 15, 15, 15, 2, 17, 15, 20, 20, 17, 20, 2]
[0, 1, 5, 5, 2, 5, 9, 9, 6, 9, 12, 14, 14, 9, 18, 18, 18, 14, 1]
[3, 1, 6, 6, 6, 0, 6, 9, 7, 16, 13, 13, 16, 16, 16, 6, 16, 20, 20, 17, 16, 6, 27, 27, 27, 27, 6, 27, 30, 27, 6]
[2, 3, 0, 7, 7, 7, 3, 3, 13, 13, 13, 13, 8, 3, 3, 17, 3, 21, 20, 21, 17, 21, 21, 23, 26, 24, 21, 29, 21, 21, 21, 34, 34, 31, 34, 37, 35, 3]
[2, 3, 0, 3, 7, 7, 4, 10, 10, 7, 10, 14, 14, 11, 3]
[2, 4, 4, 0, 10, 10, 10, 10, 10, 4, 10, 13, 4, 13, 16, 14, 4, 17, 4]
[3, 3, 5, 5, 0, 5, 8, 6, 5]
[4, 3, 4, 10, 4, 7, 8, 5, 10, 0, 12, 10, 15, 15, 12, 15, 16, 17, 12, 19, 20, 23, 21, 23, 24, 25, 25, 10]
[2, 4, 4, 0, 4, 5, 5, 4, 10, 8, 4]
[2, 17, 5, 5, 2, 7, 5, 9, 7, 14, 14, 14, 14, 9, 17, 17, 0, 20, 20, 17, 23, 23, 20, 23, 23, 17]
[2, 8, 2, 6, 6, 3, 8, 0, 8, 8, 12, 10, 12, 15, 13, 8]
[2, 0, 7, 7, 7, 7, 2, 9, 7, 11, 7, 11, 14, 12, 14, 17, 14, 2]
[3, 3, 7, 7, 7, 7, 0, 9, 7, 9, 16, 16, 14, 16, 14, 9, 16, 19, 17, 7]
[2, 6, 6, 6, 6, 0, 6, 9, 7, 9, 10, 13, 9, 13, 6, 17, 6, 17, 21, 21, 18, 24, 24, 21, 21, 21, 28, 26, 28, 31, 29, 6]
[6, 1, 1, 1, 1, 0, 6, 6, 6, 6, 6, 14, 14, 6, 14, 14, 16, 14, 20, 14, 25, 23, 25, 25, 20, 28, 28, 25, 6]
[28, 3, 1, 3, 6, 3, 3, 7, 11, 11, 8, 11, 14, 11, 11, 17, 23, 21, 20, 21, 23, 23, 8, 25, 23, 28, 28, 0, 34, 31, 34, 34, 34, 28, 37, 37, 34, 28]
[14, 3, 14, 3, 3, 7, 3, 9, 7, 12, 12, 9, 14, 0, 14, 14, 18, 16, 14, 14]
[6, 3, 6, 6, 6, 0, 8, 6, 8, 9, 12, 10, 12, 13, 8, 8, 20, 17, 20, 16, 6]
[4, 4, 4, 7, 4, 7, 9, 9, 0, 9, 12, 9, 9, 9, 16, 18, 18, 9, 18, 21, 18, 21, 24, 22, 9]
[4, 4, 4, 19, 6, 4, 10, 9, 10, 6, 10, 13, 10, 19, 19, 19, 18, 19, 0, 19, 23, 23, 20, 19]
[4, 4, 4, 0, 4, 7, 4, 4, 10, 4, 4, 13, 4, 4]
[9, 4, 4, 1, 9, 7, 9, 9, 0, 9, 12, 13, 9, 9]
[2, 18, 4, 2, 4, 7, 5, 5, 11, 11, 8, 11, 11, 11, 16, 11, 11, 0, 18, 18, 26, 26, 26, 26, 26, 20, 18, 29, 33, 29, 33, 33, 27, 33, 33, 37, 33, 37, 40, 38, 18, 18]
[2, 9, 2, 5, 3, 9, 9, 9, 0, 9, 9, 13, 11, 13, 16, 14, 9, 9, 20, 9, 20, 24, 24, 20, 20, 27, 25, 9]
[3, 3, 13, 5, 7, 7, 3, 7, 8, 9, 13, 13, 0, 13, 13]
[5, 5, 4, 5, 0, 5, 8, 6, 5, 5, 10, 13, 10, 13, 16, 14, 16, 16, 16, 16, 16, 16, 25, 25, 16, 5, 5, 35, 35, 32, 32, 35, 34, 35, 5, 38, 36, 35, 35, 41, 39, 41, 42, 5]
[6, 3, 6, 3, 6, 13, 6, 7, 10, 7, 7, 13, 0, 13, 13, 15, 16, 17, 18, 19, 22, 20, 22, 25, 23, 25, 29, 29, 25, 13]
[2, 5, 5, 5, 0, 5, 9, 9, 6, 9, 10, 15, 12, 12, 16, 11, 18, 19, 16, 5]
[8, 5, 5, 5, 8, 8, 8, 18, 10, 8, 10, 13, 11, 18, 18, 18, 18, 0, 20, 21, 18, 24, 24, 21, 24, 24, 26, 29, 31, 29, 27, 34, 34, 31, 18]
[4, 4, 4, 15, 4, 8, 8, 10, 8, 5, 15, 13, 15, 15, 0, 15, 19, 19, 15, 15]
[2, 0, 2, 5, 2, 5, 6, 7, 2]
[4, 4, 4, 0, 4, 9, 9, 9, 4, 4, 12, 15, 15, 15, 4, 15, 18, 15, 4]
[3, 3, 0, 5, 3, 11, 11, 11, 11, 11, 5, 11, 14, 12, 11, 18, 18, 11, 18, 22, 22, 19, 3]
[0, 1, 1, 6, 6, 1, 12, 7, 12, 12, 12, 6, 15, 15, 12, 15, 15, 20, 20, 17, 1]
[2, 3, 0, 3]
[2, 3, 0, 3]
[3, 3, 0, 3, 7, 7, 4, 3]
[5, 5, 5, 5, 0, 5]
[3, 3, 0, 3, 4, 7, 5, 5, 10, 8, 5, 14, 14, 11, 3]
[3, 3, 4, 0, 7, 7, 4, 7, 11, 11, 8, 4, 18, 16, 16, 18, 18, 4, 18, 25, 23, 23, 25, 25, 18, 25, 18, 32, 32, 32, 32, 18, 32, 33, 32, 4]
[3, 3, 0, 10, 10, 7, 10, 10, 10, 3, 10, 11, 12, 10, 14, 15, 16, 3]
[2, 0, 2, 5, 2, 11, 11, 11, 11, 11, 5, 5, 2, 15, 13, 2, 2, 2, 18, 21, 19, 19, 2]
[5, 5, 4, 5, 0, 5, 8, 6, 8, 8, 10, 8, 15, 15, 8, 15, 16, 19, 17, 19, 20, 5]
[3, 3, 0, 3, 6, 4, 3]
[6, 4, 2, 6, 6, 0, 8, 6, 6, 6, 10, 13, 11, 13, 14, 6]
[2, 12, 2, 5, 2, 5, 5, 2, 12, 12, 12, 0, 12, 16, 16, 13, 12, 12, 20, 12, 23, 23, 20, 34, 34, 27, 34, 27, 34, 32, 32, 34, 32, 23, 12]
[2, 0, 2, 3, 2]
[5, 5, 5, 5, 8, 8, 8, 0, 8, 8, 8, 13, 8, 13, 13, 8]
[3, 3, 4, 0, 6, 4, 4, 4, 11, 11, 17, 11, 14, 12, 17, 17, 4, 17, 18, 4]
[3, 3, 0, 11, 11, 5, 6, 6, 11, 11, 3, 11, 15, 15, 11, 17, 15, 3, 3, 21, 24, 24, 24, 3, 24, 25, 3]
[4, 3, 4, 5, 0, 5, 8, 5, 5, 5, 10, 10, 12, 13, 16, 13, 18, 16, 18, 21, 19, 5]
[14, 1, 1, 1, 1, 1, 1, 7, 8, 9, 9, 14, 14, 0, 14, 14, 18, 16, 18, 22, 22, 19, 22, 22, 14]
[0, 3, 1, 1, 1, 7, 1, 9, 7, 9, 12, 10, 1]
[5, 1, 5, 5, 0, 5, 9, 9, 6, 13, 10, 13, 16, 16, 16, 9, 16, 20, 20, 17, 5]
[2, 3, 0, 5, 3, 5, 9, 9, 5, 3, 3, 13, 14, 3, 17, 17, 14, 19, 17, 17, 17, 3]
[2, 25, 4, 2, 4, 4, 10, 10, 10, 6, 10, 11, 10, 13, 17, 17, 14, 17, 22, 22, 22, 18, 10, 25, 0, 27, 25, 27, 30, 28, 30, 31, 25]
[2, 12, 2, 6, 4, 3, 9, 9, 6, 12, 12, 0, 15, 15, 12, 19, 19, 19, 15, 19, 12, 24, 24, 21, 24, 29, 29, 29, 24, 21, 21, 33, 31, 12]
[2, 0, 5, 5, 8, 8, 8, 2, 8, 11, 9, 2]
[2, 0, 2, 2, 4, 2]
[5, 5, 5, 5, 0, 5, 8, 6, 8, 9, 10, 11, 5]
[7, 3, 4, 7, 7, 7, 0, 7, 10, 8, 7]
[3, 3, 4, 0, 4, 9, 9, 9, 5, 4]
[2, 5, 5, 5, 0, 5, 6, 10, 10, 7, 7, 7, 7, 16, 16, 13, 21, 19, 21, 21, 16, 21, 24, 21, 28, 28, 28, 24, 5]
[4, 4, 4, 5, 0, 8, 8, 5, 8, 11, 9, 11, 14, 12, 11, 11, 5]
[6, 6, 6, 6, 6, 0, 11, 9, 11, 11, 6, 13, 11, 11, 11, 18, 18, 11, 20, 18, 20, 23, 21, 31, 31, 25, 26, 31, 31, 31, 18, 31, 31, 35, 33, 6]
[2, 15, 6, 5, 6, 2, 6, 9, 7, 15, 12, 15, 15, 15, 0, 15]
[3, 3, 10, 3, 6, 4, 10, 10, 10, 0, 10, 10, 14, 19, 14, 15, 19, 19, 10, 10]
[5, 1, 2, 5, 0, 5, 5, 7, 8, 5]
[2, 17, 17, 17, 17, 7, 17, 7, 13, 13, 13, 13, 7, 17, 16, 17, 0, 17, 22, 22, 22, 18, 22, 23, 28, 28, 28, 24, 28, 29, 17]
[0, 1, 1, 7, 7, 7, 3, 7, 10, 7, 1]
[4, 4, 4, 0, 6, 4, 4, 7, 4, 27, 27, 27, 16, 16, 16, 27, 18, 16, 27, 27, 26, 26, 26, 26, 26, 27, 4, 4]
[5, 5, 5, 5, 0, 8, 8, 5, 5]
[2, 0, 2, 5, 2, 5, 8, 6, 10, 5, 10, 10, 2]
[6, 6, 6, 6, 6, 0, 10, 9, 10, 6, 12, 10, 12, 13, 16, 13, 16, 16, 21, 21, 18, 21, 24, 22, 6, 6]
[2, 6, 6, 6, 6, 0, 6, 9, 10, 12, 10, 7, 6]
[7, 1, 4, 2, 7, 7, 0, 7, 10, 8, 10, 10, 7, 7, 16, 24, 19, 19, 16, 19, 19, 24, 24, 7, 24, 25, 26, 29, 26, 26, 26, 26, 32, 26, 36, 26, 7]
[2, 10, 2, 6, 6, 2, 6, 7, 2, 0, 10, 13, 10, 13, 14, 17, 15, 10]
[2, 9, 2, 5, 3, 9, 9, 9, 0, 9, 9, 11, 9, 9, 14, 15, 19, 19, 9, 21, 19, 21, 22, 19, 9]
[12, 1, 1, 1, 1, 1, 8, 1, 12, 12, 12, 0, 15, 15, 12, 12, 12, 17, 12, 12, 20, 27, 27, 27, 27, 27, 21, 12]
[2, 5, 5, 5, 0, 5, 8, 9, 10, 6, 10, 13, 15, 15, 11, 5]
[2, 4, 4, 0, 7, 5, 8, 4, 4]
[2, 4, 4, 0, 7, 5, 8, 4, 4]
[2, 4, 4, 0, 4, 5, 4, 10, 10, 4, 10, 10, 4]
[0, 1, 1, 7, 6, 7, 3, 1]
[4, 4, 4, 6, 6, 0, 8, 6, 6, 11, 9, 14, 14, 11, 17, 17, 14, 6]
[10, 1, 1, 1, 7, 7, 4, 10, 10, 0, 10, 10, 15, 13, 18, 18, 18, 10, 10, 24, 24, 24, 24, 10, 42, 27, 42, 27, 30, 28, 34, 34, 34, 42, 34, 37, 35, 34, 42, 42, 42, 24, 10]
[2, 0, 2, 6, 6, 2, 6, 7, 6, 11, 6, 13, 11, 15, 13, 15, 18, 15, 13, 19, 2]
[2, 4, 4, 0, 8, 8, 8, 4, 8, 11, 9, 4, 4, 20, 20, 15, 20, 20, 20, 4, 20, 23, 21, 23, 26, 23, 4]
[0, 1, 1, 1, 1, 5, 5, 1]
[3, 3, 0, 6, 6, 8, 8, 3, 10, 15, 15, 14, 14, 15, 8, 3]
[2, 0, 2, 3, 8, 8, 8, 4, 8, 12, 12, 4, 12, 2]
[2, 0, 5, 5, 2, 2]
[0, 4, 4, 1, 4, 8, 8, 4, 4, 11, 9, 11, 14, 12, 1]
[3, 3, 0, 5, 3, 7, 10, 7, 10, 5, 5, 11, 12, 13, 3, 3, 19, 19, 3, 21, 19, 21, 22, 23, 26, 24, 26, 27, 28, 26, 32, 26, 36, 36, 36, 26, 3]
[2, 6, 2, 2, 6, 0, 6, 6, 11, 11, 8, 6, 6, 15, 19, 19, 19, 19, 6, 19, 20, 25, 25, 25, 21, 31, 30, 30, 30, 31, 25, 31, 32, 35, 31, 6]
[2, 0, 2, 3, 6, 8, 8, 2, 8, 13, 13, 13, 9, 13, 16, 13, 2]
[2, 0, 2, 5, 2, 5, 9, 9, 6, 9, 13, 13, 10, 2, 16, 2, 16, 19, 16, 21, 19, 21, 24, 22, 2]
[2, 4, 4, 0, 4, 5, 4, 4, 14, 14, 14, 14, 14, 19, 19, 19, 19, 19, 4, 19, 20, 4]
[0, 1, 2, 5, 3, 12, 8, 12, 8, 11, 8, 5, 12, 12, 14, 15, 19, 19, 5, 21, 19, 19, 26, 25, 26, 19, 26, 29, 27, 1]
[2, 7, 7, 5, 7, 7, 0, 7, 8, 7, 12, 14, 12, 10, 7]
[4, 4, 4, 0, 6, 4, 8, 4, 10, 8, 10, 10, 10, 13, 4]
[2, 3, 0, 7, 6, 7, 3, 7, 10, 8, 3, 3, 17, 17, 17, 17, 3, 17, 20, 17, 23, 23, 17, 25, 23, 3]
[3, 3, 0, 3, 7, 7, 4, 3]
[6, 6, 6, 6, 6, 0, 12, 12, 10, 12, 12, 6, 12, 15, 17, 17, 12, 19, 17, 19, 20, 6]
[4, 4, 4, 0, 4, 5, 6, 4]
[2, 0, 4, 2, 6, 4, 6, 6, 10, 8, 10, 14, 14, 11, 8, 17, 15, 17, 2]
[4, 4, 4, 0, 4, 4]
[4, 4, 4, 0, 9, 5, 8, 9, 4, 11, 9, 11, 15, 15, 11, 9, 20, 19, 20, 16, 4]
[2, 0, 2, 6, 6, 3, 6, 10, 10, 7, 10, 15, 15, 15, 10, 2]
[3, 3, 0, 8, 8, 8, 8, 3, 14, 14, 14, 14, 14, 8, 3]
[2, 7, 7, 7, 7, 7, 0, 7, 10, 8, 7, 13, 7, 15, 13, 20, 20, 20, 20, 13, 20, 21, 22, 20, 24, 7]
[3, 3, 0, 3, 3, 5, 9, 9, 6, 22, 13, 13, 22, 13, 13, 17, 15, 22, 22, 22, 22, 9, 24, 22, 24, 24, 24, 24, 24, 24, 32, 24, 32, 3]
[2, 4, 4, 0, 4, 7, 9, 9, 4, 4, 4]
[5, 5, 4, 5, 0, 10, 10, 10, 10, 5, 12, 10, 14, 12, 17, 17, 14, 5]
[2, 0, 2, 5, 2, 13, 13, 13, 10, 13, 13, 13, 2, 18, 18, 18, 18, 13, 2]
[3, 3, 0, 5, 3, 7, 5, 9, 5, 9, 10, 3]
[0, 1, 1]
[3, 3, 0, 5, 3, 3, 3]
[2, 0, 2, 2, 2, 7, 2, 9, 7, 25, 21, 21, 14, 21, 14, 15, 16, 19, 17, 21, 25, 25, 24, 25, 9, 25, 25, 2]
[3, 3, 0, 5, 3, 15, 8, 15, 8, 9, 10, 10, 10, 15, 5, 18, 18, 15, 18, 19, 3, 3, 24, 27, 27, 27, 3, 31, 30, 31, 27, 34, 34, 31, 3]
[3, 3, 0, 3, 3, 7, 3, 7, 10, 8, 13, 13, 7, 21, 21, 21, 16, 19, 17, 21, 13, 21, 22, 3]
[2, 0, 2, 2, 6, 4, 6, 14, 11, 11, 14, 11, 12, 7, 14, 15, 2]
[2, 0, 2, 5, 3, 2]
[4, 4, 4, 13, 4, 7, 5, 13, 13, 13, 13, 13, 0, 13, 21, 17, 21, 21, 21, 21, 14, 21, 21, 23, 26, 23, 13]
[14, 5, 5, 5, 1, 5, 9, 9, 5, 9, 14, 13, 14, 0, 14, 17, 15, 17, 18, 19, 19, 19, 25, 25, 19, 14]
[2, 4, 4, 0, 6, 8, 6, 4, 4, 4, 12, 14, 14, 4, 14, 4]
[6, 3, 6, 6, 6, 0, 6, 12, 10, 12, 12, 7, 6]
[11, 4, 4, 1, 4, 7, 4, 11, 10, 11, 0, 11, 14, 12, 14, 18, 18, 15, 18, 18, 23, 23, 18, 11]
[4, 4, 4, 0, 6, 4, 6, 10, 10, 7, 10, 14, 14, 11, 14, 17, 15, 14, 21, 21, 14, 24, 24, 21, 4, 4, 32, 32, 32, 32, 32, 4, 4]
[2, 0, 2, 6, 6, 3, 2]
[8, 1, 4, 2, 8, 7, 8, 0, 11, 11, 8, 11, 12, 15, 17, 15, 13, 17, 18, 13, 24, 21, 24, 20, 8]
[2, 19, 2, 6, 6, 3, 6, 10, 10, 13, 10, 13, 6, 19, 17, 17, 19, 19, 0, 21, 19, 19, 24, 22, 19, 29, 29, 29, 25, 19]
[3, 1, 0, 6, 6, 3, 6, 7, 3, 3, 15, 15, 15, 15, 10, 3]
[8, 4, 4, 1, 4, 5, 8, 0, 8, 11, 9, 8]
[5, 5, 5, 5, 7, 7, 0, 9, 7, 7, 7, 15, 15, 15, 16, 7, 16, 19, 16, 19, 24, 24, 24, 20, 16, 16, 28, 31, 28, 31, 32, 16, 34, 32, 34, 38, 38, 35, 7]
[2, 4, 4, 0, 4, 7, 5, 4, 4, 9, 12, 10, 4, 4, 4, 17, 15, 17, 21, 21, 18, 17, 24, 17, 24, 27, 24, 29, 27, 29, 32, 30, 24, 35, 24, 37, 35, 39, 37, 43, 43, 43, 39, 43, 4]
[3, 3, 0, 5, 3, 3, 9, 9, 6, 3]
[10, 1, 1, 1, 1, 10, 10, 10, 10, 0, 14, 11, 14, 10, 14, 18, 18, 15, 18, 23, 22, 23, 19, 25, 23, 27, 25, 27, 31, 31, 28, 31, 34, 31, 10]
[7, 3, 1, 3, 6, 4, 0, 7, 7, 12, 12, 9, 7, 16, 16, 7, 16, 19, 17, 7]
[2, 5, 5, 5, 18, 5, 9, 9, 6, 9, 12, 17, 12, 12, 12, 12, 10, 0, 20, 18, 18, 23, 27, 23, 23, 27, 21, 27, 18]
[2, 0, 4, 7, 7, 7, 2, 7, 7, 12, 12, 9, 12, 15, 16, 12, 2, 2, 20, 2, 20, 25, 25, 25, 20, 25, 28, 26, 28, 31, 28, 31, 34, 32, 2]
[0, 1, 4, 2, 1, 8, 8, 5, 8, 11, 9, 1]
[3, 3, 8, 8, 8, 8, 6, 0, 8, 12, 12, 8, 12, 15, 12, 15, 16, 12, 12, 12, 20, 21, 12, 12, 37, 30, 30, 30, 30, 25, 30, 33, 35, 33, 31, 30, 24, 37, 40, 38, 42, 40, 42, 46, 46, 43, 8]
[3, 1, 8, 3, 4, 8, 8, 0, 8, 13, 13, 13, 8, 13, 8, 8, 20, 20, 20, 8, 26, 26, 26, 26, 26, 20, 26, 27, 26, 31, 29, 33, 26, 33, 8]
[6, 1, 1, 1, 1, 0, 6]
[4, 3, 4, 8, 4, 7, 5, 0, 13, 13, 13, 13, 8, 13, 13, 15, 8]
[7, 7, 7, 7, 7, 7, 0, 11, 11, 11, 7, 13, 11, 16, 16, 13, 13, 17, 13, 7]
[4, 4, 4, 0, 4, 7, 4, 7, 8, 8, 8, 11, 4]
[2, 0, 2, 2]
[20, 1, 1, 3, 1, 1, 10, 10, 10, 1, 10, 13, 11, 20, 18, 17, 18, 20, 20, 0, 22, 20, 22, 23, 23, 20]
[2, 0, 4, 2, 2, 2, 14, 14, 10, 14, 14, 14, 14, 2, 16, 14, 16, 19, 17, 19, 22, 20, 22, 23, 2]
[4, 3, 4, 0, 8, 8, 8, 4, 8, 11, 9, 8, 12, 8, 16, 8, 21, 19, 21, 21, 16, 21, 24, 22, 4]
[8, 1, 4, 2, 8, 8, 8, 0, 19, 19, 13, 13, 14, 10, 19, 19, 19, 19, 8, 8]
[7, 3, 1, 7, 7, 5, 0, 7, 7, 12, 12, 9, 12, 13, 16, 14, 19, 19, 16, 12, 22, 12, 24, 22, 22, 27, 28, 22, 30, 28, 30, 30, 7]
[2, 0, 2, 5, 3, 5, 10, 10, 10, 6, 2]
[2, 0, 4, 5, 2, 5, 2, 2, 10, 2, 12, 10, 2, 16, 16, 2, 16, 19, 17, 19, 22, 20, 2, 25, 26, 2, 26, 26, 30, 28, 2]
[0, 1, 4, 2, 4, 5, 6, 6, 8, 11, 9, 15, 15, 15, 8, 15, 19, 19, 16, 1]
[2, 4, 4, 0, 6, 4, 9, 9, 6, 11, 9, 4]
[14, 6, 6, 3, 3, 1, 14, 9, 14, 14, 14, 14, 14, 0, 14, 18, 18, 15, 18, 21, 19, 23, 21, 14]
[7, 7, 7, 3, 7, 7, 0, 7, 8, 7, 7, 16, 16, 16, 16, 7, 16, 17, 7]
[7, 3, 7, 3, 3, 7, 0, 7]
[6, 3, 6, 3, 3, 0, 6]
[3, 3, 14, 6, 6, 3, 8, 6, 8, 11, 9, 14, 14, 0, 14, 18, 18, 15, 18, 22, 22, 18, 26, 26, 26, 22, 14]
[6, 6, 6, 6, 6, 0, 8, 6, 8, 8, 8, 8, 6]
[2, 0, 4, 2, 4, 8, 8, 5, 13, 11, 13, 13, 2, 13, 2]
[5, 5, 5, 5, 0, 5, 8, 6, 8, 12, 12, 8, 5]
[2, 10, 2, 2, 4, 8, 8, 5, 2, 0, 12, 10, 12, 16, 16, 13, 19, 19, 16, 19, 22, 20, 10, 10, 26, 28, 28, 24, 28, 31, 29, 10]
[2, 5, 5, 5, 0, 5, 5, 9, 10, 5, 14, 13, 14, 10, 5]
[2, 0, 2, 5, 3, 5, 9, 9, 6, 5, 14, 14, 14, 5, 5, 2, 21, 17, 20, 18, 2, 21, 21, 21, 26, 24, 26, 29, 27, 2]
[2, 4, 4, 0, 4, 9, 8, 9, 5, 4, 4, 14, 14, 16, 16, 4, 16, 19, 17, 19, 19, 16, 26, 25, 26, 16, 26, 27, 32, 32, 32, 28, 4]
[20, 1, 2, 3, 6, 4, 9, 9, 6, 9, 10, 14, 12, 11, 20, 17, 20, 20, 20, 0, 24, 24, 24, 20, 24, 27, 25, 20]
[4, 3, 4, 0, 7, 5, 4, 7, 8, 4, 13, 13, 4, 15, 19, 15, 18, 16, 13, 4]
[5, 1, 5, 5, 0, 5, 9, 9, 6, 5]
[13, 3, 1, 5, 3, 9, 9, 9, 5, 13, 13, 13, 0, 13, 14, 15, 16, 13]
[4, 1, 1, 0, 4, 11, 8, 11, 11, 11, 5, 11, 12, 4]
[2, 3, 0, 3, 7, 7, 4, 7, 10, 8, 13, 13, 10, 17, 17, 17, 13, 20, 20, 17, 20, 3]
[3, 3, 0, 5, 7, 5, 3, 7, 7, 9, 10, 3]
[4, 3, 4, 0, 4, 4, 8, 11, 8, 11, 6, 14, 14, 4, 17, 17, 14, 17, 20, 18, 20, 18, 22, 25, 23, 25, 26, 4]
[3, 3, 0, 3, 6, 4, 3, 3, 10, 20, 10, 13, 11, 17, 17, 17, 10, 17, 20, 3, 20, 3]
[2, 0, 4, 2, 4, 4, 2, 2, 13, 13, 13, 13, 2, 13, 13, 18, 18, 13, 13, 13, 24, 24, 24, 20, 24, 28, 28, 25, 28, 29, 30, 34, 34, 31, 2]
[17, 4, 4, 1, 4, 7, 4, 10, 10, 7, 10, 15, 15, 15, 10, 4, 0, 21, 21, 21, 23, 23, 17, 23, 26, 24, 28, 29, 32, 32, 32, 26, 36, 36, 36, 32, 36, 36, 40, 36, 40, 32, 44, 42, 17]
[2, 0, 2, 6, 6, 2, 2, 9, 7, 9, 12, 10, 2]
[5, 5, 2, 2, 0, 5, 8, 6, 5]
[3, 3, 0, 20, 20, 5, 8, 5, 11, 9, 8, 13, 11, 13, 18, 18, 18, 11, 5, 3, 24, 24, 24, 20, 24, 27, 25, 27, 27, 3]
[2, 0, 4, 2, 2, 2, 8, 2, 12, 12, 12, 8, 12, 12, 19, 19, 19, 19, 12, 22, 22, 23, 19, 2]
[3, 3, 0, 5, 3, 8, 8, 5, 8, 3]
[2, 0, 2, 5, 3]
[13, 3, 1, 3, 6, 4, 6, 7, 8, 8, 13, 13, 0, 15, 13, 15, 16, 13]
[6, 6, 2, 2, 6, 0, 10, 10, 10, 6, 12, 10, 15, 15, 12, 12, 12, 12, 20, 18, 20, 20, 22, 26, 26, 23, 6]
[4, 1, 1, 0, 7, 7, 4, 4, 10, 4, 10, 11, 4]
[9, 4, 2, 1, 9, 8, 8, 9, 0, 12, 12, 9, 9, 9, 9, 15, 18, 15, 15, 15, 23, 23, 20, 23, 24, 9]
[4, 3, 4, 22, 6, 4, 6, 6, 6, 9, 6, 6, 6, 13, 22, 22, 22, 19, 22, 22, 22, 0, 22, 22, 30, 28, 28, 30, 30, 24, 32, 30, 32, 33, 36, 34, 22]
[4, 4, 4, 5, 0, 9, 9, 9, 5, 5, 5, 11, 5, 5, 20, 20, 20, 19, 20, 5, 5]
[5, 5, 4, 5, 0, 10, 8, 9, 10, 5, 12, 13, 10, 13, 13, 10, 18, 16, 5]
[8, 1, 2, 8, 6, 7, 8, 0, 8, 9, 8]
[2, 10, 2, 5, 3, 5, 8, 5, 10, 0, 10, 11, 11, 15, 13, 15, 18, 16, 18, 18, 18, 21, 10]
[4, 3, 4, 0, 4]
[2, 0, 4, 2, 4, 8, 8, 4, 4, 4, 13, 13, 4, 13, 14, 15, 16, 2]
[2, 3, 0, 3, 3, 3, 6, 10, 10, 7, 3, 3, 16, 13, 14, 3, 16, 19, 16, 3]
[2, 6, 2, 5, 3, 0, 6, 6, 12, 11, 12, 8, 6]
[2, 12, 2, 2, 4, 7, 8, 5, 2, 12, 12, 0, 12, 13, 12]
[18, 1, 1, 5, 3, 18, 18, 18, 11, 11, 8, 11, 12, 15, 11, 18, 18, 0, 18]
[2, 0, 2]
[4, 4, 4, 0, 6, 4, 4, 12, 12, 11, 12, 4, 14, 16, 16, 12, 18, 16, 18, 21, 18, 4]
[3, 3, 8, 8, 8, 8, 8, 0, 8, 9, 10, 13, 17, 13, 13, 17, 11, 8]
[22, 5, 5, 5, 1, 7, 5, 22, 22, 9, 10, 9, 17, 15, 17, 17, 9, 9, 22, 22, 22, 0, 22]
[5, 5, 5, 5, 0, 5]
[2, 3, 0, 3, 3]
[2, 8, 2, 2, 6, 2, 2, 0, 10, 8, 8]
[6, 6, 6, 6, 6, 0, 8, 6, 8, 6]
[2, 0, 5, 5, 2, 5, 8, 6, 2, 11, 9, 13, 11, 16, 16, 13, 18, 16, 18, 19, 23, 23, 18, 28, 28, 28, 28, 23, 28, 29, 2]
[4, 4, 4, 0, 4, 5, 8, 6, 8, 13, 13, 13, 9, 4]
[2, 3, 0, 5, 3, 3, 3]
[8, 4, 4, 8, 8, 8, 8, 0, 8, 9, 8, 8, 8, 15, 13, 13, 18, 22, 22, 22, 22, 16, 8]
[2, 0, 2, 3, 8, 7, 8, 4, 10, 3, 12, 10, 14, 12, 14, 17, 14, 12, 18, 19, 24, 24, 24, 20, 2]
[2, 3, 0, 14, 14, 8, 8, 5, 14, 11, 14, 14, 14, 3, 3]
[9, 1, 9, 6, 4, 9, 9, 9, 0, 9, 12, 10, 12, 12, 9]
[6, 6, 6, 6, 6, 0, 6, 10, 10, 7, 6]
[6, 3, 6, 6, 6, 0, 6, 6, 10, 13, 13, 13, 6, 6]
[3, 3, 0, 3, 4, 3, 3, 7, 8, 8, 8, 13, 11, 13, 17, 15, 14, 8, 20, 8, 22, 20, 22, 25, 23, 25, 25, 25, 30, 25]
[2, 4, 4, 0, 4, 10, 10, 10, 10, 5, 4, 4, 14, 18, 18, 18, 18, 4, 18, 4]
[4, 4, 4, 0, 7, 7, 4, 9, 10, 7, 7, 13, 11, 7, 20, 18, 18, 20, 20, 7, 23, 23, 20, 4]
[3, 3, 0, 3, 8, 7, 8, 14, 8, 14, 14, 14, 14, 3, 3]
[2, 0, 2, 2, 7, 7, 10, 10, 10, 2, 10, 10, 12, 13, 10, 10, 18, 10, 21, 21, 18, 21, 22, 30, 28, 28, 28, 30, 30, 23, 30, 31, 2]
[17, 4, 4, 1, 4, 5, 6, 6, 6, 17, 13, 13, 17, 17, 17, 17, 0, 17]
[3, 3, 4, 0, 6, 4, 4, 14, 14, 12, 12, 14, 14, 4, 14, 17, 15, 4]
[5, 5, 5, 5, 0, 5, 5, 11, 11, 11, 5, 13, 11, 17, 17, 17, 13, 19, 17, 22, 22, 19, 22, 22, 22, 22, 19, 5]
[3, 3, 6, 6, 6, 0, 6, 9, 6, 12, 12, 9, 12, 12, 6]
[2, 7, 7, 7, 7, 7, 0, 7, 8, 11, 9, 7, 15, 15, 12, 7]
[2, 0, 4, 2, 4, 9, 9, 9, 5, 9, 9, 9, 14, 12, 16, 14, 18, 14, 18, 18, 18, 18, 24, 22, 26, 18, 26, 30, 30, 27, 30, 2]
[5, 5, 5, 5, 0, 7, 5, 9, 7, 11, 7, 13, 11, 15, 13, 15, 18, 16]
[0, 1, 1, 1, 4, 1, 8, 9, 1, 9, 9, 9, 9, 1]
[4, 4, 4, 8, 8, 8, 8, 0, 8, 12, 12, 9, 8, 8, 16, 18, 16, 8, 18, 21, 19, 21, 21, 18, 24, 25, 28, 26, 8]
[0, 1, 5, 5, 6, 2, 6, 11, 11, 11, 7, 1]
[8, 1, 5, 3, 2, 8, 8, 0, 10, 8, 8, 8, 15, 15, 8, 18, 18, 20, 20, 15, 20, 24, 24, 20, 8]
[0, 1, 1, 5, 3, 1, 6, 7, 8, 9, 1]
[4, 1, 2, 0, 4, 4, 4, 18, 18, 12, 12, 18, 12, 15, 13, 18, 18, 4, 18, 22, 22, 19, 22, 26, 26, 22, 26, 29, 31, 29, 27, 4]
[2, 0, 2, 3, 6, 2, 8, 6, 8, 12, 12, 8, 8, 16, 16, 8, 16, 20, 20, 17, 2]
[6, 3, 6, 6, 6, 0, 6, 10, 10, 7, 21, 21, 17, 17, 17, 17, 21, 21, 21, 21, 6, 23, 21, 25, 23, 23, 6, 6]
[4, 1, 4, 0, 4, 8, 8, 5, 4, 4, 10, 13, 11, 15, 13, 15, 15, 17, 18, 19, 20, 20, 4]
[4, 4, 4, 0, 4, 5, 4]
[6, 4, 4, 6, 6, 9, 9, 9, 0, 11, 9, 11, 15, 15, 12, 15, 18, 15, 9, 21, 9, 24, 24, 21, 27, 27, 24, 9]
[5, 5, 2, 2, 0, 5, 8, 6, 8, 9, 10, 11, 10, 10, 18, 18, 18, 10, 5]
[6, 6, 6, 5, 6, 0, 10, 10, 10, 6, 10, 16, 16, 16, 16, 11, 6]
[7, 7, 7, 7, 7, 7, 0, 7, 10, 8, 7]
[17, 4, 4, 9, 4, 4, 4, 4, 1, 9, 12, 9, 17, 16, 16, 17, 0, 19, 17, 19, 22, 20, 22, 26, 26, 22, 17]
[3, 3, 9, 3, 6, 8, 8, 3, 0, 9, 14, 11, 14, 9, 9]
[8, 8, 4, 8, 8, 8, 8, 0, 8, 8, 13, 13, 10, 13, 17, 17, 14, 8]
[0, 4, 4, 1, 4, 8, 8, 5, 1, 1, 13, 13, 19, 16, 16, 13, 19, 19, 1, 23, 23, 23, 19, 1]
[13, 4, 4, 1, 4, 7, 4, 13, 13, 9, 12, 10, 0, 16, 16, 13, 16, 19, 17, 19, 22, 20, 13]
[4, 4, 4, 0, 4, 4, 9, 9, 6, 4, 4, 4, 14, 12, 17, 17, 14, 14, 18, 19, 23, 23, 20, 4]
[0, 1, 1, 1, 1, 1, 1, 1]
[2, 4, 2, 6, 6, 0, 6, 6, 10, 11, 6, 6, 6, 15, 22, 15, 16, 17, 17, 22, 22, 6, 6]
[3, 3, 0, 5, 3, 10, 10, 7, 7, 5, 10, 13, 11, 3]
[5, 5, 5, 5, 0, 5]
[7, 3, 7, 3, 6, 4, 0, 9, 7, 9, 10, 7, 7, 17, 17, 17, 7, 19, 17, 21, 19, 21, 7]
[3, 3, 0, 6, 6, 3, 3]
[8, 3, 8, 3, 6, 3, 8, 17, 17, 11, 17, 11, 12, 17, 17, 17, 0, 17, 18, 17, 17, 23, 17, 27, 27, 27, 23, 27, 31, 31, 28, 31, 17]
[12, 3, 1, 3, 4, 12, 8, 12, 12, 12, 12, 0, 12]
[4, 4, 4, 0, 6, 4, 4, 4, 12, 12, 12, 4, 12, 4]
[5, 5, 5, 5, 0, 7, 5, 9, 7, 11, 9, 5]
[2, 0, 2, 5, 2, 7, 5, 12, 8, 9, 12, 7, 12, 2]
[3, 3, 0, 3, 11, 11, 6, 9, 6, 11, 3, 11, 14, 12, 11, 15, 15, 20, 20, 17, 17, 21, 3]
[5, 5, 2, 2, 0, 5, 6, 5]
[4, 3, 4, 6, 6, 0, 6, 6, 8, 11, 9, 14, 14, 11, 17, 17, 14, 17, 21, 21, 17, 17, 14, 14, 14, 14, 14, 14, 6]
[2, 11, 2, 5, 2, 5, 9, 7, 5, 11, 0, 11]
[2, 0, 2, 5, 3, 5, 8, 5, 5, 11, 5, 2]
[2, 6, 6, 5, 6, 0, 6, 9, 6, 9, 14, 11, 14, 9, 9, 18, 18, 15, 18, 22, 22, 19, 6]
[6, 1, 2, 6, 6, 0, 6, 9, 6, 9, 10, 6, 12, 13, 16, 14, 16, 20, 20, 17, 20, 23, 21, 23, 24, 28, 28, 25, 28, 31, 29, 31, 32, 33, 28, 35, 36, 36, 6]
[4, 4, 4, 0, 7, 7, 4, 7, 10, 7, 7, 13, 7, 13, 16, 18, 16, 14, 13, 22, 22, 19, 13, 27, 27, 27, 13, 4]
[5, 3, 5, 5, 26, 8, 8, 5, 10, 8, 13, 13, 5, 15, 13, 15, 16, 15, 23, 23, 23, 23, 18, 26, 26, 0, 26, 27, 30, 27, 32, 35, 32, 35, 30, 35, 36, 26]
[4, 4, 4, 0, 7, 7, 4, 7, 10, 7, 10, 10, 15, 15, 12, 10, 19, 19, 10, 19, 23, 23, 20, 10, 27, 27, 10, 27, 30, 28, 4]
[3, 3, 9, 6, 6, 3, 8, 6, 0, 12, 12, 9, 14, 12, 14, 15, 14, 19, 14, 19, 22, 19, 24, 19, 9]
[14, 1, 2, 3, 3, 7, 5, 7, 10, 8, 14, 14, 14, 0, 17, 17, 14, 14, 20, 18, 14]
[13, 1, 4, 6, 6, 2, 6, 9, 7, 13, 12, 13, 0, 16, 16, 13, 16, 17, 21, 21, 18, 21, 24, 22, 21, 27, 21, 27, 30, 28, 16, 31, 34, 32, 34, 37, 34, 39, 37, 39, 42, 40, 39, 46, 46, 39, 13]
[2, 4, 2, 6, 6, 0, 6, 9, 15, 9, 12, 10, 15, 15, 6, 15, 18, 15, 18, 22, 22, 19, 6]
[10, 3, 10, 3, 3, 5, 6, 10, 10, 15, 10, 11, 15, 15, 0, 17, 15, 17, 15, 21, 15, 21, 25, 25, 22, 15]
[5, 5, 5, 5, 0, 5]
[2, 6, 2, 5, 3, 0, 8, 10, 10, 6, 10, 14, 14, 11, 6]
[4, 4, 4, 0, 6, 4, 6, 11, 11, 9, 6, 4]
[5, 5, 5, 5, 0, 7, 5, 5, 5, 5]
[2, 0, 6, 5, 6, 2, 2]
[0, 1, 7, 7, 7, 7, 2, 7, 10, 8, 1, 1, 12, 12, 17, 17, 14, 1]
[3, 3, 0, 3, 3, 7, 5, 3, 3, 19, 12, 10, 14, 19, 19, 19, 19, 19, 3, 3]
[7, 1, 2, 5, 3, 7, 0, 10, 10, 12, 12, 7, 7]
[4, 4, 4, 0, 7, 7, 4, 4, 10, 8, 4, 4, 14, 4, 17, 17, 14, 17, 4]
[2, 12, 12, 12, 7, 7, 12, 12, 12, 12, 12, 0, 15, 15, 12, 15, 15, 17, 18, 21, 15, 23, 21, 12, 12, 27, 31, 29, 27, 31, 12, 33, 34, 31, 12]
[0, 1, 4, 2, 4, 7, 5, 11, 11, 11, 7, 13, 11, 13, 17, 17, 14, 13, 13, 19, 22, 20, 22, 25, 23, 20, 28, 26, 13, 13, 30, 31, 34, 32, 1]
[3, 3, 34, 5, 3, 8, 8, 5, 10, 8, 12, 13, 10, 13, 13, 20, 20, 20, 20, 25, 25, 25, 25, 25, 13, 28, 28, 25, 34, 34, 34, 34, 34, 0, 36, 34, 38, 36, 40, 38, 40, 41, 41, 34, 34]
[3, 3, 4, 0, 4, 4, 10, 9, 10, 6, 12, 10, 17, 17, 17, 17, 12, 19, 17, 21, 24, 21, 24, 19, 19, 27, 25, 4, 4]
[4, 3, 4, 0, 7, 7, 4, 4, 4, 4, 12, 19, 19, 19, 14, 14, 19, 19, 4, 19, 19, 23, 21, 4, 4]
[0, 1, 6, 6, 6, 2, 10, 10, 10, 6, 12, 10, 12, 12, 17, 17, 14, 10, 20, 18, 20, 1]
[3, 3, 5, 5, 0, 5, 9, 9, 6, 5]
[10, 10, 2, 2, 7, 7, 2, 10, 10, 0, 12, 10, 15, 15, 12, 12, 19, 19, 16, 10, 10, 23, 25, 23, 29, 29, 29, 29, 10, 31, 29, 33, 31, 10]
[3, 3, 19, 3, 6, 3, 11, 10, 10, 11, 6, 11, 14, 12, 19, 19, 19, 19, 0, 19]
[6, 6, 4, 6, 6, 0, 6, 9, 12, 9, 12, 7, 12, 15, 12, 6]
[2, 11, 2, 3, 2, 5, 9, 9, 6, 11, 0, 11, 11, 16, 16, 19, 16, 19, 13, 11]
[3, 3, 4, 13, 4, 5, 13, 9, 12, 9, 12, 13, 0, 13, 18, 17, 18, 14, 13]
[7, 4, 4, 1, 7, 7, 0, 7, 10, 8, 10, 13, 11, 7]
[4, 4, 4, 0, 17, 17, 6, 9, 6, 9, 13, 13, 10, 6, 17, 17, 4, 17, 4, 21, 4, 23, 21, 23, 24, 21, 21, 27, 27, 32, 32, 29, 4]
[0, 1, 1, 10, 10, 10, 10, 10, 10, 1, 10, 10, 10, 13, 14, 18, 18, 15, 18, 19, 1]
[7, 7, 7, 3, 7, 7, 0, 9, 7, 11, 9, 11, 14, 11, 7]
[6, 6, 4, 6, 6, 0, 6]
[2, 3, 0, 3, 7, 7, 3, 3, 11, 11, 8, 3, 14, 3, 16, 14, 3]
[2, 4, 4, 0, 4]
[8, 4, 4, 8, 8, 8, 8, 17, 8, 9, 10, 17, 17, 17, 17, 17, 0, 17, 18, 19, 22, 20, 22, 23, 27, 27, 24, 27, 19, 31, 19, 31, 35, 35, 32, 17]
[4, 4, 4, 5, 0, 8, 8, 5, 10, 5, 10, 5, 5, 17, 17, 17, 5, 20, 20, 17, 17, 26, 26, 26, 26, 21, 5]
[0, 4, 4, 1, 4, 8, 8, 5, 10, 8, 1, 1, 14, 12, 14, 14, 19, 19, 14, 21, 19, 23, 21, 23, 23, 28, 28, 25, 1]
[5, 5, 5, 5, 17, 8, 8, 5, 8, 8, 13, 11, 8, 17, 17, 17, 0, 19, 25, 25, 25, 25, 25, 25, 17, 17]
[3, 3, 0, 5, 3, 5, 8, 6, 3]
[0, 4, 4, 1, 1, 1, 10, 9, 10, 6, 13, 13, 10, 13, 17, 17, 13, 1]
[3, 3, 8, 3, 7, 7, 3, 0, 8, 9, 12, 9, 8, 13, 14, 14, 8]
[6, 6, 6, 3, 6, 0, 8, 6, 10, 8, 10, 13, 11, 13, 16, 14, 16, 16, 16, 16, 6]
[8, 5, 5, 5, 8, 8, 8, 15, 8, 13, 13, 13, 9, 15, 0, 15, 18, 22, 18, 22, 22, 16, 15]
[3, 1, 0, 5, 3, 5, 9, 9, 6, 9, 10, 5, 5, 18, 18, 17, 18, 13, 18, 19, 25, 25, 25, 25, 18, 25, 26, 3]
[7, 7, 4, 6, 4, 7, 0, 10, 10, 7, 7]
[3, 3, 14, 6, 4, 3, 3, 10, 10, 7, 14, 14, 14, 0, 16, 14, 14, 14, 14, 14, 22, 14, 24, 22, 14]
[2, 4, 4, 0, 4, 4, 13, 7, 10, 8, 13, 13, 4, 4, 4, 19, 19, 19, 4, 26, 26, 26, 24, 26, 26, 19, 30, 29, 30, 26, 32, 30, 4]
[2, 8, 2, 5, 3, 8, 8, 0, 10, 8, 12, 10, 10, 8, 18, 18, 18, 8, 8]
[2, 6, 2, 5, 2, 0, 10, 7, 7, 6, 6, 6, 14, 6, 14, 18, 18, 15, 18, 21, 19, 23, 14, 26, 26, 23, 26, 27, 28, 28, 28, 28, 6]
[3, 1, 6, 6, 6, 0, 6, 6, 8, 9, 10, 11, 11, 6]
[11, 3, 1, 3, 4, 5, 8, 6, 11, 11, 0, 11, 12, 12, 11, 21, 21, 20, 20, 21, 11, 23, 21, 23, 26, 23, 11]
[2, 12, 2, 5, 12, 5, 6, 7, 7, 12, 12, 0, 12, 15, 13]
[2, 5, 5, 5, 0, 5, 12, 9, 11, 9, 12, 5, 14, 12, 14, 15, 16, 17, 16, 21, 19, 21, 26, 23, 26, 22, 5]
[2, 0, 5, 5, 2, 5, 5, 9, 7, 5, 12, 5, 2]
[10, 4, 4, 1, 10, 10, 6, 7, 10, 0, 10, 10]
[3, 3, 5, 5, 0, 7, 5, 5, 8, 5, 5, 22, 14, 22, 14, 15, 14, 21, 21, 21, 14, 5, 22, 27, 27, 27, 23, 22, 22, 32, 32, 36, 36, 36, 36, 22, 36, 36, 40, 38, 36, 44, 44, 41, 5]
[0, 1, 2, 3, 1, 7, 1, 7, 8, 9, 12, 9, 1]
[2, 12, 2, 2, 7, 7, 4, 7, 8, 12, 12, 0, 12, 12, 16, 17, 14, 12]
[2, 8, 8, 8, 8, 8, 8, 0, 11, 11, 8, 15, 15, 15, 11, 8]
[4, 4, 4, 9, 4, 4, 9, 9, 0, 9, 9, 13, 11, 13, 16, 14, 16, 20, 20, 17, 9]
[2, 5, 2, 5, 0, 5, 9, 9, 6, 5]
[2, 3, 0, 3, 4, 3, 11, 9, 11, 11, 19, 13, 11, 19, 19, 19, 19, 19, 3, 21, 19, 24, 24, 19, 26, 19, 36, 31, 31, 31, 36, 33, 31, 36, 36, 26, 36, 36, 40, 38, 3]
[0, 3, 1, 1, 1]
[0, 1, 4, 1, 1, 1, 8, 19, 8, 11, 8, 11, 14, 8, 14, 17, 15, 8, 6, 19, 22, 20]
[4, 4, 4, 0, 6, 4, 16, 12, 12, 12, 12, 14, 12, 16, 16, 4, 16, 16, 16, 21, 16, 27, 27, 27, 27, 25, 4, 4]
[2, 7, 7, 7, 6, 7, 0, 7, 10, 8, 10, 11, 7]
[6, 6, 6, 6, 6, 0, 6, 7, 8, 6, 12, 10, 6]
[2, 0, 6, 6, 6, 2, 2, 9, 22, 22, 12, 22, 17, 17, 14, 14, 12, 22, 22, 22, 22, 2, 22, 25, 22, 25, 2]
[3, 3, 7, 7, 7, 7, 0, 7, 10, 7, 10, 11, 7, 20, 20, 20, 20, 20, 20, 7, 20, 7]
[0, 3, 4, 1, 4, 7, 5, 1]
[3, 1, 17, 3, 9, 9, 9, 9, 3, 9, 12, 13, 10, 3, 17, 17, 0, 17, 17, 19, 27, 24, 24, 27, 27, 27, 20, 27, 36, 29, 29, 29, 29, 29, 29, 28, 17]
[0, 1, 5, 5, 2, 5, 8, 6, 8, 11, 9, 1, 1, 20, 14, 19, 18, 19, 15, 1, 20, 23, 20, 25, 23, 25, 28, 26, 1]
[3, 3, 4, 0, 6, 4, 6, 6, 10, 6, 12, 10, 10, 17, 16, 17, 13, 4]
[2, 7, 2, 2, 7, 7, 0, 10, 10, 7, 7, 7]
[2, 5, 5, 5, 0, 7, 5, 5]
[2, 4, 4, 11, 4, 11, 8, 11, 11, 11, 0, 11]
[3, 3, 0, 3, 6, 4, 3, 10, 10, 3, 12, 10, 15, 15, 12, 15, 18, 22, 18, 21, 22, 16, 3]
[12, 1, 7, 5, 7, 7, 2, 10, 10, 7, 10, 0, 14, 12, 14, 17, 18, 15, 18, 23, 23, 23, 19, 23, 14, 27, 14, 27, 12]
[4, 4, 4, 0, 4, 5, 13, 10, 10, 13, 13, 13, 4, 13, 14, 15, 18, 16, 14, 21, 19, 21, 24, 22, 4]
[0, 3, 1, 3, 1, 7, 1, 7, 10, 7, 13, 13, 10, 15, 13, 15, 22, 22, 22, 22, 22, 13, 22, 28, 28, 28, 28, 23, 1]
[10, 10, 2, 2, 2, 7, 2, 10, 10, 0, 10]
[6, 3, 6, 3, 3, 0, 6, 7, 6, 11, 13, 13, 6, 13, 18, 15, 18, 14, 18, 19, 18, 21, 6]
[2, 6, 6, 5, 6, 0, 6, 6, 8, 11, 9, 15, 15, 15, 6, 19, 18, 19, 15, 15, 25, 25, 25, 25, 15, 6]
[2, 4, 2, 21, 4, 8, 8, 5, 10, 8, 13, 13, 10, 13, 14, 10, 19, 19, 16, 21, 0, 25, 25, 25, 27, 27, 21, 21]
[4, 1, 2, 0, 8, 8, 8, 4, 10, 8, 12, 10, 15, 15, 8, 17, 15, 20, 20, 8, 20, 21, 22, 25, 22, 4]
[9, 3, 9, 3, 6, 3, 9, 9, 0, 9]
[4, 4, 4, 0, 7, 7, 4, 9, 7, 11, 9, 14, 14, 11, 16, 14, 21, 19, 21, 21, 14, 4]
[5, 4, 4, 5, 0, 5, 5, 7, 10, 8, 5]
[13, 1, 2, 6, 4, 3, 13, 13, 8, 9, 13, 13, 0, 13, 13, 20, 16, 17, 20, 13, 20, 20, 13]
[6, 6, 6, 6, 6, 0, 6, 7, 10, 7, 12, 10, 15, 15, 12, 15, 15, 6]
[6, 4, 4, 1, 4, 0, 6]
[2, 6, 2, 5, 6, 0, 6]
[4, 4, 4, 0, 4, 4, 6, 4]
[4, 4, 4, 0, 6, 4, 4, 11, 11, 11, 12, 7, 12, 13, 12, 18, 18, 15, 18, 21, 19, 4]
[2, 6, 6, 6, 6, 0, 6, 11, 8, 8, 7, 6, 12, 13, 17, 17, 14, 6]
[5, 1, 1, 5, 8, 8, 8, 0, 10, 8, 10, 13, 10, 10, 16, 10, 8]
[5, 5, 5, 5, 0, 5, 9, 9, 5, 5]
[5, 5, 5, 5, 0, 5, 11, 11, 11, 11, 5, 5]
[5, 5, 5, 5, 0, 5, 6, 5]
[3, 3, 4, 0, 10, 10, 6, 10, 10, 4, 12, 10, 12, 12, 12, 12, 10, 10, 21, 21, 18, 21, 24, 22, 10, 10, 10, 27, 27, 32, 32, 29, 4]
[3, 3, 0, 3, 6, 4, 6, 7, 10, 7, 10, 13, 11, 13, 16, 14, 3]
[3, 3, 0, 3, 6, 4, 3, 7, 11, 11, 8, 3]
[4, 4, 4, 0, 6, 7, 9, 9, 4, 9, 9, 13, 14, 15, 9, 4]
[2, 17, 2, 10, 4, 4, 4, 9, 10, 3, 12, 3, 12, 17, 17, 17, 0, 17, 17, 17, 20, 24, 22, 21, 24, 29, 26, 29, 24, 17]
[4, 4, 4, 10, 4, 5, 8, 6, 10, 0, 10]
[3, 3, 0, 3, 6, 4, 3, 9, 3, 11, 9, 11, 9, 15, 9, 17, 15, 17, 3]
[2, 3, 0, 6, 6, 3, 3, 9, 7, 9, 12, 9, 3, 15, 16, 3, 18, 16, 18, 18, 22, 18, 3]
[4, 4, 4, 0, 4, 9, 9, 9, 4, 4]
[14, 3, 1, 6, 6, 3, 8, 6, 14, 11, 14, 11, 12, 0, 17, 17, 14, 14, 21, 21, 14, 21, 22, 14]
[3, 3, 0, 3, 4, 5, 6, 6, 12, 12, 12, 6, 3]
[3, 3, 0, 3, 6, 4, 8, 6, 3]
[3, 3, 4, 0, 4, 5, 6, 10, 10, 7, 4]
[3, 3, 0, 5, 3, 9, 9, 9, 5, 11, 9, 3, 14, 3, 14, 14, 14, 20, 20, 14, 14, 14, 3]
[2, 10, 2, 3, 6, 4, 10, 10, 10, 0, 12, 10, 12, 15, 13, 15, 18, 16, 18, 23, 23, 23, 19, 10, 10, 27, 31, 27, 31, 31, 32, 10, 32, 35, 33, 33, 38, 33, 10]
[2, 0, 4, 2]
[24, 1, 2, 5, 3, 5, 9, 9, 6, 9, 12, 10, 9, 9, 17, 17, 9, 17, 20, 18, 24, 23, 24, 0, 26, 24, 24, 27, 28, 31, 29, 34, 34, 31, 31, 35, 43, 41, 41, 41, 43, 43, 36, 24]
[6, 6, 6, 6, 6, 0, 6, 9, 6, 6]
[2, 5, 5, 5, 0, 5, 8, 9, 5, 9, 9, 11, 5]
[2, 0, 2, 2, 2, 9, 9, 9, 2, 2]
[2, 4, 4, 0, 6, 4, 4, 9, 10, 4, 12, 10, 4]
[2, 5, 5, 5, 0, 5, 8, 6, 8, 11, 8, 11, 11, 15, 13, 11, 11, 17, 20, 18, 20, 23, 20, 20, 27, 27, 20, 29, 27, 29, 33, 33, 30, 5]
[2, 3, 0, 6, 6, 3, 3, 10, 10, 3, 10, 14, 14, 11, 14, 14, 18, 16, 14, 22, 22, 14, 22, 26, 26, 23, 3]
[3, 3, 0, 5, 3, 13, 13, 9, 7, 13, 13, 13, 5, 3]
[4, 4, 4, 0, 6, 4, 8, 6, 10, 8, 4]
[3, 3, 6, 3, 4, 0, 13, 9, 13, 9, 12, 10, 6, 13, 17, 17, 14, 6]
[2, 0, 2, 3, 4, 9, 6, 9, 5, 2]
[3, 3, 0, 3, 7, 7, 3, 7, 7, 12, 12, 3, 12, 17, 17, 17, 13, 3]
[3, 3, 13, 3, 8, 8, 8, 4, 13, 13, 10, 13, 0, 16, 16, 13, 16, 13, 13, 23, 23, 23, 13, 23, 26, 24, 13]
[0, 1, 1, 1, 6, 4, 1]
[2, 5, 5, 5, 0, 5, 6, 7, 11, 11, 8, 13, 5, 13, 16, 13, 16, 19, 17, 5]
[5, 1, 2, 3, 0, 7, 5, 7, 10, 8, 5, 16, 16, 16, 16, 5, 16, 17, 20, 18, 20, 20, 24, 20, 26, 24, 5]
[2, 3, 0, 7, 7, 7, 3, 9, 7, 13, 13, 13, 9, 13, 14, 14, 14, 7, 7, 7, 20, 25, 24, 25, 20, 27, 25, 27, 30, 28, 3]
[0, 1, 1, 3, 3, 1, 8, 1, 10, 8, 10, 1, 1, 16, 16, 18, 18, 1, 18, 18, 22, 20, 1]
[8, 1, 4, 2, 4, 7, 5, 0, 10, 8, 22, 13, 22, 13, 14, 22, 22, 22, 18, 18, 18, 8, 8]
[16, 16, 4, 16, 4, 7, 4, 4, 12, 9, 12, 4, 12, 15, 13, 0, 19, 19, 16, 19, 22, 24, 22, 20, 16]
[0, 1, 4, 1, 1]
[6, 6, 4, 6, 6, 23, 6, 6, 10, 8, 18, 14, 14, 18, 18, 18, 18, 10, 20, 18, 23, 23, 0, 25, 23, 23, 28, 26, 26, 26, 32, 30, 23]
[0, 1, 4, 1, 1]
[0, 1, 4, 2, 4, 7, 5, 7, 11, 11, 8, 1]
[2, 0, 2, 5, 2, 2]
[7, 4, 4, 1, 7, 7, 0, 7, 10, 7, 12, 7, 12, 16, 16, 13, 7]
[3, 3, 0, 3, 4, 3, 3, 9, 3, 9, 13, 13, 9, 15, 13, 15, 16, 3]
[3, 3, 0, 3, 7, 7, 4, 16, 16, 9, 12, 10, 12, 13, 16, 3, 16, 19, 20, 17, 3]
[13, 7, 7, 7, 7, 7, 8, 1, 10, 8, 13, 13, 0, 13, 17, 17, 14, 17, 23, 23, 23, 23, 18, 23, 24, 27, 25, 27, 30, 28, 13]
[5, 5, 5, 5, 0, 5, 5, 5]
[0, 4, 4, 1, 4, 7, 4, 9, 4, 12, 12, 9, 1, 15, 1, 17, 15, 17, 18, 18, 24, 24, 24, 18, 26, 27, 24, 1]
[2, 0, 4, 2, 7, 7, 4, 9, 7, 13, 13, 13, 9, 13, 16, 14, 9, 20, 20, 9, 20, 23, 21, 2]
[2, 14, 2, 5, 3, 7, 5, 14, 14, 14, 14, 14, 14, 0, 21, 17, 21, 17, 20, 18, 14, 21, 21, 25, 23, 27, 25, 14]
[2, 4, 4, 0, 4, 4, 8, 6, 4, 11, 14, 14, 14, 4, 4]
[2, 4, 4, 0, 6, 4, 8, 6, 8, 11, 9, 6, 14, 12, 22, 22, 22, 22, 22, 22, 22, 14, 22, 26, 26, 23, 4]
[2, 4, 4, 0, 4]
[2, 0, 2, 2, 4, 5, 8, 6, 14, 12, 12, 14, 12, 8, 14, 17, 15, 17, 18, 17, 20, 24, 24, 21, 2]
[3, 3, 19, 5, 7, 7, 3, 9, 7, 11, 9, 9, 15, 15, 12, 19, 19, 19, 0, 19, 22, 20]
[2, 10, 5, 5, 2, 5, 10, 10, 10, 0, 13, 13, 10, 10]
[5, 5, 2, 2, 20, 5, 8, 6, 8, 11, 8, 8, 14, 8, 14, 15, 16, 16, 20, 0, 20, 20, 25, 25, 22, 20]
[2, 6, 2, 6, 6, 10, 10, 10, 10, 0, 10, 11, 12, 16, 16, 13, 16, 19, 22, 19, 22, 17, 22, 27, 27, 27, 23, 10]
[4, 4, 4, 0, 4, 4, 6, 7, 10, 8, 10, 11, 17, 15, 17, 17, 10, 17, 18, 4]
[8, 3, 8, 8, 8, 8, 8, 0, 8, 12, 12, 8, 12, 8]
[4, 4, 4, 6, 6, 0, 8, 6, 8, 9, 12, 6, 12, 18, 18, 18, 18, 13, 18, 22, 22, 19, 6]
[2, 4, 2, 7, 7, 7, 0, 7, 10, 15, 15, 15, 15, 15, 7, 15, 19, 19, 16, 7]
[5, 3, 5, 5, 0, 5]
[4, 4, 4, 0, 6, 4, 6, 6, 6, 11, 9, 4]
[3, 3, 0, 3, 4, 9, 9, 9, 5, 11, 9, 3]
[2, 0, 2, 2]
[9, 3, 1, 3, 6, 4, 9, 9, 0, 13, 13, 13, 9, 9, 16, 18, 16, 14, 9, 9, 22, 9, 29, 26, 26, 29, 29, 29, 22, 29, 30, 9]
[0, 3, 1, 3, 8, 8, 8, 9, 3, 3, 12, 10, 17, 17, 17, 17, 1, 19, 17, 21, 19, 19, 25, 25, 22, 25, 1]
[2, 4, 4, 0, 7, 7, 4, 4, 10, 11, 4, 11, 14, 16, 16, 12, 18, 16, 4]
[2, 0, 5, 5, 2, 7, 5, 9, 7, 11, 9, 11, 11, 16, 16, 13, 16, 20, 20, 16, 7, 21, 25, 25, 22, 2]
[4, 4, 4, 0, 6, 8, 8, 4, 11, 11, 8, 13, 11, 4]
[2, 8, 2, 3, 4, 8, 8, 0, 8, 9, 12, 10, 12, 15, 20, 15, 20, 17, 17, 13, 8]
[4, 3, 4, 9, 9, 9, 9, 9, 0, 9]
[2, 0, 2, 2, 8, 7, 8, 2, 10, 8, 2]
[0, 1, 1, 1, 6, 4, 8, 6, 8, 8, 8, 8, 6, 15, 13, 15, 18, 16, 18, 21, 18, 18, 24, 18, 24, 27, 25, 1]
[5, 5, 5, 5, 0, 7, 5, 10, 10, 7, 10, 7, 14, 15, 12, 5]
[5, 1, 5, 5, 0, 5, 5, 5, 11, 11, 8, 11, 16, 16, 16, 12, 5]
[3, 3, 4, 0, 4, 8, 8, 4, 4, 11, 9, 11, 14, 11, 4]
[2, 0, 4, 2, 9, 7, 9, 9, 4, 9, 12, 10, 2, 2, 24, 15, 16, 15, 21, 21, 18, 24, 24, 2, 24, 25, 2]
[2, 3, 0, 3, 4, 3, 3, 9, 3, 9, 15, 15, 14, 15, 10, 3]
[6, 1, 6, 6, 6, 0, 8, 6, 6]
[2, 0, 2, 6, 6, 3, 6, 11, 11, 11, 6, 6, 17, 15, 17, 17, 6, 2]
[2, 4, 4, 0, 6, 4, 6, 7, 13, 13, 13, 13, 6, 13, 16, 14, 4]
[2, 0, 2, 5, 2, 7, 5, 12, 12, 12, 12, 7, 12, 16, 16, 13, 2]
[2, 5, 5, 5, 0, 5, 8, 6, 8, 12, 12, 8, 14, 12, 14, 18, 18, 15, 5]
[3, 3, 9, 9, 6, 8, 6, 9, 0, 9, 15, 13, 15, 15, 10, 15, 19, 19, 16, 9]
[4, 4, 4, 0, 9, 7, 9, 9, 4, 9, 12, 10, 12, 15, 13, 17, 20, 17, 20, 21, 15, 21, 21, 21, 21, 27, 29, 27, 21, 4]
[3, 1, 0, 3, 7, 7, 4, 3]
[3, 3, 0, 3, 3, 5, 3, 7, 8, 3]
[6, 6, 4, 6, 6, 11, 11, 11, 11, 11, 0, 11, 16, 16, 16, 12, 16, 20, 20, 17, 16, 21, 11]
[4, 4, 4, 0, 7, 7, 4, 7, 11, 11, 7, 11, 7, 7, 17, 17, 14, 17, 20, 17, 20, 23, 25, 23, 21, 25, 28, 25, 4]
[5, 5, 5, 5, 0, 5, 5, 7, 5]
[3, 3, 0, 6, 6, 3, 8, 17, 8, 16, 16, 16, 16, 16, 16, 9, 6, 6, 20, 18, 6, 27, 25, 25, 27, 27, 21, 27, 30, 28, 3]
[3, 1, 0, 8, 8, 5, 5, 3, 3, 23, 14, 14, 14, 10, 14, 15, 15, 19, 17, 23, 23, 23, 3, 23, 27, 27, 23, 3]
[2, 0, 2, 3, 2, 14, 13, 13, 13, 13, 13, 13, 14, 5, 2]
[2, 0, 5, 5, 2, 5, 8, 13, 8, 13, 13, 13, 6, 2]
[6, 6, 6, 6, 6, 0, 6, 9, 6, 9, 12, 9, 6]
[2, 0, 6, 5, 6, 2, 2, 9, 7, 2, 12, 30, 12, 30, 30, 17, 15, 19, 17, 19, 19, 24, 24, 21, 30, 30, 30, 30, 30, 2, 30, 34, 34, 31, 2]
[0, 1, 5, 5, 2, 7, 5, 7, 7, 7, 12, 10, 7, 20, 20, 20, 20, 20, 20, 7, 22, 20, 1]
[17, 6, 6, 6, 6, 1, 1, 14, 10, 14, 10, 10, 14, 7, 17, 17, 0, 19, 17, 22, 22, 19, 22, 17]
[4, 4, 4, 11, 11, 7, 11, 7, 11, 11, 0, 11, 14, 12, 11]
[17, 3, 1, 3, 6, 4, 3, 11, 10, 11, 3, 17, 17, 13, 16, 14, 0, 20, 20, 17, 20, 23, 21, 17]
[2, 0, 5, 5, 2, 2, 10, 7, 10, 6, 6, 6, 6, 15, 17, 15, 13, 17, 21, 21, 18, 2, 2, 27, 26, 27, 33, 27, 28, 28, 33, 33, 2, 35, 33, 37, 35, 42, 40, 42, 42, 37, 42, 42, 2]
[2, 12, 12, 5, 12, 5, 8, 6, 12, 12, 12, 0, 12, 12, 17, 17, 23, 17, 20, 17, 23, 23, 12, 23, 24, 25, 25, 30, 30, 25, 12]
[6, 6, 6, 6, 6, 0, 9, 9, 6, 15, 10, 10, 10, 10, 9, 6]
[4, 4, 4, 0, 4, 7, 5, 4, 4, 15, 15, 15, 15, 15, 4, 4]
[2, 6, 2, 2, 6, 7, 0, 14, 14, 14, 14, 14, 14, 7, 20, 17, 20, 20, 20, 14, 7]
[3, 3, 15, 3, 3, 5, 5, 7, 5, 12, 10, 9, 3, 15, 0, 15, 15, 15]
[5, 5, 5, 5, 0, 5, 6, 9, 7, 5]
[9, 9, 9, 3, 4, 9, 8, 9, 0, 9]
[9, 9, 9, 9, 9, 9, 9, 9, 0, 9]
[2, 7, 2, 5, 3, 7, 0, 7, 7, 7, 17, 17, 17, 17, 17, 17, 7, 17, 21, 21, 18, 31, 25, 25, 31, 25, 28, 25, 31, 31, 17, 7]
[2, 0, 2, 5, 3, 13, 13, 13, 13, 13, 13, 13, 5, 2]
[0, 1, 4, 2, 6, 4, 6, 7, 11, 11, 8, 11, 14, 12, 8, 17, 15, 17, 20, 18, 1]
[2, 9, 9, 9, 9, 9, 9, 9, 0, 9, 9, 9, 16, 16, 16, 9, 16, 19, 17, 9]
[6, 6, 6, 6, 6, 0, 6, 9, 7, 6, 6, 13, 16, 16, 16, 6, 19, 19, 16, 6]
[2, 6, 2, 5, 6, 7, 0, 10, 10, 7, 7, 11, 17, 13, 13, 17, 12, 11, 11, 23, 23, 23, 19, 23, 27, 27, 24, 7]
[2, 0, 8, 8, 7, 7, 8, 2, 10, 8, 10, 13, 16, 13, 16, 11, 8, 19, 17, 19, 19, 19, 22, 22, 19, 19]
[8, 4, 4, 1, 8, 8, 8, 0, 10, 8, 8]
[3, 3, 0, 5, 3, 3, 8, 6, 3]
[2, 3, 0, 6, 6, 3, 6, 11, 11, 11, 7, 6, 14, 6, 14, 14, 14, 19, 14, 14, 14, 21, 24, 22, 24, 27, 24, 3]
[4, 4, 4, 8, 4, 5, 6, 0, 8, 11, 13, 11, 9, 8]
[2, 0, 2, 6, 6, 3, 6, 9, 7, 6, 16, 13, 16, 16, 16, 6, 16, 19, 17, 2]
[2, 4, 2, 7, 7, 7, 0, 7, 7, 11, 15, 15, 15, 15, 7, 15, 18, 19, 15, 19, 7]
[3, 3, 8, 3, 8, 8, 8, 0, 8, 8, 8, 8, 17, 15, 16, 17, 8, 8]
[2, 5, 5, 5, 0, 8, 8, 5, 8, 14, 12, 14, 14, 8, 14, 14, 18, 14, 5]
[6, 6, 6, 6, 6, 0, 6, 7, 8, 9, 12, 9, 9, 9, 14, 17, 15, 9, 20, 9, 6]
[8, 3, 1, 8, 8, 8, 8, 0, 8, 11, 9, 8, 8, 15, 8, 15, 15, 17, 18, 18, 18, 23, 18, 15, 15, 27, 15, 29, 27, 34, 34, 34, 34, 29, 34, 35, 36, 39, 36, 39, 42, 40, 42, 42, 8]
[4, 4, 4, 0, 4, 5, 10, 10, 10, 6, 4, 18, 18, 18, 16, 18, 18, 19, 4, 21, 19, 19, 24, 22, 4]
[2, 0, 11, 11, 11, 11, 11, 7, 11, 11, 2, 11, 12, 2]
[7, 7, 7, 7, 7, 7, 0, 9, 7, 12, 12, 9, 7]
[2, 0, 8, 6, 6, 8, 8, 2, 8, 12, 12, 9, 12, 13, 14, 14, 2]
[2, 5, 5, 5, 0, 9, 8, 9, 5, 5, 5, 14, 14, 5, 14, 18, 18, 14, 18, 21, 19, 5]
[2, 0, 2, 5, 3, 7, 5, 2, 11, 11, 2, 13, 18, 13, 16, 13, 18, 11, 18, 21, 19, 2]
[3, 3, 0, 3, 6, 4, 8, 6, 11, 11, 8, 11, 11, 15, 13, 15, 16, 17, 8, 8, 23, 23, 20, 3]
[2, 3, 0, 6, 6, 3, 3, 9, 3, 9, 12, 10, 3, 17, 17, 17, 3, 17, 20, 17, 3]
[2, 13, 2, 7, 7, 7, 2, 11, 11, 11, 7, 2, 0, 15, 13, 15, 13, 13, 20, 18, 18, 21, 22, 13]
[6, 4, 4, 6, 6, 0, 6, 9, 7, 6]
[3, 3, 0, 5, 3, 3, 3, 3, 14, 9, 9, 14, 14, 3, 19, 17, 15, 19, 14, 3]
[5, 5, 5, 5, 0, 9, 9, 9, 5, 11, 5, 13, 11, 13, 13, 5]
[9, 1, 7, 7, 7, 7, 2, 9, 0, 11, 9, 9, 15, 15, 12, 9]
[5, 1, 1, 5, 0, 8, 8, 5, 8, 11, 9, 11, 16, 16, 16, 12, 5]
[4, 4, 4, 0, 4, 9, 9, 9, 4, 13, 13, 13, 9, 15, 13, 15, 18, 16, 18, 22, 22, 18, 4]
[0, 1, 2, 2, 6, 2, 9, 9, 6, 6, 2, 13, 11, 1]
[5, 3, 5, 5, 0, 8, 8, 5, 8, 11, 8, 15, 15, 15, 5, 18, 18, 15, 5]
[5, 3, 5, 5, 0, 5, 9, 9, 6, 9, 10, 11, 14, 11, 16, 14, 18, 19, 16, 16, 23, 23, 16, 25, 23, 5]
[2, 0, 2, 2, 6, 4, 2, 2, 8, 8, 12, 10, 12, 13, 14, 17, 14, 2]
[4, 4, 4, 0, 10, 9, 9, 9, 10, 4, 12, 10, 12, 13, 16, 13, 16, 19, 17, 19, 20, 4]
[0, 5, 2, 5, 6, 1, 1]
[3, 3, 0, 5, 9, 5, 8, 6, 3, 9, 12, 10, 14, 12, 14, 14, 20, 20, 20, 14, 3]
[14, 14, 5, 5, 2, 5, 11, 11, 10, 11, 6, 14, 14, 0, 16, 14, 16, 19, 17, 16, 23, 23, 16, 23, 26, 24, 14, 14]
[5, 5, 5, 5, 0, 5, 10, 10, 10, 6, 10, 14, 14, 11, 10, 15, 18, 16, 5]
[2, 5, 2, 5, 19, 5, 14, 13, 13, 13, 13, 13, 14, 5, 5, 19, 19, 19, 0, 23, 23, 23, 19, 25, 23, 19]
[2, 3, 0, 7, 7, 7, 3, 7, 8, 9, 9, 14, 14, 11, 14, 17, 15, 20, 20, 7, 22, 20, 22, 3]
[2, 0, 4, 2, 4, 4, 4, 10, 10, 4, 2]
[2, 6, 6, 5, 6, 0, 6, 9, 7, 6, 10, 11, 12, 15, 12, 15, 19, 19, 15, 24, 24, 24, 24, 15, 26, 24, 6]
[3, 3, 0, 6, 6, 3, 9, 9, 6, 11, 3, 11, 15, 15, 11, 15, 19, 19, 16, 3]
[4, 4, 4, 20, 4, 4, 8, 6, 8, 12, 12, 9, 20, 20, 20, 20, 20, 19, 20, 0, 20, 24, 24, 21, 20, 20, 30, 30, 30, 20, 33, 31, 30, 20]
[0, 1, 4, 1, 1]
[5, 3, 5, 5, 10, 10, 8, 10, 10, 0, 14, 14, 14, 10, 10]
[5, 5, 5, 5, 0, 5, 6, 7, 10, 7, 5, 5, 14, 12, 5, 5, 18, 5, 20, 27, 20, 25, 22, 25, 21, 27, 18, 29, 27, 5]
[3, 3, 0, 3, 6, 9, 6, 9, 4, 3, 3, 3, 12, 13, 16, 14, 16, 16, 16, 16, 16, 16, 16, 3]
[2, 0, 2, 3, 2, 7, 2, 7, 8, 2, 12, 2, 12, 13, 2]
[2, 0, 4, 2, 4, 5, 6, 7, 10, 8, 4, 14, 14, 11, 16, 4, 19, 19, 16, 19, 22, 20, 2]
[3, 3, 0, 6, 6, 3, 6, 7, 3]
[2, 0, 6, 6, 6, 2, 8, 6, 8, 11, 9, 6, 16, 16, 16, 6, 16, 20, 20, 16, 20, 20, 6, 6, 27, 27, 6, 29, 27, 27, 27, 2]
[2, 0, 2, 5, 3, 9, 9, 9, 5, 11, 13, 13, 9, 13, 13, 2]
[4, 4, 4, 0, 9, 9, 8, 9, 4, 4]
[5, 5, 5, 5, 0, 5, 13, 7, 13, 13, 13, 13, 6, 15, 13, 15, 6, 21, 21, 21, 17, 21, 22, 5, 5, 29, 29, 29, 32, 32, 32, 5, 5]
[2, 4, 4, 0, 4, 4, 8, 11, 11, 11, 4, 4]
[3, 3, 11, 3, 7, 7, 4, 7, 10, 8, 0, 13, 11, 16, 16, 13, 11]
[2, 0, 2, 3]
[3, 3, 11, 3, 3, 5, 11, 11, 11, 11, 0, 11, 11, 11, 11, 20, 20, 20, 20, 15, 22, 20, 11]
[2, 5, 2, 5, 6, 0, 6, 6, 8, 11, 9, 11, 14, 12, 6, 6, 6, 20, 20, 17, 20, 24, 24, 21, 24, 28, 28, 24, 28, 28, 32, 28, 34, 38, 34, 38, 38, 32, 6]
[4, 4, 4, 7, 7, 7, 0, 7, 7, 9, 10, 10, 7]
[2, 0, 2, 2, 2, 7, 5, 7, 11, 11, 7, 2]
[7, 4, 4, 7, 7, 7, 0, 7, 8, 11, 9, 11, 14, 12, 7]
[5, 1, 4, 2, 0, 5, 5, 9, 7, 5]
[0, 1, 1, 1, 4, 11, 11, 11, 11, 11, 5, 1]
[3, 3, 42, 3, 6, 8, 8, 3, 8, 9, 10, 13, 11, 13, 16, 14, 22, 19, 22, 19, 22, 8, 22, 23, 24, 27, 25, 24, 32, 29, 32, 28, 22, 42, 36, 42, 36, 37, 42, 42, 42, 0, 42]
[5, 5, 5, 5, 0, 5, 10, 10, 10, 5, 10, 14, 14, 11, 5]
[5, 1, 4, 2, 0, 5, 6, 6, 6, 11, 9, 6, 6, 13, 16, 14, 16, 21, 18, 21, 17, 21, 25, 25, 21, 5]
[3, 1, 0, 3, 9, 9, 9, 9, 3, 3, 3, 16, 14, 16, 16, 3, 16, 19, 16, 21, 19, 19, 24, 22, 3]
[3, 3, 0, 6, 6, 3, 3]
[2, 0, 4, 2, 2, 11, 11, 11, 11, 11, 5, 2, 14, 2, 14, 18, 18, 15, 2]
[0, 1, 5, 5, 2, 7, 5, 9, 10, 7, 7, 13, 7, 13, 13, 17, 18, 7, 18, 21, 22, 18, 1]
[4, 4, 4, 0, 6, 4, 17, 10, 10, 17, 10, 13, 11, 15, 13, 17, 6, 19, 21, 21, 17, 25, 25, 25, 21, 25, 26, 4]
[12, 4, 4, 1, 12, 12, 6, 9, 7, 12, 12, 0, 12, 15, 13, 15, 18, 16, 12]
[2, 7, 7, 7, 7, 7, 0, 7, 13, 13, 13, 13, 8, 13, 14, 7]
[2, 5, 2, 5, 6, 0, 6, 7, 12, 12, 12, 13, 8, 16, 16, 13, 16, 17, 8, 8, 22, 20, 22, 22, 27, 27, 24, 32, 32, 32, 32, 35, 35, 35, 27, 37, 35, 6]
[13, 3, 1, 3, 6, 4, 6, 9, 7, 13, 13, 13, 0, 13, 16, 14, 13]
[2, 0, 10, 10, 7, 7, 10, 10, 10, 2, 12, 17, 12, 13, 17, 17, 10, 2]
[14, 9, 9, 3, 3, 3, 8, 3, 1, 9, 12, 10, 14, 0, 16, 14, 16, 17, 17, 21, 24, 21, 21, 19, 14]
[2, 0, 4, 2, 2, 10, 8, 10, 10, 5, 2, 14, 14, 11, 2]
[3, 1, 5, 5, 0, 5, 5, 5, 5, 11, 26, 11, 12, 13, 13, 13, 20, 17, 17, 13, 11, 23, 21, 26, 26, 5, 5]
[0, 1, 1, 1, 1, 5, 1, 1, 1, 9, 12, 10, 12, 15, 13, 9, 20, 19, 20, 16, 1]
[2, 7, 7, 7, 7, 7, 0, 9, 7, 11, 9, 11, 14, 12, 9, 7, 7, 19, 22, 22, 22, 7, 24, 22, 24, 31, 31, 31, 31, 31, 25, 7]
[2, 0, 4, 2, 4, 7, 4, 4, 10, 4, 10, 11, 14, 4, 20, 20, 16, 20, 20, 21, 14, 21, 25, 25, 22, 2]
[2, 5, 5, 5, 0, 5, 8, 5, 8, 8, 21, 15, 14, 15, 11, 21, 19, 19, 21, 21, 8, 5]
[3, 3, 0, 3, 4, 5, 6, 7, 7, 11, 3, 13, 11, 11, 16, 14, 3]
[5, 3, 4, 1, 0, 8, 8, 5, 8, 11, 12, 14, 12, 8, 14, 17, 15, 20, 20, 14, 20, 23, 21, 5]
[2, 0, 5, 5, 2, 7, 5, 7, 2, 2, 12, 23, 23, 19, 19, 19, 19, 19, 23, 23, 23, 23, 2, 23, 24, 2]
[2, 0, 2, 6, 6, 2, 2, 10, 10, 7, 2]
[2, 4, 4, 0, 4, 7, 11, 11, 11, 11, 4, 4, 4, 15, 19, 15, 16, 19, 4, 4]
[2, 0, 2, 6, 6, 3, 6, 9, 6, 11, 9, 2]
[2, 0, 5, 5, 2, 5, 11, 11, 10, 11, 6, 11, 18, 15, 18, 18, 18, 12, 2]
[3, 3, 6, 6, 6, 0, 6, 10, 10, 6, 10, 14, 14, 10, 6]
[0, 6, 5, 5, 6, 1, 6, 7, 6, 13, 13, 13, 6, 15, 13, 1]
[8, 3, 1, 8, 8, 8, 8, 0, 18, 11, 18, 11, 12, 13, 13, 15, 18, 8, 18, 22, 22, 18, 22, 22, 8]
[4, 4, 4, 0, 6, 4, 6, 7, 7, 7, 10, 7, 12, 4]
[5, 5, 5, 5, 0, 5]
[0, 1, 1, 5, 7, 7, 1, 9, 7, 1]
[3, 1, 12, 5, 3, 7, 9, 7, 5, 5, 12, 0, 12, 12, 12, 12, 18, 12, 12, 12, 23, 23, 20, 12]
[6, 3, 6, 3, 3, 0, 9, 9, 6, 9, 13, 13, 10, 13, 16, 13, 16, 16, 18, 6]
[2, 15, 2, 3, 7, 7, 4, 9, 7, 9, 13, 13, 10, 15, 0, 17, 15, 17, 17, 15]
[4, 3, 4, 0, 4, 8, 8, 12, 8, 11, 9, 4, 12, 13, 14, 15, 14, 20, 20, 14, 20, 23, 21, 4]
[2, 5, 2, 5, 0, 5, 5, 9, 7, 5]
[4, 4, 4, 0, 6, 4, 6, 9, 7, 4, 4, 11, 4, 4, 14, 15, 18, 16, 20, 18, 24, 24, 24, 20, 26, 20, 26, 4]
[5, 1, 5, 5, 7, 7, 0, 7, 7]
[3, 3, 0, 17, 6, 17, 6, 10, 10, 6, 12, 13, 10, 6, 17, 17, 3, 17, 17, 22, 20, 19, 3]
[0, 1, 2, 6, 6, 3, 6, 10, 10, 12, 10, 7, 14, 12, 14, 14, 20, 20, 20, 16, 1]
[10, 4, 4, 10, 4, 8, 6, 5, 10, 17, 10, 13, 11, 17, 16, 17, 0, 19, 17, 21, 19, 17]
[2, 4, 4, 0, 4, 5, 4, 4, 10, 4, 13, 13, 10, 13, 10, 17, 15, 17, 4, 4, 24, 24, 24, 20, 4]
[3, 3, 0, 5, 3, 5, 6, 7, 8, 9, 3]
[3, 3, 12, 3, 6, 4, 12, 12, 12, 12, 12, 0, 16, 15, 16, 12, 16, 20, 20, 17, 12]
[7, 7, 2, 2, 2, 2, 0, 7, 8, 9, 9, 9, 14, 9, 9, 18, 18, 15, 7]
[3, 3, 5, 5, 0, 7, 9, 7, 5, 5]
[3, 3, 4, 0, 6, 4, 4, 7, 13, 11, 13, 13, 8, 4]
[2, 0, 6, 6, 6, 2, 6, 9, 7, 9, 10, 6, 6, 16, 14, 13, 16, 17, 2]
[6, 3, 1, 6, 6, 0, 6, 6, 6, 11, 6, 13, 11, 13, 16, 13, 13, 13, 13, 19, 20, 25, 25, 25, 21, 25, 30, 30, 30, 26, 6]
[3, 3, 0, 3, 7, 5, 4, 9, 3, 3]
[6, 6, 4, 6, 6, 0, 6, 10, 10, 7, 10, 14, 14, 11, 14, 6, 6, 20, 20, 31, 22, 23, 20, 25, 23, 28, 28, 25, 31, 31, 6, 6]
[6, 6, 2, 2, 6, 0, 8, 6, 8, 12, 12, 9, 12, 13, 8, 17, 15, 17, 17, 21, 19, 6]
[2, 10, 2, 7, 7, 7, 2, 10, 10, 0, 10, 10, 14, 12, 10, 23, 23, 19, 23, 23, 23, 23, 10, 23, 26, 24, 26, 29, 26, 31, 29, 33, 31, 31, 34, 35, 36, 10]
[2, 4, 2, 0, 7, 7, 13, 10, 10, 13, 10, 13, 4, 13, 13, 13, 16, 4]
[4, 1, 2, 0, 4, 7, 8, 5, 4, 4, 10, 13, 11, 4]
[2, 0, 2, 3, 4, 4, 4, 2, 14, 14, 12, 14, 14, 2, 14, 15, 2]
[0, 1, 4, 2, 4, 8, 8, 4, 8, 13, 13, 13, 9, 1]
[2, 0, 2, 3, 2, 5, 8, 6, 8, 8, 2]
[2, 0, 4, 2, 6, 4, 2, 2, 12, 12, 12, 2, 14, 12, 18, 18, 18, 14, 18, 22, 22, 19, 2]
[16, 3, 16, 3, 4, 16, 16, 11, 11, 11, 7, 16, 16, 16, 16, 0, 16, 17, 16]
[4, 4, 4, 0, 4, 4, 4, 9, 4, 9, 13, 13, 10, 13, 16, 14, 4, 4, 20, 4, 23, 23, 20, 4]
[2, 0, 5, 5, 2, 5, 9, 9, 5, 5, 12, 5, 14, 12, 17, 17, 14, 2]
[2, 5, 5, 5, 0, 5, 5, 5, 14, 14, 14, 14, 14, 5, 5]
[6, 6, 4, 6, 4, 0, 6, 10, 10, 7, 6]
[3, 3, 0, 3, 4, 5, 10, 10, 10, 5, 3, 15, 15, 15, 3, 15, 18, 16, 3]
[9, 9, 9, 6, 6, 3, 9, 9, 0, 9, 10, 13, 11, 9, 16, 14, 9, 9, 20, 9, 20, 24, 24, 20, 26, 24]
[3, 3, 14, 3, 4, 7, 5, 7, 10, 8, 14, 14, 14, 0, 14, 15, 14, 17, 23, 23, 23, 23, 18, 23, 24, 14]
[3, 1, 10, 3, 10, 10, 10, 10, 10, 0, 10, 15, 12, 15, 11, 10, 19, 19, 10, 19, 23, 21, 24, 20, 24, 20, 20, 29, 27, 29, 30, 10]
[2, 8, 8, 8, 8, 8, 8, 0, 10, 8, 10, 13, 11, 8, 8, 17, 8, 17, 21, 21, 18, 23, 21, 8]
[2, 0, 2, 2, 6, 2, 8, 6, 2]
[2, 5, 5, 5, 0, 5, 9, 9, 5, 5, 5, 11, 14, 12, 14, 20, 18, 20, 20, 15, 20, 23, 21, 23, 24, 27, 25, 31, 31, 31, 23, 5, 5]
[2, 5, 5, 5, 0, 5, 10, 10, 10, 5, 5, 5, 14, 5, 14, 18, 18, 15, 18, 19, 20, 20, 5]
[3, 3, 0, 5, 3, 5, 10, 7, 7, 6, 13, 13, 5, 13, 3]
[2, 3, 0, 3, 4, 3]
[2, 4, 4, 0, 6, 4, 6, 10, 10, 7, 4]
[4, 3, 4, 22, 6, 4, 6, 7, 8, 11, 8, 13, 11, 13, 17, 17, 14, 11, 22, 21, 22, 0, 22, 22, 24, 29, 29, 29, 25, 22]
[8, 4, 4, 8, 8, 8, 8, 17, 17, 11, 17, 17, 14, 17, 14, 17, 0, 17]
[2, 6, 2, 5, 2, 0, 9, 9, 6, 6, 6, 15, 15, 15, 17, 17, 6, 20, 20, 17, 6]
[25, 1, 2, 1, 9, 8, 8, 9, 1, 9, 12, 10, 9, 16, 16, 13, 16, 20, 20, 17, 1, 25, 25, 25, 0, 25, 25]
[2, 0, 2, 3, 7, 7, 4, 9, 7, 9, 7, 14, 14, 7, 16, 14, 16, 17, 16, 3, 23, 23, 20, 2]
[3, 3, 8, 6, 6, 8, 6, 0, 8, 9, 9, 14, 14, 11, 9, 9, 16, 21, 21, 21, 17, 8, 24, 8, 26, 24, 26, 30, 30, 27, 24]
[3, 3, 7, 7, 7, 7, 0, 7, 7, 12, 12, 21, 17, 17, 17, 17, 12, 17, 21, 21, 7, 7]
[0, 3, 7, 3, 7, 7, 1, 1, 15, 15, 15, 15, 15, 15, 1, 1]
[12, 4, 4, 1, 4, 12, 12, 12, 12, 12, 12, 0, 12]
[2, 0, 6, 6, 6, 2, 6, 9, 6, 9, 12, 9, 9, 9, 2]
[10, 4, 4, 1, 4, 4, 10, 9, 10, 0, 10, 14, 14, 11, 14, 17, 18, 14, 10]
[2, 0, 7, 7, 7, 7, 2, 7, 11, 11, 7, 11, 14, 12, 20, 18, 18, 20, 20, 11, 20, 26, 26, 26, 26, 20, 29, 29, 20, 32, 32, 29, 32, 2]
[2, 0, 4, 2, 6, 2, 9, 9, 6, 9, 12, 9, 2]
[2, 0, 4, 2, 4, 2, 2, 2, 8, 9, 10, 2]
[4, 4, 4, 0, 7, 7, 4, 4, 4, 12, 12, 9, 9, 4]
[6, 6, 6, 6, 6, 0, 6, 6, 6, 18, 18, 13, 18, 18, 16, 18, 18, 6, 18, 23, 23, 23, 19, 25, 23, 25, 6]
[3, 3, 0, 3, 7, 7, 3, 3, 12, 12, 12, 3, 12, 13, 3, 19, 19, 19, 15, 3]
[4, 4, 4, 11, 8, 8, 8, 4, 8, 11, 0, 11, 16, 16, 16, 11, 16, 19, 22, 19, 22, 17, 22, 22, 11]
[2, 3, 0, 7, 4, 7, 9, 9, 3, 3, 3, 14, 14, 11, 3, 3, 18, 20, 20, 3, 3]
[3, 3, 4, 0, 7, 7, 4, 4, 4, 11, 9, 9, 15, 15, 12, 4]
[10, 10, 4, 10, 4, 7, 4, 10, 10, 0, 10, 10, 10]
[4, 4, 4, 0, 6, 4, 6, 6, 8, 9, 10, 10, 6, 6, 6, 17, 19, 17, 15, 21, 15, 4]
[0, 1]
[0, 1]
[5, 5, 5, 5, 0, 5, 8, 5, 12, 12, 12, 8, 5]
[6, 1, 1, 3, 4, 0, 6]
[3, 3, 16, 3, 4, 3, 10, 10, 10, 6, 10, 15, 15, 15, 11, 0, 16, 20, 20, 17, 16, 16, 16, 26, 26, 23, 16]
[8, 5, 5, 5, 1, 8, 8, 0, 10, 8, 10, 13, 10, 8]
[2, 4, 4, 0, 4, 4, 8, 6, 8, 11, 8, 11, 14, 11, 11, 20, 20, 20, 20, 15, 20, 23, 21, 4]
[3, 3, 5, 5, 0, 5, 8, 10, 8, 6, 5]
[3, 3, 0, 3]
[4, 4, 4, 0, 4, 15, 8, 15, 8, 8, 8, 8, 15, 15, 5, 17, 15, 17, 21, 21, 18, 4]
[8, 3, 8, 3, 4, 8, 8, 22, 8, 11, 12, 9, 12, 13, 22, 19, 19, 19, 22, 22, 22, 0, 22]
[3, 3, 0, 3, 7, 7, 4, 3]
[3, 3, 10, 3, 4, 5, 5, 10, 10, 0, 10, 10, 14, 18, 14, 15, 18, 10, 24, 21, 24, 24, 24, 18, 24, 24, 10]
[9, 3, 9, 9, 9, 9, 9, 9, 0, 11, 9, 15, 14, 15, 11, 15, 16, 9]
[8, 1, 4, 2, 8, 7, 8, 0, 8, 12, 12, 9, 17, 15, 17, 17, 8, 17, 18, 17, 17, 21, 17, 8, 8, 27, 29, 29, 8, 8]
[9, 3, 1, 9, 9, 9, 9, 9, 0, 21, 14, 14, 14, 21, 19, 19, 19, 19, 14, 19, 9, 23, 21, 9]
[2, 0, 2, 6, 6, 2, 2, 2, 2]
[6, 6, 6, 6, 6, 14, 8, 6, 8, 14, 13, 13, 14, 0, 16, 14, 18, 16, 18, 18, 22, 20, 14]
[3, 1, 5, 5, 0, 5, 5, 5, 5, 5, 5, 13, 14, 11, 14, 5]
[4, 4, 4, 0, 4, 7, 14, 14, 14, 11, 14, 11, 14, 4, 14, 15, 18, 16, 20, 18, 22, 20, 22, 4]
[3, 3, 4, 0, 4, 5, 8, 11, 8, 11, 5, 5, 14, 5, 14, 15, 18, 16, 20, 4, 23, 23, 20, 23, 27, 27, 24, 29, 23, 29, 29, 4]
[0, 1, 1, 1, 6, 1, 1]
[3, 3, 4, 0, 7, 7, 4, 4]
[11, 5, 5, 5, 1, 5, 6, 11, 11, 11, 0, 11, 14, 11, 11, 15, 11, 19, 11, 22, 22, 19, 11, 11, 26, 11, 30, 30, 30, 26, 32, 30, 32, 33, 30, 11]
[12, 1, 4, 2, 4, 8, 8, 5, 12, 11, 12, 0, 12, 13, 12, 17, 12, 19, 21, 19, 17, 12]
[2, 0, 2, 5, 3, 5, 6, 2]
[3, 3, 7, 3, 6, 4, 0, 7, 7, 11, 9, 11, 14, 11, 7]
[4, 4, 4, 0, 4, 7, 5, 4]
[5, 5, 5, 5, 0, 5, 6, 5]
[8, 3, 1, 8, 6, 8, 8, 0, 8, 9, 13, 13, 10, 8]
[4, 4, 4, 24, 4, 7, 4, 9, 7, 9, 9, 15, 15, 15, 11, 15, 24, 20, 20, 22, 20, 24, 24, 0, 24, 24, 24]
[0, 1, 1, 1, 7, 7, 4, 11, 11, 11, 7, 14, 14, 11, 1]
[10, 4, 4, 1, 10, 10, 10, 10, 10, 0, 10, 13, 11, 13, 16, 13, 16, 17, 20, 16, 20, 10]
[0, 1, 1, 7, 7, 7, 1, 1]
[3, 3, 5, 5, 0, 5, 8, 6, 8, 11, 9, 5, 5, 16, 16, 5, 16, 19, 21, 21, 16, 21, 22, 21, 26, 24, 26, 29, 26, 5]
[7, 5, 4, 5, 7, 7, 14, 7, 10, 8, 14, 13, 14, 0, 17, 17, 14, 17, 17, 19, 20, 23, 17, 25, 23, 25, 30, 30, 30, 26, 14]
[3, 3, 0, 3, 6, 4, 6, 9, 7, 9, 12, 9, 3, 15, 3, 15, 3, 3]
[7, 7, 7, 7, 7, 7, 0, 7, 11, 11, 8, 7]
[5, 5, 5, 5, 0, 9, 9, 9, 5, 5, 5]
[0, 1, 1, 1, 9, 9, 9, 9, 4, 1]
[2, 0, 2, 3, 4, 2, 6, 2]
[4, 4, 4, 7, 7, 7, 0, 7, 10, 8, 10, 15, 15, 15, 11, 7]
[2, 0, 5, 5, 2, 5, 10, 10, 10, 5, 2, 2, 14, 2, 16, 14, 14, 19, 14, 19, 23, 23, 20, 25, 19, 25, 28, 26, 2]
[3, 3, 14, 3, 7, 7, 4, 7, 7, 9, 12, 10, 14, 0, 14, 17, 19, 17, 15, 19, 25, 25, 25, 25, 19, 14]
[21, 5, 4, 5, 1, 5, 5, 9, 12, 12, 12, 5, 21, 15, 17, 15, 21, 21, 21, 21, 0, 21]
[2, 6, 6, 6, 6, 0, 6, 7, 7, 9, 6]
[2, 0, 6, 6, 6, 2, 6, 7, 13, 13, 13, 13, 6, 18, 16, 18, 18, 13, 20, 18, 18, 18, 18, 25, 23, 23, 29, 29, 26, 29, 32, 30, 2]
[3, 3, 0, 3, 6, 4, 8, 6, 8, 9, 9, 11, 3]
[2, 0, 2, 5, 3, 2]
[4, 4, 4, 0, 4, 7, 5, 7, 10, 14, 10, 14, 14, 8, 14, 18, 18, 14]
[0, 1, 1, 8, 8, 8, 8, 3, 8, 11, 8, 11, 17, 17, 14, 14, 12, 1]
[3, 3, 0, 5, 3, 5, 9, 9, 15, 15, 15, 15, 15, 15, 5, 3]
[7, 4, 4, 1, 7, 7, 0, 10, 8, 11, 7, 11, 14, 12, 7]
[5, 3, 5, 5, 0, 9, 9, 9, 5, 9, 13, 13, 10, 13, 9, 9, 16, 20, 20, 17, 5, 5]
[2, 0, 2, 2, 2, 2, 2]
[2, 0, 4, 2, 6, 4, 9, 9, 4, 9, 10, 11, 15, 15, 10, 15, 16, 15, 15, 21, 19, 15, 2]
[2, 0, 4, 2, 2, 5, 6, 6, 2, 13, 13, 13, 2, 13, 17, 17, 13, 19, 13, 21, 19, 21, 24, 22, 26, 21, 26, 27, 28, 2]
[4, 1, 2, 0, 6, 4, 6, 9, 6, 6, 10, 4, 4, 18, 14, 15, 18, 4, 18, 19, 20, 4]
[2, 7, 2, 3, 3, 3, 0, 15, 11, 11, 15, 15, 15, 15, 7, 7]
[3, 3, 0, 3, 4, 4, 8, 6, 3]
[2, 0, 2, 5, 3, 2]
[2, 0, 2]
[3, 3, 0, 3, 6, 4, 3, 3, 13, 13, 13, 13, 8, 13, 17, 17, 14, 3]
[3, 3, 4, 0, 4, 5, 6, 6, 6, 9, 16, 16, 16, 16, 16, 9, 16, 19, 17, 19, 22, 19, 19, 25, 19, 4]
[7, 7, 7, 7, 7, 7, 0, 9, 7, 9, 12, 15, 12, 15, 10, 15, 15, 7]
[9, 5, 5, 5, 6, 1, 9, 9, 0, 11, 12, 13, 9, 13, 16, 14, 16, 22, 22, 22, 22, 17, 22, 28, 28, 28, 28, 22, 9]
[4, 4, 4, 0, 4, 9, 9, 9, 5, 4]
[7, 6, 6, 6, 6, 7, 0, 10, 10, 12, 10, 16, 12, 13, 16, 7, 7]
[8, 1, 2, 8, 8, 8, 8, 0, 10, 8, 10, 14, 14, 11, 17, 17, 8, 20, 20, 17, 20, 8]
[3, 3, 0, 3, 4]
[2, 9, 2, 5, 3, 9, 9, 9, 0, 9, 12, 9, 16, 16, 16, 9, 9]
[5, 5, 5, 5, 19, 5, 8, 6, 5, 5, 12, 15, 14, 15, 10, 19, 19, 19, 0, 19, 19, 19, 24, 22, 24, 19]
[5, 5, 5, 5, 0, 7, 5, 5]
[2, 3, 0, 3, 7, 7, 4, 12, 12, 12, 12, 7, 14, 12, 17, 17, 14, 3]
[12, 1, 6, 5, 6, 1, 12, 9, 12, 12, 12, 0, 14, 12, 16, 12, 18, 24, 18, 21, 24, 24, 24, 16, 12, 12, 30, 27, 30, 12, 30, 12]
[3, 3, 0, 6, 6, 3, 8, 9, 6, 3]
[4, 4, 4, 0, 6, 4, 8, 6, 11, 11, 6, 4]
[2, 5, 5, 5, 0, 7, 5, 5]
[13, 4, 4, 1, 4, 5, 13, 13, 13, 13, 13, 13, 0, 13, 14, 13, 13, 19, 26, 26, 26, 26, 26, 26, 26, 13, 13]
[2, 3, 0, 3, 6, 4, 3, 3, 11, 11, 8, 3]
[0, 1, 5, 5, 1, 9, 9, 9, 5, 9, 12, 10, 12, 12, 1]
[2, 0, 2, 6, 6, 2, 11, 11, 11, 11, 6, 11, 17, 17, 17, 17, 11, 17, 2]
[5, 5, 5, 5, 0, 5, 5, 12, 12, 12, 12, 5, 5, 15, 20, 20, 20, 20, 20, 5, 5]
[12, 3, 1, 3, 7, 7, 4, 12, 12, 12, 12, 0, 12, 16, 16, 13, 16, 20, 20, 17, 12, 27, 27, 26, 26, 27, 12, 27, 30, 28, 27, 34, 34, 31, 12]
[5, 3, 5, 5, 0, 5, 17, 17, 8, 8, 8, 8, 8, 8, 16, 8, 6, 5]
[3, 3, 4, 0, 8, 7, 8, 4, 4]
[3, 3, 0, 8, 8, 8, 8, 3, 8, 12, 12, 9, 9, 9, 16, 14]
[4, 4, 4, 0, 6, 4, 8, 6, 6, 11, 9, 6, 12, 15, 12, 15, 15, 19, 17, 21, 19, 25, 25, 25, 19, 25, 26, 4]
[8, 1, 2, 8, 8, 8, 8, 0, 10, 8, 8, 11, 8]
[5, 5, 5, 5, 0, 5, 6, 11, 11, 11, 7, 15, 15, 15, 11, 11, 16, 19, 17, 16, 16, 26, 26, 26, 26, 21, 26, 5]
[2, 0, 5, 5, 6, 2, 6, 7, 6, 11, 9, 13, 11, 13, 14, 15, 19, 19, 21, 19, 16, 2]
[3, 3, 0, 8, 6, 8, 8, 3, 8, 11, 9, 8, 12, 15, 13, 15, 15, 19, 17, 19, 20, 3]
[2, 4, 4, 0, 4, 7, 4, 4, 4, 14, 10, 11, 14, 4, 14, 15, 4]
[2, 4, 4, 0, 6, 4, 8, 6, 8, 12, 12, 9, 12, 15, 19, 15, 19, 19, 13, 19, 22, 20, 19, 19, 28, 28, 28, 19, 28, 31, 36, 31, 36, 36, 36, 29, 4, 4]
[10, 4, 4, 10, 4, 7, 4, 10, 10, 0, 10]
[12, 4, 4, 1, 4, 7, 5, 12, 10, 12, 12, 0, 14, 12, 16, 14, 16, 19, 17, 12]
[2, 14, 4, 2, 4, 5, 6, 9, 7, 14, 10, 10, 14, 0, 14, 15, 16, 17, 21, 21, 18, 14]
[7, 7, 7, 7, 7, 7, 13, 13, 13, 13, 13, 13, 0, 13]
[6, 6, 6, 6, 6, 0, 6, 9, 7, 9, 13, 13, 9, 6, 6, 6]
[2, 0, 2, 5, 6, 2, 6, 9, 6, 2, 12, 2, 12, 15, 13, 2, 2, 22, 22, 22, 22, 17, 22, 25, 23, 2]
[2, 3, 0, 5, 3, 5, 11, 11, 11, 11, 6, 11, 14, 12, 3, 3, 18, 16, 18, 19, 20, 23, 20, 23, 26, 24, 26, 27, 27, 27, 27, 27, 27, 33, 34, 3]
[2, 6, 2, 3, 6, 0, 6]
[5, 5, 4, 5, 0, 5]
[3, 3, 0, 7, 7, 7, 3, 3]
[0, 1, 2, 3, 8, 8, 8, 4, 8, 8, 15, 15, 15, 15, 8, 15, 18, 16, 1]
[3, 3, 5, 5, 0, 5, 9, 9, 6, 5]
[10, 10, 2, 2, 6, 2, 2, 10, 10, 0, 10, 10, 10]
[5, 5, 5, 5, 10, 5, 10, 10, 10, 0, 12, 10, 14, 12, 14, 15, 20, 20, 20, 12, 20, 23, 21, 23, 20, 27, 12, 29, 27, 29, 32, 30, 34, 29, 36, 34, 10]
[5, 5, 5, 5, 0, 5]
[2, 6, 6, 6, 6, 0, 6, 7, 6, 12, 12, 6, 12, 12, 12, 18, 18, 15, 18, 19, 6]
[2, 4, 4, 0, 4, 4, 6, 4, 8, 9, 10, 11, 4, 4, 17, 17, 21, 20, 20, 17, 4, 26, 26, 26, 26, 21, 29, 29, 26, 29, 30, 31, 4]
[5, 1, 1, 1, 0, 7, 5, 5, 8, 9, 13, 13, 10, 13, 16, 13, 9, 19, 22, 19, 22, 17, 5]
[4, 4, 4, 0, 8, 8, 8, 4, 10, 8, 4]
[2, 0, 4, 2, 4, 2, 2, 11, 11, 11, 2, 11, 15, 15, 12, 11, 19, 19, 11, 19, 24, 24, 24, 20, 2]
[3, 3, 0, 10, 10, 10, 10, 10, 10, 3, 3, 3, 16, 15, 16, 18, 16, 3, 25, 21, 23, 23, 25, 25, 18, 27, 25, 29, 27, 3]
[2, 10, 2, 5, 3, 5, 5, 7, 10, 0, 12, 10, 16, 16, 16, 12, 16, 21, 21, 21, 17, 25, 25, 25, 21, 10]
[33, 4, 4, 1, 1, 8, 8, 5, 1, 12, 12, 9, 12, 12, 14, 15, 16, 17, 18, 21, 23, 21, 19, 17, 27, 27, 24, 33, 33, 33, 33, 33, 0]
[2, 3, 0, 5, 3, 7, 5, 5, 5, 9, 12, 9, 3]
[2, 12, 4, 2, 10, 10, 9, 9, 10, 4, 12, 0, 12, 12, 16, 17, 14, 17, 20, 17, 12]
[0, 1, 4, 2, 4, 7, 4, 4, 11, 11, 4, 11, 12, 1]
[0, 1, 9, 9, 9, 9, 9, 9, 2, 1, 12, 10, 14, 12, 17, 17, 14, 19, 17, 17, 23, 23, 20]
[3, 3, 16, 16, 16, 8, 8, 16, 8, 9, 10, 11, 12, 8, 16, 0, 16, 20, 20, 17, 22, 16, 22, 26, 26, 23, 22, 22, 31, 31, 28, 31, 35, 35, 32, 28, 36, 40, 40, 37, 42, 37, 42, 16]
[4, 4, 4, 0, 6, 4, 6, 10, 10, 6, 4]
[6, 6, 6, 3, 6, 0, 6, 9, 7, 6, 6, 13, 15, 15, 6, 17, 15, 17, 20, 17, 22, 20, 17, 27, 24, 27, 17, 6]
[2, 5, 5, 5, 0, 5, 8, 5, 8, 9, 10, 10, 5]
[2, 15, 2, 11, 4, 4, 4, 7, 10, 4, 3, 15, 14, 15, 0, 15, 20, 20, 20, 16, 15]
[10, 10, 10, 3, 10, 10, 8, 10, 10, 0, 10]
[6, 4, 2, 6, 6, 11, 11, 10, 10, 11, 0, 11, 11]
[16, 16, 2, 2, 2, 2, 2, 7, 7, 7, 2, 2, 12, 12, 12, 17, 0, 17, 18, 19, 17, 21, 21, 23, 17]
[2, 3, 0, 3, 3, 11, 6, 6, 11, 11, 5, 11, 16, 16, 16, 11, 18, 16, 18, 3]
[3, 1, 4, 0, 6, 4, 11, 11, 11, 11, 6, 4, 4, 18, 18, 18, 18, 4, 20, 18, 4]
[2, 10, 2, 10, 6, 10, 10, 10, 10, 0, 10, 13, 10, 16, 16, 10, 18, 16, 18, 19, 10]
[3, 3, 19, 3, 8, 8, 8, 4, 13, 13, 13, 13, 8, 13, 17, 17, 14, 19, 0, 19, 24, 24, 24, 20, 19, 19, 28, 26, 41, 31, 41, 31, 38, 38, 38, 38, 38, 32, 41, 41, 26, 19]
[2, 0, 4, 2, 6, 4, 6, 9, 7, 9, 10, 14, 14, 6, 14, 14, 19, 19, 16, 2]
[0, 1, 1, 1, 4, 1, 1, 7, 10, 7, 13, 13, 7, 13, 13, 19, 19, 19, 13, 21, 19, 1]
[2, 3, 0, 5, 3, 7, 5, 3, 3, 3]
[2, 0, 4, 2, 2, 7, 2, 9, 7, 2]
[5, 5, 5, 5, 11, 11, 8, 11, 8, 11, 0, 11, 11, 15, 17, 17, 11, 17, 17, 19, 11]
[2, 4, 4, 0, 4, 7, 5, 4]
[0, 1, 4, 2, 1, 8, 8, 5, 8, 9, 10, 1, 1, 13, 16, 13, 19, 19, 16, 19, 23, 23, 20, 16, 26, 24, 26, 29, 27, 29, 33, 33, 30, 1]
[5, 3, 5, 3, 29, 8, 8, 9, 5, 5, 5, 13, 11, 11, 17, 17, 14, 17, 20, 17, 17, 23, 17, 17, 17, 17, 29, 29, 0, 29, 33, 33, 30, 29]
[3, 3, 5, 5, 0, 5, 8, 6, 8, 9, 5, 5, 18, 13, 13, 18, 18, 5, 18, 23, 23, 23, 19, 5]
[5, 1, 5, 5, 6, 0, 6, 11, 11, 11, 7, 11, 11, 15, 13, 15, 15, 13, 21, 21, 18, 11, 6, 23, 6]
[4, 3, 4, 16, 4, 4, 10, 9, 10, 6, 16, 14, 14, 16, 16, 0, 18, 16, 20, 18, 18, 23, 21, 23, 24]
[3, 3, 0, 3, 9, 9, 9, 9, 4, 9, 10, 3]
[2, 6, 2, 5, 3, 0, 6, 6, 14, 14, 12, 14, 14, 6, 16, 19, 19, 19, 14, 19, 23, 23, 20, 6]
[3, 3, 0, 5, 3, 14, 14, 7, 11, 11, 8, 14, 14, 5, 16, 14, 18, 20, 20, 16, 3]
[5, 5, 5, 5, 0, 7, 5, 15, 15, 9, 13, 13, 10, 15, 7, 17, 15, 19, 17, 5]
[2, 8, 2, 6, 6, 3, 8, 0, 12, 9, 12, 8, 8, 8, 19, 19, 19, 19, 8, 23, 23, 23, 19, 19, 26, 24, 28, 26, 28, 31, 29, 8]
[2, 8, 2, 7, 7, 7, 3, 0, 8, 9, 8, 11, 17, 17, 17, 17, 12, 8, 8, 21, 22, 8, 24, 25, 22, 22, 28, 26, 32, 32, 32, 22, 8]
[2, 0, 2, 9, 9, 9, 9, 9, 3, 11, 9, 11, 11, 15, 13, 2, 21, 21, 21, 21, 2, 23, 21, 21, 21, 27, 21, 21, 28, 33, 33, 33, 28, 2]
[4, 4, 4, 21, 4, 8, 8, 4, 8, 9, 4, 17, 17, 17, 17, 17, 4, 17, 20, 18, 0, 24, 24, 21, 24, 32, 32, 32, 32, 32, 32, 25, 21]
[7, 3, 1, 7, 7, 7, 0, 7, 10, 8, 7, 7, 18, 15, 18, 18, 18, 7, 18, 18, 18, 25, 22, 25, 21, 7]
[2, 4, 2, 5, 0, 7, 5, 7, 7, 9, 5]
[5, 5, 5, 5, 0, 5, 5, 7, 10, 5, 5, 5, 5, 13, 13, 15, 16, 19, 17, 19, 22, 20, 5]
[2, 0, 2, 5, 2, 2]
[0, 4, 4, 1, 1]
[6, 6, 6, 6, 6, 0, 6]
[5, 5, 5, 5, 0, 5, 8, 6, 10, 6, 5]
[3, 3, 21, 3, 6, 4, 6, 7, 6, 13, 13, 13, 9, 13, 13, 21, 18, 21, 21, 21, 0, 21]
[5, 5, 5, 5, 0, 5, 9, 9, 6, 5, 12, 10, 14, 12, 14, 5]
[0, 3, 1, 3, 3, 1]
[2, 0, 2, 3, 4, 4, 6, 7, 11, 11, 8, 11, 14, 12, 2]
[2, 0, 4, 2, 2, 2, 8, 6, 2]
[0, 3, 1, 3, 7, 7, 4, 1, 1, 1, 13, 13, 21, 13, 14, 15, 19, 19, 20, 15, 10, 21, 22, 23, 23, 23, 28, 26, 1]
[4, 3, 4, 5, 0, 8, 8, 5, 8, 12, 10, 9, 14, 12, 16, 14, 14, 5, 22, 22, 22, 5, 25, 25, 22, 27, 25, 30, 30, 27, 5]
[4, 1, 2, 0, 15, 15, 15, 15, 15, 15, 12, 15, 12, 15, 4, 4]
[0, 1, 1, 1, 1]
[2, 10, 2, 3, 6, 4, 6, 7, 10, 0, 10, 20, 12, 13, 16, 14, 18, 20, 20, 10, 20, 10]
[2, 4, 4, 0, 4, 8, 8, 5, 8, 11, 9, 8, 8, 13, 14, 15, 16, 16, 16, 16, 16, 16, 16, 16, 16, 4]
[2, 11, 4, 6, 6, 2, 6, 7, 11, 11, 0, 13, 11, 13, 11]
[0, 3, 1, 10, 8, 5, 8, 10, 10, 3, 1]
[2, 3, 0, 3, 4, 5, 6, 6, 6, 11, 6, 6, 6, 16, 16, 13, 21, 21, 21, 21, 23, 23, 16, 16, 26, 24, 3]
[10, 3, 1, 3, 4, 5, 10, 9, 10, 0, 12, 10, 12, 10, 20, 20, 20, 20, 20, 10, 20, 10]
[6, 3, 6, 6, 6, 0, 6, 10, 10, 7, 6]
[6, 6, 6, 6, 6, 0, 8, 6, 6]
[6, 1, 6, 6, 6, 0, 6, 10, 10, 7, 6]
[5, 5, 5, 5, 0, 7, 5, 7, 10, 8, 5]
[5, 5, 4, 5, 0, 5]
[4, 4, 4, 6, 6, 0, 6]
[2, 9, 9, 5, 9, 5, 9, 9, 0, 9, 9, 9, 9, 17, 17, 17, 9, 17, 21, 21, 18, 9]
[5, 5, 5, 5, 0, 12, 8, 12, 8, 11, 9, 5, 12, 12, 14, 12, 19, 19, 16, 12, 23, 23, 20, 5]
[0, 1, 1, 1]
[3, 3, 0, 5, 3, 5, 6, 3, 3]
[6, 6, 4, 6, 6, 0, 8, 6, 8, 8, 8, 8, 12, 18, 18, 17, 18, 13, 6]
[3, 3, 9, 5, 3, 9, 9, 9, 0, 11, 9, 9, 12, 9]
[5, 5, 2, 3, 0, 5, 5, 10, 10, 7, 5]
[0, 4, 4, 1, 8, 8, 8, 4, 8, 1, 10, 13, 11, 13, 16, 13, 13, 19, 17, 1]
[4, 1, 4, 9, 9, 9, 9, 9, 0, 9, 12, 9, 9]
[14, 3, 1, 3, 7, 7, 4, 3, 11, 11, 8, 14, 14, 0, 14, 14]
[7, 7, 2, 5, 3, 7, 0, 7, 10, 7, 10, 14, 14, 11, 7]
[5, 5, 5, 5, 0, 10, 10, 10, 10, 5, 10, 13, 11, 11, 16, 14, 16, 21, 21, 21, 16, 23, 21, 23, 5]
[2, 0, 2, 3, 2, 2, 9, 9, 2, 2]
[0, 1, 2, 5, 6, 3, 2, 2, 8, 9, 12, 10, 2, 2, 14, 15, 1, 19, 25, 21, 19, 25, 24, 25, 1, 27, 25, 27, 30, 28, 30, 37, 34, 32, 37, 37, 30, 39, 37, 1]
[4, 4, 4, 0, 16, 7, 16, 7, 11, 11, 7, 16, 16, 16, 16, 4, 16, 19, 16, 4]
[0, 1, 4, 1, 4]
[2, 4, 2, 6, 6, 0, 6, 6, 11, 11, 6, 13, 11, 15, 13, 15, 18, 16, 15, 22, 22, 19, 6]
[3, 3, 0, 7, 7, 7, 3, 3, 3, 9, 12, 9, 12, 15, 13, 15, 16, 17, 18, 19, 3]
[3, 3, 0, 5, 3, 12, 12, 7, 8, 12, 12, 3, 14, 12, 3]
[8, 4, 4, 1, 8, 7, 8, 0, 8, 9, 8, 17, 17, 17, 17, 17, 8, 8]
[2, 0, 4, 2, 6, 4, 9, 9, 12, 12, 12, 6, 2, 2, 2, 17, 15, 19, 17, 21, 19, 24, 24, 21, 2]
[0, 1, 4, 1, 1]
[2, 0, 4, 2, 2, 2, 6, 9, 13, 9, 9, 13, 7, 13, 14, 2, 18, 2, 18, 18, 20, 21, 21, 25, 23, 2]
[2, 0, 2, 5, 2, 2, 2, 9, 2, 11, 9, 13, 11, 13, 14, 15, 21, 19, 21, 21, 16, 25, 25, 25, 21, 25, 28, 26, 2]
[4, 4, 4, 0, 6, 7, 4, 7, 4]
[3, 1, 6, 6, 6, 0, 6, 9, 7, 11, 6, 11, 11, 11, 11, 11, 20, 20, 20, 16, 11, 6, 25, 25, 6, 25, 29, 29, 26, 6]
[4, 4, 4, 15, 4, 7, 5, 4, 11, 11, 4, 15, 14, 15, 0, 17, 15, 19, 17, 17, 20, 24, 24, 21, 15]
[2, 0, 2, 2, 6, 7, 4, 10, 10, 7, 15, 15, 15, 15, 7, 17, 15, 19, 15, 19, 24, 24, 24, 19, 2]
[5, 5, 5, 5, 12, 5, 8, 6, 12, 12, 12, 0, 12, 16, 16, 13, 12]
[10, 1, 2, 10, 6, 10, 6, 6, 10, 0, 10, 10, 14, 12, 10, 18, 18, 15, 18, 28, 20, 23, 28, 23, 26, 24, 28, 18, 28, 31, 29, 10]
[2, 0, 4, 2, 4, 4, 8, 6, 8, 11, 8, 2]
[4, 4, 4, 0, 6, 4, 6, 7, 6, 11, 9, 13, 11, 13, 4]
[10, 3, 1, 3, 4, 10, 8, 10, 10, 0, 10, 13, 10, 13, 16, 13, 18, 16, 16, 22, 22, 13, 10]
[2, 4, 2, 6, 6, 0, 6, 7, 6, 6, 12, 6, 16, 16, 16, 12, 6]
[2, 0, 2, 3, 2]
[2, 6, 6, 5, 6, 0, 6, 7, 8, 8, 8, 14, 14, 8, 6]
[0, 1, 6, 6, 6, 2, 10, 10, 10, 6, 13, 13, 10, 13, 14, 17, 15, 15, 18, 1]
[3, 1, 11, 3, 7, 7, 3, 7, 3, 11, 0, 14, 14, 19, 17, 17, 19, 19, 11, 11]
[2, 0, 2, 8, 8, 5, 5, 3, 8, 11, 9, 2, 2, 15, 2, 15, 16, 16, 21, 21, 15, 21, 2]
[13, 1, 5, 5, 1, 5, 6, 7, 8, 7, 10, 1, 0, 13, 14, 17, 14, 13]
[2, 0, 2, 6, 6, 2, 6, 6, 11, 11, 8, 6, 14, 6, 16, 14, 16, 17, 2]
[3, 3, 0, 6, 6, 3, 9, 9, 6, 11, 9, 9, 3]
[2, 4, 4, 0, 4, 7, 8, 4, 8, 4, 18, 11, 15, 15, 11, 11, 18, 4, 4]
[6, 3, 6, 3, 4, 17, 8, 6, 17, 9, 12, 10, 12, 15, 13, 15, 0, 17, 21, 21, 17, 21, 21, 26, 26, 21, 26, 26, 21, 17]
[4, 4, 4, 0, 6, 4, 6, 9, 7, 4]
[19, 8, 8, 8, 8, 7, 8, 19, 8, 12, 12, 8, 19, 15, 19, 19, 19, 19, 0, 19, 19, 19, 28, 25, 23, 28, 28, 19, 19]
[2, 0, 4, 2, 6, 7, 2, 2, 2, 12, 12, 14, 14, 9, 16, 14, 18, 16, 18, 18, 23, 23, 20, 2]
[6, 6, 2, 2, 2, 0, 6]
[2, 4, 4, 0, 4, 7, 5, 11, 8, 11, 7, 13, 11, 13, 13, 17, 15, 17, 23, 19, 23, 23, 18, 4]
[2, 6, 6, 6, 6, 0, 8, 6, 10, 8, 10, 15, 15, 15, 11, 6]
[2, 4, 2, 0, 6, 4, 9, 9, 4, 13, 12, 13, 9, 15, 13, 9, 9, 25, 25, 25, 25, 25, 25, 25, 17, 4]
[6, 6, 6, 6, 6, 0, 6, 12, 12, 12, 12, 7, 6]
[2, 0, 6, 6, 6, 2, 6, 9, 7, 6, 12, 14, 14, 6, 14, 15, 2]
[2, 13, 2, 3, 4, 4, 4, 4, 4, 4, 4, 13, 0, 16, 16, 13, 13]
[5, 5, 5, 5, 0, 5, 5, 7, 8, 5, 5, 11, 12, 17, 17, 17, 13, 5]
[2, 4, 4, 13, 6, 4, 6, 7, 6, 11, 9, 13, 0, 13, 13]
[3, 3, 4, 0, 10, 7, 10, 7, 7, 4, 4]
[7, 1, 4, 1, 4, 4, 0, 14, 8, 14, 14, 14, 14, 7, 7]
[6, 6, 6, 6, 6, 0, 6, 10, 10, 6, 10, 13, 16, 13, 16, 11, 18, 16, 18, 18, 16, 25, 25, 25, 16, 6]
[6, 6, 6, 5, 6, 7, 0, 7, 8, 8, 10, 11, 14, 12, 7]
[2, 0, 4, 2, 12, 12, 9, 9, 12, 12, 12, 4, 15, 15, 12, 15, 15, 15, 20, 15, 15, 15, 15, 15, 15, 12, 30, 30, 30, 26, 2]
[2, 4, 4, 11, 4, 8, 8, 5, 11, 11, 0, 11, 15, 15, 12, 11]
[2, 0, 4, 2, 6, 4, 8, 6, 2, 9, 10, 13, 11, 2]
[4, 4, 4, 0, 7, 7, 4, 9, 12, 12, 12, 7, 4]
[3, 3, 15, 5, 3, 5, 8, 6, 8, 12, 12, 9, 15, 15, 0, 17, 18, 15, 18, 19, 15]
[4, 4, 4, 0, 4, 8, 8, 5, 4, 4, 12, 10, 14, 12, 16, 14, 4]
[0, 1, 2, 3, 6, 3, 1]
[6, 6, 6, 6, 6, 13, 6, 7, 13, 13, 13, 13, 0, 13, 14, 13, 21, 17, 18, 21, 13, 21, 21, 25, 21, 27, 25, 13]
[15, 4, 4, 15, 4, 5, 6, 6, 6, 6, 15, 15, 15, 15, 0, 15, 18, 16, 15]
[2, 12, 2, 5, 12, 12, 8, 12, 12, 12, 12, 0, 14, 12, 16, 14, 19, 19, 14, 19, 22, 24, 24, 20, 19, 27, 25, 12]
[2, 14, 14, 5, 3, 7, 5, 9, 7, 14, 14, 14, 14, 0, 14, 17, 15, 14, 26, 19, 26, 26, 26, 26, 26, 14, 26, 27, 27, 14, 14]
[4, 4, 4, 0, 7, 7, 4, 4, 4, 4, 14, 14, 14, 10, 4]
[3, 3, 9, 5, 3, 5, 8, 6, 0, 13, 12, 13, 9, 13, 14, 9]
[2, 0, 4, 2, 7, 7, 4, 7, 10, 8, 7, 14, 14, 7, 2, 18, 18, 2, 21, 21, 18, 21, 22, 23, 30, 28, 28, 30, 30, 21, 32, 30, 2]
[2, 0, 2, 7, 7, 7, 2, 7, 10, 8, 10, 13, 10, 10, 10, 10, 10, 17, 18, 2]
[3, 3, 0, 3, 7, 7, 4, 7, 8, 9, 10, 3]
[0, 1, 5, 5, 2, 1, 6, 10, 10, 7, 10, 13, 11, 13, 16, 13, 13, 13, 20, 13, 22, 10, 1]
[0, 1, 5, 5, 2, 5, 8, 6, 1]
[0, 1, 1, 1, 6, 1, 1]
[2, 0, 2, 2, 6, 2, 6, 9, 7, 2]
[9, 5, 4, 5, 1, 9, 9, 9, 0, 13, 13, 13, 9, 13, 14, 13, 13, 23, 23, 23, 23, 23, 13, 23, 26, 24, 26, 30, 30, 27, 9]
[0, 3, 6, 6, 6, 1, 1]
[7, 4, 4, 7, 7, 7, 0, 7]
[5, 3, 5, 5, 0, 5]
[4, 3, 4, 0, 4, 4, 6, 4]
[9, 9, 6, 5, 6, 9, 9, 9, 0, 14, 14, 14, 14, 15, 9, 9]
[2, 3, 0, 6, 6, 3, 6, 12, 12, 12, 12, 7, 3, 3, 3, 15, 15, 17, 25, 25, 25, 25, 25, 25, 18, 25, 25, 29, 27, 29, 32, 30, 32, 35, 32, 37, 29, 37, 40, 37, 42, 37, 3]
[2, 3, 0, 3, 8, 8, 8, 4, 8, 9, 10, 3]
[3, 3, 6, 3, 4, 0, 8, 6, 8, 9, 15, 15, 15, 15, 10, 6]
[7, 3, 1, 7, 7, 7, 0, 7, 8, 7]
[3, 3, 16, 3, 3, 7, 5, 7, 7, 7, 7, 11, 16, 16, 16, 0, 18, 16, 16, 16, 23, 23, 25, 25, 16, 25, 26, 30, 30, 27, 30, 31, 16]
[4, 4, 4, 0, 4, 7, 9, 9, 5, 9, 12, 10, 12, 15, 12, 4]
[4, 4, 4, 0, 4, 5, 9, 9, 6, 9, 10, 4]
[4, 3, 4, 5, 0, 5, 8, 6, 5]
[2, 5, 2, 5, 0, 8, 8, 5, 10, 8, 8, 13, 11, 5]
[12, 12, 5, 3, 12, 5, 6, 9, 7, 12, 12, 0, 12, 13, 12, 12, 21, 17, 20, 18, 12, 24, 24, 21, 31, 27, 30, 27, 30, 31, 24, 34, 34, 31, 36, 34, 12]
[3, 3, 0, 10, 10, 10, 10, 10, 10, 3, 10, 15, 15, 15, 11, 18, 18, 15, 18, 19, 23, 23, 20, 23, 3, 29, 29, 29, 3, 29, 3]
[0, 3, 1, 7, 7, 7, 3, 3, 11, 11, 8, 11, 15, 15, 12, 15, 1]
[3, 3, 4, 0, 6, 4, 4, 9, 4, 11, 9, 4]
[4, 1, 2, 5, 0, 7, 5, 5, 14, 14, 14, 14, 14, 5, 14, 17, 15, 5]
[3, 3, 16, 7, 7, 7, 3, 7, 11, 11, 8, 16, 16, 16, 16, 0, 18, 16, 18, 16]
[3, 3, 0, 3, 6, 4, 6, 9, 7, 3, 21, 21, 21, 21, 21, 21, 21, 21, 21, 21, 3, 3]
[2, 0, 5, 5, 2, 7, 5, 7, 7, 11, 9, 2]
[4, 4, 4, 0, 7, 7, 4, 9, 4, 9, 17, 17, 17, 17, 17, 17, 9, 17, 17, 24, 24, 24, 24, 17, 24, 25, 4]
[3, 3, 0, 3, 3, 9, 9, 9, 3, 12, 12, 9, 3]
[5, 5, 5, 5, 0, 5, 5, 11, 11, 11, 5, 11, 5]
[3, 3, 17, 3, 6, 3, 9, 9, 6, 9, 10, 11, 11, 17, 17, 17, 0, 19, 17, 17, 20, 23, 21, 25, 23, 27, 25, 17]
[2, 5, 5, 5, 0, 13, 10, 9, 10, 13, 13, 13, 5, 15, 13, 5]
[2, 0, 6, 6, 6, 2, 6, 11, 11, 11, 7, 13, 15, 15, 11, 15, 2]
[0, 1, 4, 2, 4, 5, 1]
[0, 3, 1, 1, 1, 8, 8, 5, 1]
[2, 0, 2, 2, 8, 8, 8, 4, 11, 11, 8, 11, 2, 2, 27, 18, 18, 15, 21, 21, 18, 21, 21, 27, 27, 27, 2, 2]
[5, 3, 5, 5, 26, 5, 11, 11, 11, 11, 6, 14, 14, 11, 14, 26, 26, 17, 20, 18, 26, 26, 26, 26, 26, 0, 26, 33, 33, 33, 33, 33, 27, 26]
[4, 4, 4, 0, 4, 9, 9, 9, 4, 4, 12, 4, 12, 16, 16, 12, 16, 16, 4]
[7, 7, 2, 5, 2, 7, 0, 7, 8, 9, 10, 9, 15, 15, 9, 7]
[10, 10, 10, 10, 10, 10, 6, 7, 10, 0, 10, 11, 12, 12, 12, 12, 10]
[10, 10, 10, 10, 10, 7, 10, 7, 10, 18, 14, 14, 14, 10, 14, 18, 18, 0, 21, 21, 18, 24, 24, 21, 21, 28, 28, 25, 21, 33, 33, 33, 21, 33, 33, 18]
[4, 1, 4, 0, 4, 7, 5, 4, 4, 11, 9, 11, 14, 12, 4, 4, 4, 17, 20, 17, 20, 21, 20, 26, 26, 20, 26, 26, 28, 31, 29, 33, 31, 37, 37, 37, 33, 4]
[8, 8, 8, 5, 8, 5, 5, 0, 8, 9, 10, 13, 10, 13, 16, 14, 16, 19, 17, 8]
[4, 4, 4, 0, 7, 7, 11, 7, 10, 8, 4, 17, 17, 17, 17, 17, 11, 20, 20, 17, 22, 20, 4]
[8, 3, 8, 3, 8, 8, 8, 0, 8, 12, 12, 8, 17, 17, 17, 17, 12, 17, 18, 21, 19, 18, 24, 22, 24, 27, 25, 8]
[2, 4, 4, 0, 4, 8, 8, 4, 8, 8, 12, 8, 4]
[2, 0, 5, 5, 2, 10, 10, 10, 10, 5, 10, 10, 10, 10, 10, 17, 10, 17, 20, 18, 2]
[4, 4, 4, 0, 13, 7, 10, 7, 10, 13, 13, 13, 4, 4]
[0, 5, 5, 5, 1, 1, 8, 1, 12, 12, 12, 13, 8, 1]
[3, 3, 0, 8, 8, 8, 8, 3, 12, 12, 12, 3, 3]
[0, 1, 6, 6, 6, 1, 1]
[3, 3, 0, 3, 7, 7, 4, 7, 10, 8, 3]
[11, 5, 5, 5, 1, 11, 10, 9, 10, 11, 0, 11, 11, 11, 16, 14, 16, 16, 16, 21, 16, 24, 24, 21, 26, 24, 11]
[2, 4, 4, 19, 4, 8, 8, 5, 8, 11, 9, 11, 11, 4, 16, 14, 19, 19, 0, 21, 19, 21, 22, 27, 27, 27, 21, 21, 21, 31, 29, 33, 36, 36, 36, 31, 38, 36, 36, 36, 19]
[2, 6, 2, 5, 2, 0, 6]
[3, 3, 4, 0, 6, 7, 4, 10, 10, 7, 10, 14, 14, 11, 10, 17, 10, 17, 18, 17, 17, 23, 24, 21, 4]
[0, 1, 1, 1]
[0, 1]
[0, 1]
[0, 4, 4, 1, 4, 1]
[2, 5, 5, 5, 0, 5]
[10, 3, 1, 3, 6, 4, 6, 7, 10, 0, 14, 13, 14, 10, 10]
[0, 1, 4, 2, 4, 5, 9, 9, 4, 9, 9, 1]
[3, 3, 4, 0, 6, 4, 8, 4, 4, 11, 19, 11, 11, 13, 11, 19, 19, 19, 4, 19, 22, 20, 22, 22, 4]
[2, 0, 2, 8, 8, 8, 8, 3, 12, 12, 12, 8, 12, 13, 17, 17, 14, 2]
[3, 3, 6, 6, 6, 0, 8, 6, 8, 11, 8, 8, 14, 8, 6, 6, 20, 19, 20, 16, 20, 24, 24, 21, 6]
[8, 1, 2, 3, 6, 8, 8, 0, 8, 8, 8]
[0, 1, 2, 1, 1, 7, 5, 5, 5, 11, 9, 11, 14, 12, 5, 15, 15, 1]
[3, 3, 11, 3, 4, 8, 8, 9, 3, 11, 0, 11, 15, 15, 12, 11]
[2, 5, 5, 5, 0, 5, 5, 9, 10, 5, 12, 10, 15, 15, 10, 17, 15, 5]
[3, 3, 0, 3, 4, 7, 5, 3]
[2, 3, 0, 3, 6, 7, 3, 7, 7, 11, 9, 11, 14, 11, 17, 15, 7, 3]
[0, 1]
[12, 4, 4, 12, 4, 7, 5, 7, 10, 7, 12, 0, 12, 12]
[5, 5, 5, 5, 0, 5, 6, 10, 10, 7, 5]
