[0, 1, 1, 1, 6, 4, 6, 7, 12, 12, 12, 8, 12, 16, 16, 12, 16, 19, 17, 16, 20, 21, 22, 22]
[2, 12, 5, 5, 2, 2, 8, 2, 12, 12, 12, 0, 12, 15, 13]
[3, 3, 5, 5, 0, 5, 12, 12, 11, 11, 8, 5, 12, 15, 13]
[10, 3, 1, 6, 6, 10, 6, 7, 10, 0, 10, 10]
[3, 3, 5, 5, 0, 5]
[4, 4, 4, 0]
[6, 3, 6, 6, 6, 0, 13, 13, 8, 13, 13, 13, 6, 13, 16, 13]
[0, 1, 1, 3, 7, 7, 1, 9, 7, 7, 14, 14, 14, 7, 14, 15]
[11, 11, 2, 7, 6, 7, 3, 7, 8, 11, 0, 13, 11, 13, 16, 14, 18, 16, 18]
[2, 0]
[0]
[4, 4, 4, 0, 7, 7, 4, 4, 8, 11, 4, 11, 11, 13]
[2, 0, 4, 2, 6, 4, 6, 6, 8, 6, 13, 13, 6, 13, 14, 14]
[7, 4, 4, 7, 4, 4, 0, 7, 8, 9, 9]
[2, 5, 5, 5, 0, 5, 8, 6, 5, 12, 12, 9, 12, 19, 19, 19, 19, 19, 12, 12, 22, 20]
[6, 3, 1, 6, 6, 0, 9, 9, 6, 9, 13, 13, 10, 6, 17, 17, 6, 17, 18, 17, 25, 25, 25, 25, 20, 25, 25, 29, 25, 29, 30]
[6, 3, 1, 5, 6, 0, 6, 6, 6, 11, 9, 11, 14, 12, 14, 14, 19, 19, 11, 19, 19, 19, 22, 23]
[0, 1, 4, 2, 6, 4, 8, 6, 8, 8, 10, 15, 15, 15, 11, 15, 18, 15, 23, 21, 23, 23, 18]
[11, 1, 7, 5, 7, 7, 2, 9, 7, 11, 0, 13, 11, 16, 16, 13, 16, 20, 20, 17]
[2, 0, 2, 3, 9, 9, 9, 9, 4, 9, 9, 9, 9, 15, 9, 18, 18, 15]
[0, 1, 1, 3]
[3, 3, 4, 0, 7, 7, 4, 4, 10, 12, 12, 4, 12]
[2, 5, 4, 5, 0]
[2, 7, 2, 3, 7, 7, 0, 7, 11, 11, 8, 14, 14, 18, 18, 18, 18, 11, 18, 19]
[4, 4, 4, 6, 6, 0, 6, 9, 7, 14, 14, 13, 14, 9]
[2, 0, 2, 5, 3, 10, 10, 9, 7, 5, 12, 14, 14, 10]
[2, 0, 2, 3, 3, 3, 6]
[2, 0, 2, 5, 3, 5, 11, 11, 11, 11, 2]
[4, 4, 4, 11, 7, 7, 4, 11, 11, 11, 0, 11, 11, 11, 14]
[2, 6, 4, 6, 6, 0, 8, 6, 8, 8, 12, 8, 12, 13, 16, 14]
[5, 5, 5, 5, 0, 7, 5, 7, 8, 11, 9]
[2, 3, 0, 3, 6, 3, 3, 9, 15, 9, 13, 13, 10, 15, 3]
[2, 0, 7, 5, 6, 7, 2]
[2, 0, 7, 7, 4, 4, 2, 10, 10, 7, 10, 13, 11, 18, 18, 18, 18, 13, 7, 21, 23, 23, 7, 23, 26, 23, 26, 26, 28, 32, 32, 29, 35, 35, 26, 35]
[3, 3, 15, 3, 4, 5, 8, 5, 10, 15, 10, 13, 11, 15, 0, 15, 18, 15, 20, 15, 24, 24, 24, 20, 24, 25, 24]
[0, 1, 1]
[5, 3, 5, 5, 0, 7, 5, 7, 10, 7, 7, 11, 11, 16, 16, 13, 16, 20, 20, 17]
[19, 4, 4, 1, 4, 5, 4, 10, 10, 4, 10, 15, 15, 15, 19, 19, 19, 19, 0, 21, 19]
[4, 4, 4, 0, 8, 8, 8, 4, 8, 12, 12, 9]
[0, 1, 1, 3, 6, 4, 6, 9, 6, 1, 13, 13, 1, 13]
[2, 9, 2, 3, 4, 8, 8, 4, 0, 9, 14, 14, 14, 10, 9, 17, 9, 19, 17]
[0, 1, 1, 1, 6, 1]
[2, 7, 2, 2, 6, 7, 0, 7, 10, 7, 13, 13, 10, 19, 19, 19, 19, 19, 13, 19, 22, 19, 22, 27, 27, 27, 23]
[2, 0, 7, 5, 7, 7, 2]
[20, 1, 7, 7, 7, 7, 2, 1, 10, 8, 10, 15, 15, 15, 11, 15, 20, 20, 20, 0, 20, 21, 22, 22, 24, 22, 28, 26, 28, 31, 29]
[2, 6, 4, 2, 6, 0, 9, 9, 6, 9, 16, 16, 12, 15, 12, 10]
[3, 3, 4, 0, 6, 4, 6, 10, 10, 7]
[4, 4, 4, 0, 6, 4, 8, 9, 4, 9, 12, 9]
[3, 3, 0, 3, 3, 8, 8, 5, 8, 14, 12, 14, 14, 9, 14, 8, 19, 19, 16, 19, 20]
[3, 3, 6, 6, 6, 0, 6, 9, 7, 12, 12, 9, 12, 6, 17, 17, 18, 6, 18, 21, 19]
[2, 8, 2, 3, 6, 3, 8, 10, 10, 0, 12, 10, 15, 15, 12]
[2, 0, 2, 3]
[2, 0, 5, 5, 2, 9, 9, 9, 5, 9, 10, 11, 14, 12]
[3, 3, 4, 12, 4, 9, 9, 9, 5, 9, 12, 0, 15, 15, 12]
[3, 3, 9, 3, 6, 3, 3, 7, 0, 13, 13, 13, 9, 13, 21, 21, 16, 21, 21, 21, 14, 23, 21, 26, 26, 23, 26, 30, 30, 26]
[3, 3, 0, 3, 6, 4, 3, 10, 10, 3, 12, 10, 17, 17, 17, 17, 12, 17, 17, 21, 19]
[2, 0, 7, 7, 7, 7, 2, 9, 12, 12, 12, 7, 12, 2]
[5, 5, 5, 5, 9, 7, 9, 9, 0, 9, 12, 10]
[12, 3, 1, 5, 3, 5, 6, 11, 11, 11, 12, 0, 15, 15, 12, 12, 18, 16, 18, 19, 20, 23, 21, 23, 27, 27, 24, 29, 27, 37, 32, 37, 37, 35, 37, 37, 29, 39, 37]
[0, 1, 4, 2, 6, 1]
[0, 3, 1, 6, 6, 1, 8, 6, 11, 11, 8, 13, 11]
[2, 3, 0, 3, 3, 8, 8, 5]
[2, 0, 4, 2, 6, 2, 2, 11, 11, 11, 7, 2, 14, 2, 14, 14, 18, 19, 14, 14, 14, 21, 2]
[4, 4, 4, 0, 8, 8, 8, 4, 8, 8, 10, 10, 4, 15, 17, 17, 4, 17, 17]
[5, 5, 5, 5, 17, 5, 9, 9, 6, 9, 10, 11, 9, 9, 14, 15, 0, 22, 22, 22, 22, 17]
[5, 3, 5, 5, 0, 5, 6, 7, 10, 13, 13, 13, 8, 13, 17, 17, 13]
[3, 3, 0, 3, 4, 5, 11, 9, 11, 11, 6, 11, 3, 15, 17, 17, 3, 17]
[7, 7, 7, 7, 7, 7, 0, 7, 7, 12, 12, 9]
[16, 16, 6, 6, 6, 16, 6, 11, 11, 11, 7, 11, 12, 16, 16, 0, 16, 20, 20, 17]
[2, 7, 7, 7, 4, 5, 0, 7, 7, 11, 7, 16, 14, 16, 16, 7]
[2, 0, 4, 2, 6, 4, 4, 10, 10, 7, 12, 13, 10, 2, 16, 18, 18, 2, 18, 22, 22, 18]
[3, 3, 0, 3, 6, 3]
[4, 1, 1, 0, 6, 4, 4, 7, 4, 11, 4, 14, 14, 11, 16, 14, 20, 19, 20, 24, 20, 23, 21, 16, 26, 24]
[0, 3, 5, 3, 1]
[2, 0, 2, 5, 3, 2, 6, 10, 10, 7]
[5, 1, 2, 5, 0, 5, 10, 10, 10, 6, 10, 10]
[4, 4, 4, 0, 4, 5, 6, 4]
[2, 0, 2, 6, 6, 3]
[3, 3, 7, 3, 6, 4, 0, 7, 8, 12, 12, 9, 14, 16, 16, 7, 16]
[0, 1, 4, 2, 4, 8, 8, 5]
[2, 0, 5, 5, 2, 5, 10, 7, 7, 6, 2, 2, 15, 15, 12, 17, 12, 20, 20, 17, 24, 24, 24, 20, 26, 24]
[2, 0, 2, 3, 6, 4, 13, 12, 12, 12, 12, 13, 3, 2, 18, 18, 18, 2, 18, 21, 19, 24, 24, 18, 24, 25, 25]
[10, 1, 1, 8, 8, 8, 8, 3, 10, 0, 12, 10, 12, 13, 17, 17, 14]
[0, 4, 4, 1, 6, 4, 6, 6, 10, 6, 6, 14, 14, 11]
[4, 4, 4, 0, 4, 9, 9, 9, 5, 9, 12, 10, 14, 15, 12, 15, 18, 16, 18]
[3, 3, 21, 3, 4, 5, 5, 5, 11, 11, 5, 11, 14, 12, 17, 17, 14, 17, 21, 21, 0, 24, 24, 25, 21, 21, 26]
[22, 22, 4, 2, 2, 8, 8, 5, 2, 9, 2, 2, 15, 15, 12, 15, 18, 16, 22, 22, 22, 0, 22, 26, 26, 23, 28, 26, 32, 32, 32, 28, 32, 36, 36, 32, 36, 36]
[3, 3, 0, 5, 3, 5, 8, 5, 8]
[5, 5, 5, 5, 0, 7, 5, 7, 10, 7, 14, 14, 14, 10]
[2, 5, 5, 5, 0, 5, 5]
[3, 3, 0, 3, 7, 7, 4, 9, 7, 9, 12, 10, 12, 13, 12, 15, 18, 16, 3, 23, 23, 23, 3, 25, 23, 25]
[4, 4, 4, 5, 0, 5, 5]
[2, 0, 5, 5, 2, 5, 10, 10, 10, 5, 2, 2, 12, 15, 12]
[2, 3, 0, 3, 6, 10, 10, 10, 10, 4, 10, 10, 15, 15, 12, 10, 10, 20, 20, 10, 20, 21, 22]
[2, 14, 7, 7, 7, 7, 14, 7, 10, 7, 7, 11, 14, 0, 16, 14, 16, 17, 14, 24, 20, 20, 24, 19, 24, 24, 28, 24, 24, 32, 32, 29]
[2, 0, 2, 3, 2, 7, 2, 7, 11, 9, 8, 11, 15, 15, 12, 2, 18, 2, 21, 21, 18, 21, 21, 23]
[2, 5, 2, 3, 0, 5, 6, 10, 10, 7, 5, 13, 11, 15, 11, 15, 18, 16, 18, 18, 23, 23, 20]
[2, 5, 5, 5, 0, 7, 5, 5, 5, 5, 13, 13, 10, 13, 14, 13, 18, 16]
[2, 3, 0, 6, 6, 3, 8, 9, 3, 11, 9, 9, 9, 13, 3]
[2, 7, 7, 7, 7, 7, 0, 7, 10, 8, 7, 17, 17, 17, 17, 17, 7, 21, 20, 21, 17, 21, 21, 28, 28, 27, 28, 23, 28, 29]
[2, 5, 5, 5, 0, 8, 8, 5]
[3, 3, 0, 10, 10, 10, 6, 6, 10, 3]
[2, 0, 2, 2, 2, 7, 5, 5, 8, 11, 9, 11]
[2, 0, 4, 2, 7, 7, 4, 4, 11, 11, 8]
[9, 1, 4, 2, 4, 7, 4, 9, 0, 11, 12, 9, 12, 12, 12, 18, 18, 15, 18, 23, 23, 23, 19, 18, 26, 24, 26]
[0, 4, 4, 1, 4, 7, 4, 11, 11, 11, 7, 11, 14, 11, 18, 18, 18, 14, 18, 22, 22, 19]
[3, 3, 0]
[2, 3, 0, 5, 3, 8, 8, 5, 8, 9, 13, 13, 10, 9, 14, 9, 18, 16, 20, 16, 22, 20, 20]
[2, 0, 4, 2, 8, 8, 8, 4, 8, 11, 9, 14, 14, 8, 17, 17, 14]
[3, 3, 32, 5, 3, 5, 8, 6, 8, 12, 12, 8, 12, 13, 16, 14, 16, 17, 18, 18, 16, 16, 25, 25, 16, 25, 28, 26, 28, 29, 32, 0, 34, 32, 36, 32]
[2, 11, 2, 5, 6, 7, 3, 7, 10, 8, 0, 13, 11, 16, 16, 11, 18, 16, 18, 22, 22, 19, 22, 23, 27, 27, 18, 29, 27, 31, 32, 29, 35, 35, 32]
[3, 3, 8, 8, 8, 8, 8, 0, 8, 15, 15, 15, 14, 15, 8, 15, 20, 20, 20, 16, 23, 23, 27, 23, 27, 27, 20, 27]
[11, 1, 4, 2, 4, 11, 8, 9, 10, 11, 0, 11, 14, 18, 14, 17, 14, 11, 21, 21, 18, 21, 22, 18]
[3, 3, 0, 8, 8, 8, 8, 3, 8, 9, 3, 13, 11, 13, 14]
[3, 3, 4, 0, 7, 7, 4, 4, 12, 12, 12, 8, 12, 16, 16, 13]
[2, 4, 4, 0, 6, 4, 4, 9, 4, 9, 9, 11, 4]
[0, 1, 4, 2, 1, 8, 8, 1, 8, 9, 10, 10]
[2, 0, 2, 2, 6, 4, 2, 7, 11, 11, 7]
[5, 3, 5, 5, 11, 5, 5, 10, 10, 11, 0, 11, 11, 15, 13, 15, 18, 16]
[2, 0, 2, 6, 6, 3, 2, 10, 10, 7, 12, 10, 14, 12, 7, 7, 19, 19, 16, 21, 19, 21, 22, 26, 26, 23]
[6, 6, 6, 6, 6, 0, 8, 6, 8, 8, 10, 15, 15, 15, 11]
[0, 1, 1, 3, 4, 7, 5, 17, 17, 17, 12, 13, 17, 17, 16, 17, 1, 17, 18, 21, 19]
[2, 0, 4, 2, 6, 4, 11, 11, 11, 11, 6, 13, 11, 13, 14, 17, 15, 13, 21, 21, 18, 18, 18]
[6, 1, 2, 6, 4, 0, 6, 7, 6, 9, 9, 13, 6, 6, 19, 19, 16, 16, 14, 19, 19, 24, 24, 21]
[4, 4, 4, 0, 4, 7, 4, 7, 8, 9, 15, 15, 15, 15, 7, 15]
[3, 3, 4, 0, 4, 4, 8, 6, 4, 11, 12, 4, 12, 15, 12]
[2, 11, 2, 5, 3, 2, 6, 10, 10, 7, 0, 11, 14, 12]
[3, 3, 0, 7, 7, 7, 3, 3, 13, 13, 10, 11, 8, 13, 14]
[2, 3, 0, 3, 4, 7, 5, 7, 10, 8]
[2, 6, 2, 5, 3, 0, 6, 9, 7, 11, 16, 11, 11, 16, 16, 9, 16, 20, 20, 17]
[3, 3, 0, 3, 6, 4, 8, 6]
[2, 0, 2, 2, 4, 5, 10, 10, 10, 6, 14, 14, 14, 10]
[3, 3, 13, 5, 12, 12, 12, 12, 12, 12, 12, 3, 0, 16, 16, 13, 18, 16, 18, 19]
[5, 4, 4, 1, 0, 5, 9, 9, 6, 9, 10, 13, 16, 16, 16, 11]
[2, 0, 4, 2, 2, 9, 9, 9, 5, 12, 12, 2, 19, 19, 18, 18, 18, 14, 12, 22, 22, 19, 22, 27, 26, 27, 23, 22, 28, 35, 30, 34, 34, 35, 29, 35, 36, 35, 40, 38]
[2, 7, 7, 7, 7, 7, 0, 7, 10, 11, 7, 11, 14, 12, 14, 15]
[3, 3, 0, 3, 6, 4, 3, 10, 10, 7, 10, 10, 14, 12, 10, 10]
[0, 3, 1, 3, 7, 7, 4, 9, 3]
[5, 5, 5, 5, 9, 5, 8, 6, 0, 9, 9, 11, 11, 13, 14, 18, 18, 9, 21, 21, 18, 21, 25, 25, 22]
[3, 3, 0, 3, 3, 9, 6, 9, 5, 3, 16, 11, 14, 12, 16, 3, 19, 19, 16]
[17, 1, 6, 6, 6, 2, 8, 6, 10, 17, 17, 17, 14, 17, 17, 17, 0, 17, 22, 22, 22, 17, 22, 27, 26, 27, 23, 17, 31, 31, 17, 31]
[4, 4, 4, 20, 4, 4, 10, 10, 10, 6, 16, 11, 14, 15, 16, 10, 16, 17, 20, 0, 20, 21, 20, 25, 23]
[3, 3, 0, 3, 8, 8, 8, 4, 8, 12, 12, 9, 12, 13, 14, 14, 16, 14, 14]
[3, 3, 0, 20, 8, 8, 8, 20, 8, 11, 9, 11, 8, 16, 16, 13, 20, 20, 20, 3, 3, 3, 3]
[2, 0, 2, 5, 3, 5, 8, 6, 8, 11, 8, 8, 14, 12, 17, 17, 18, 14, 18]
[0, 1, 1, 3, 3, 1, 8, 6, 8, 9, 12, 14, 14, 1, 22, 18, 18, 22, 18, 19, 22, 14, 22, 26, 26, 23, 26, 31, 31, 31, 27]
[6, 3, 6, 6, 6, 0]
[2, 6, 2, 5, 3, 0, 6, 10, 10, 7, 10, 13, 11]
[20, 3, 1, 3, 8, 8, 8, 4, 8, 14, 14, 14, 14, 8, 14, 15, 19, 19, 16, 0, 23, 23, 20, 23, 24, 25, 28, 26]
[2, 0, 4, 2, 4]
[2, 3, 0, 3, 4, 7, 5, 11, 10, 11, 3, 11, 15, 15, 12]
[6, 6, 4, 6, 6, 0, 6, 9, 6, 9, 12, 10, 14, 15, 12, 17, 15, 17, 22, 22, 22, 17, 22, 27, 27, 27, 23]
[2, 7, 2, 6, 6, 3, 0, 7, 8, 11, 8]
[0, 1, 2, 5, 3, 8, 8, 5, 8, 9, 10, 11, 12, 15, 12]
[9, 1, 2, 2, 2, 5, 8, 9, 0, 12, 12, 9, 15, 15, 12, 15, 18, 16, 20, 15, 23, 23, 20, 25, 23, 25]
[2, 0, 5, 5, 2]
[3, 3, 0, 5, 3, 7, 5, 3, 11, 11, 3, 14, 14, 11, 17, 17, 11, 17, 18]
[2, 0, 4, 2, 4, 8, 8, 5]
[2, 0, 2, 3, 4, 5, 5, 5, 10, 8, 10, 10, 2, 2, 14, 19, 19, 19, 15, 19]
[4, 4, 4, 0, 6, 4, 4, 10, 10, 7, 4, 13, 4, 13, 13, 17, 15, 13, 13, 21, 19]
[2, 4, 4, 0, 4, 7, 4, 7, 13, 13, 13, 13, 7, 13, 14, 15]
[3, 1, 12, 5, 3, 7, 12, 7, 8, 9, 12, 0, 15, 15, 12, 15, 22, 19, 22, 22, 22, 16]
[3, 3, 0, 5, 3, 3, 8, 9, 3, 11, 9, 15, 15, 15, 11]
[3, 3, 0, 3, 7, 7, 4, 4, 4, 9, 12, 10, 16, 13, 13, 12]
[0, 1, 2, 5, 3, 7, 5, 7, 10, 8]
[2, 0, 2, 2, 6, 2]
[4, 4, 4, 0, 4, 4, 6, 9, 7, 6, 13, 13, 10]
[4, 3, 4, 11, 6, 7, 4, 10, 10, 7, 0, 16, 14, 16, 16, 11, 16, 17, 20, 18, 20, 21, 22, 22, 22, 22, 28, 26]
[2, 3, 0, 3, 6, 3, 8, 6, 8, 8, 8, 14, 14, 11]
[2, 6, 6, 6, 6, 0, 6, 9, 6, 11, 9, 14, 12, 16, 16, 11, 18, 16, 22, 22, 22, 11, 22, 26, 26, 23, 22, 27]
[2, 0, 6, 5, 6, 2, 6, 7]
[2, 0, 10, 10, 10, 8, 8, 10, 10, 2, 10, 11, 15, 15, 10, 15, 18, 16]
[5, 3, 1, 5, 0, 7, 5, 5, 10, 5, 10, 13, 10, 15, 13, 15, 15]
[0, 1, 4, 2]
[3, 3, 0, 3, 6, 7, 3, 9, 7, 3, 18, 18, 18, 18, 18, 18, 18, 3, 18, 21, 19, 21, 22, 25, 23, 21, 28, 26]
[3, 3, 0]
[2, 3, 0, 6, 6, 3, 6, 10, 10, 3]
[0, 6, 6, 6, 6, 1, 6, 6]
[4, 4, 4, 0, 7, 7, 4, 9, 7, 9, 9, 9, 12, 7, 16, 14, 22, 19, 22, 22, 22, 16]
[5, 5, 4, 5, 0, 5, 10, 10, 10, 6, 12, 5, 14, 12, 14, 14, 19, 19, 16, 19, 20, 21, 21]
[3, 3, 5, 5, 0, 7, 5, 7, 7, 9, 12, 7, 12]
[2, 0, 2, 3, 4, 4, 8, 4]
[3, 3, 6, 6, 6, 0, 8, 6, 8, 8, 14, 14, 14, 8, 14, 18, 18, 15, 18, 21, 19]
[5, 5, 5, 5, 0, 5, 5, 9, 7, 7, 14, 14, 14, 10, 14, 14]
[2, 4, 4, 0, 4, 7, 5, 7, 10, 8, 10, 13, 4, 20, 16, 20, 20, 20, 20, 13, 20, 26, 26, 23, 23, 20, 26, 29, 27]
[2, 0, 2, 5, 2, 5, 9, 9, 6, 11, 9, 13, 11, 13, 13, 13, 18, 16]
[3, 3, 0, 3, 6, 4, 6, 6, 10, 6, 3, 23, 14, 12, 14, 15, 19, 19, 14, 23, 23, 23, 3, 23, 27, 27, 23]
[4, 3, 1, 0, 7, 7, 4, 7, 7, 7, 13, 13, 10, 13, 13, 17, 13, 17, 21, 21, 13, 21, 24, 22, 24, 25]
[3, 3, 15, 3, 6, 4, 3, 15, 15, 11, 15, 11, 14, 11, 0, 15, 19, 19, 15, 19, 22, 20, 24, 28, 28, 28, 28, 19, 28, 31, 28, 31, 32, 31, 15]
[3, 3, 8, 3, 4, 5, 8, 0, 8, 9, 10, 11]
[2, 8, 4, 2, 6, 7, 4, 0, 10, 8]
[7, 7, 7, 7, 7, 7, 0, 7, 11, 11, 8, 7, 14, 7, 16, 14]
[5, 5, 5, 5, 0, 5, 8, 6, 8, 11, 8]
[6, 6, 2, 5, 2, 0, 6, 9, 7, 11, 6, 13, 11, 13, 14, 15, 18, 16, 18, 14, 23, 23, 20, 23, 26, 24, 13, 13, 28, 31, 29, 31, 32, 35, 33]
[4, 4, 4, 0, 4, 9, 9, 9, 4]
[7, 3, 7, 3, 6, 3, 0, 9, 7, 9, 12, 10, 12, 15, 12, 15, 16]
[2, 0, 2, 7, 7, 7, 3, 7, 10, 8, 10, 15, 15, 15, 10, 2, 20, 20, 20, 16, 20, 23, 21, 2, 32, 27, 32, 27, 28, 29, 32, 2, 32]
[3, 3, 0, 5, 3, 5, 6, 9, 7, 6, 12, 13, 10, 3, 16, 18, 18, 3, 18, 21, 19, 21, 22, 21]
[4, 4, 4, 0, 4]
[9, 4, 4, 9, 4, 5, 9, 9, 0, 13, 13, 13, 9]
[7, 7, 7, 7, 6, 7, 28, 7, 10, 8, 7, 14, 14, 7, 14, 18, 18, 15, 18, 21, 18, 14, 25, 25, 22, 27, 28, 0, 28, 31, 29, 34, 34, 31, 34]
[4, 3, 1, 0, 4, 7, 5, 7, 7, 11, 7, 11, 12, 16, 16, 13, 7, 19, 7, 21, 19, 23, 21, 21, 24, 25, 28, 25, 28]
[9, 3, 1, 9, 9, 9, 6, 6, 0, 9, 12, 10, 12, 13, 13, 13, 18, 13]
[4, 4, 4, 0, 4, 5, 8, 5, 10, 8, 13, 13, 10, 5, 5, 15, 18, 16, 18, 22, 22, 19]
[7, 5, 5, 5, 1, 7, 0]
[2, 0]
[8, 1, 2, 8, 6, 8, 8, 0, 8, 12, 12, 9, 12, 12, 12, 18, 18, 15, 8, 8, 20, 23, 20]
[2, 0, 2]
[2, 0, 2, 3, 6, 3, 6, 7, 12, 12, 12, 8, 8, 8, 14, 14, 20, 20, 20, 16]
[6, 6, 6, 6, 6, 16, 6, 11, 11, 11, 6, 11, 15, 15, 12, 0, 16, 17, 16]
[7, 1, 5, 5, 2, 7, 0, 7, 7, 13, 13, 13, 9, 13, 16, 14, 16, 20, 20, 17]
[2, 3, 4, 0, 4, 7, 5]
[3, 3, 0, 3, 3, 3, 9, 9, 6, 3, 10, 15, 15, 15, 11, 18, 18, 15]
[3, 3, 0, 3, 3, 11, 11, 7, 11, 11, 5, 14, 14, 11, 14, 17, 15, 17, 21, 21, 17]
[4, 4, 4, 7, 7, 7, 0, 7, 10, 8, 10, 11, 10, 21, 21, 21, 21, 21, 21, 21, 13]
[2, 0, 4, 2, 4, 5, 5, 9, 5, 5, 12, 10, 2, 15, 2, 18, 18, 15, 18, 22, 22, 19, 15, 15, 36, 25, 28, 36, 28, 33, 33, 33, 29, 36, 36, 24]
[2, 5, 2, 2, 0, 7, 5]
[3, 3, 0, 3, 6, 4, 3, 3, 3]
[0, 3, 1, 3, 7, 7, 4, 13, 10, 13, 13, 13, 3, 15, 13, 15, 1, 1, 18, 18, 22, 20, 25, 25, 22, 25, 26]
[4, 4, 4, 10, 4, 5, 6, 6, 10, 0, 13, 13, 10, 13, 14, 17, 14, 17, 17, 21, 17]
[0, 1, 4, 1, 4, 5, 9, 9, 1, 11, 9, 11, 14, 16, 16, 12, 16, 19, 17, 9, 9, 21, 21, 23, 26, 27, 23, 27, 27, 31, 27]
[3, 3, 0, 5, 3, 7, 5, 9, 7, 9]
[15, 8, 6, 6, 6, 2, 8, 15, 8, 12, 12, 9, 14, 15, 0, 17, 15, 21, 20, 21, 15]
[3, 3, 11, 3, 4, 11, 11, 11, 8, 8, 0, 11, 12, 13, 14, 14, 18, 16, 20, 18, 20, 21, 22, 28, 24, 28, 28, 23]
[4, 4, 4, 14, 6, 4, 10, 9, 10, 6, 10, 14, 14, 0, 16, 14, 18, 19, 16, 22, 22, 19, 22]
[2, 0, 4, 2, 4, 8, 8, 5]
[0, 4, 4, 1, 4]
[2, 0, 2, 2, 4, 4, 4]
[2, 3, 6, 6, 6, 0, 6, 10, 10, 6, 24, 15, 15, 15, 24, 18, 18, 15, 15, 19, 20, 24, 24, 6, 27, 27, 24, 29, 27, 29]
[5, 5, 5, 5, 0, 5, 8, 6, 10, 8, 13, 13, 10, 16, 16, 13, 16, 17]
[10, 1, 4, 10, 10, 10, 10, 9, 10, 0, 10, 11, 10, 18, 18, 18, 18, 13]
[4, 1, 1, 6, 6, 0, 6, 14, 11, 11, 14, 11, 11, 7, 14, 17, 15]
[5, 5, 2, 3, 13, 5, 8, 6, 8, 11, 9, 13, 0, 13, 17, 17, 14, 19, 13, 21, 19, 21, 22]
[6, 3, 6, 3, 3, 0]
[7, 3, 1, 3, 6, 4, 0, 10, 10, 7, 10, 14, 14, 11]
[5, 5, 4, 5, 0, 5, 9, 9, 16, 11, 9, 11, 12, 13, 16, 5, 18, 19, 16]
[4, 4, 4, 0]
[2, 3, 0, 3, 6, 4, 6, 6, 3, 12, 12, 3, 14, 12, 16, 14, 16, 16, 16, 22, 22, 19, 24, 22]
[7, 3, 7, 7, 7, 7, 24, 12, 12, 12, 12, 24, 15, 15, 16, 24, 19, 19, 16, 19, 19, 23, 24, 0, 24]
[2, 0, 9, 9, 9, 9, 9, 9, 2, 9, 12, 10, 12, 12, 12, 15]
[2, 4, 4, 7, 6, 7, 0, 7, 7, 11, 9, 11, 14, 12]
[3, 3, 0, 3, 6, 4, 8, 6, 6, 6, 6, 11, 14, 11, 14, 17, 15]
[2, 6, 2, 5, 2, 0, 6, 11, 8, 8, 7]
[6, 3, 6, 6, 6, 0, 8, 6, 14, 14, 14, 14, 14, 8, 14, 18, 18, 15, 18, 21, 19]
[11, 4, 4, 1, 9, 9, 9, 9, 11, 11, 0, 13, 11, 13, 16, 14, 11, 19, 30, 19, 20, 21, 22, 21, 21, 27, 25, 30, 30, 11]
[0, 1, 4, 2, 4, 9, 9, 9, 5, 11, 1, 11, 14, 12]
[2, 9, 2, 5, 3, 9, 8, 9, 0, 9, 9]
[2, 5, 5, 5, 0, 8, 8, 5, 10, 11, 8, 14, 14, 11, 14, 17, 15, 17, 25, 21, 25, 21, 24, 21, 18]
[6, 6, 2, 5, 2, 0]
[0, 1, 6, 5, 6, 2, 8, 6, 8, 13, 13, 13, 9, 13, 13]
[2, 15, 2, 6, 6, 3, 8, 9, 6, 11, 9, 11, 12, 15, 0, 15, 18, 15, 18, 24, 24, 24, 24, 19, 18, 25]
[21, 6, 6, 6, 6, 1, 6, 10, 10, 16, 12, 16, 16, 16, 16, 7, 16, 19, 17, 21, 0, 21, 22]
[2, 9, 2, 2, 4, 5, 6, 7, 0, 9, 10, 13, 9, 15, 13, 15, 18, 16]
[0, 1, 9, 5, 6, 9, 9, 9, 2, 11, 9]
[2, 5, 4, 2, 0, 8, 8, 5, 8, 14, 14, 13, 14, 9, 17, 17, 14, 17]
[3, 3, 0, 5, 3]
[4, 4, 4, 17, 12, 9, 9, 9, 12, 12, 12, 4, 12, 17, 17, 17, 0, 19, 17, 19, 23, 23, 20]
[3, 3, 0, 3, 7, 7, 4, 7, 10, 8, 12, 7, 12, 12, 14, 12]
[3, 3, 7, 3, 6, 3, 0, 9, 7, 7, 13, 13, 10, 13, 16, 14]
[2, 0, 2, 6, 6, 3, 8, 2, 8, 2, 14, 14, 14, 2, 14, 15, 15, 17, 23, 22, 20, 23, 15, 26, 26, 23]
[2, 4, 4, 0, 6, 4, 6, 9, 7, 9, 17, 14, 14, 17, 17, 17, 9, 17, 20, 17, 23, 23, 17, 23, 26, 24, 23, 29, 27, 29, 30, 23, 34, 32]
[2, 0, 5, 5, 2, 7, 2, 9, 7, 11, 9, 11, 12, 13, 18, 18, 18, 14, 20, 7, 20, 21, 24, 22, 20, 27, 25, 30, 30, 33, 33, 33, 27, 33, 36, 34, 36, 39, 37]
[14, 3, 14, 3, 7, 7, 4, 7, 10, 8, 14, 14, 14, 0, 14, 14]
[4, 4, 4, 0, 4, 5, 6, 10, 10, 6, 4, 11, 14, 12]
[3, 3, 0, 3, 8, 8, 8, 4, 3, 3, 13, 13, 10, 13, 17, 17, 14]
[3, 3, 0, 5, 3, 3, 9, 9, 6, 9, 14, 11, 11, 10, 14, 15, 16, 16, 22, 22, 22, 18]
[3, 3, 14, 3, 4, 8, 8, 5, 8, 11, 8, 14, 14, 0, 16, 14, 14, 17]
[6, 6, 6, 5, 6, 0, 6, 12, 11, 11, 12, 7, 6, 15, 22, 17, 15, 15, 21, 21, 15, 6]
[3, 3, 8, 3, 7, 7, 4, 0, 8, 11, 9, 13, 11, 15, 13]
[3, 3, 12, 3, 4, 9, 9, 9, 5, 12, 12, 0, 12, 15, 18, 18, 18, 13, 18, 18, 20, 20, 25, 25, 22]
[4, 4, 4, 0, 6, 4, 6, 9, 7, 9, 12, 10, 4, 4, 14, 14]
[2, 0, 4, 2]
[2, 0, 4, 2, 7, 7, 2, 7]
[2, 10, 2, 5, 2, 10, 10, 10, 10, 0, 13, 13, 10, 13, 14, 10, 20, 20, 20, 10, 20, 21, 22, 25, 23]
[3, 3, 0, 3, 6, 3, 6, 11, 11, 11, 6, 11, 14, 11, 14, 17, 15, 19, 17]
[15, 4, 4, 15, 4, 7, 5, 7, 8, 12, 12, 5, 12, 13, 0, 15, 21, 21, 18, 18, 16]
[12, 4, 4, 1, 1, 9, 9, 9, 5, 12, 12, 0, 12, 13, 17, 17, 14, 14, 20, 18, 20]
[3, 3, 0, 3, 6, 4, 8, 6, 8, 3, 14, 14, 14, 3, 20, 20, 20, 20, 20, 14]
[6, 4, 4, 1, 6, 0, 8, 6, 6, 15, 15, 15, 15, 15, 9, 15, 18, 15, 18, 19]
[3, 3, 0, 3, 6, 8, 8, 4, 10, 3, 12, 10, 12, 16, 16, 13, 16, 19, 17, 12, 20, 26, 24, 26, 26, 12, 26, 27, 27]
[2, 19, 2, 8, 6, 4, 8, 2, 8, 11, 8, 14, 14, 8, 14, 17, 15, 17, 0, 19, 20]
[2, 3, 0, 5, 3]
[3, 3, 0, 5, 3, 5, 8, 6, 8, 9, 3, 15, 15, 15, 3, 15, 15, 19, 17, 22, 22, 15, 24, 22, 24, 25, 22, 30, 30, 22, 30, 33, 37, 37, 37, 37, 30, 40, 40, 37, 40, 41]
[2, 0]
[2, 0]
[2, 0, 4, 2, 2, 7, 5, 7, 12, 12, 12, 8]
[11, 11, 2, 5, 3, 5, 8, 6, 11, 11, 0]
[3, 3, 0, 3, 6, 3, 3, 12, 12, 12, 12, 3]
[4, 4, 4, 6, 6, 0, 6, 9, 7]
[5, 5, 5, 5, 12, 5, 9, 9, 6, 12, 12, 0, 12, 16, 16, 13, 12, 22, 22, 22, 22, 12, 22, 25, 23, 25, 28, 25]
[2, 3, 0, 5, 6, 3, 8, 6, 8, 11, 9]
[13, 4, 4, 1, 4, 8, 8, 5, 8, 11, 8, 13, 0, 15, 13, 15, 18, 15, 18, 19, 19]
[2, 10, 2, 5, 3, 7, 5, 7, 10, 0, 10, 11]
[2, 0, 8, 8, 7, 7, 8, 2, 8, 9, 10, 11, 10]
[2, 0, 6, 6, 6, 2, 6, 9, 7, 2, 12, 13, 2, 13, 14, 14, 14, 19, 14]
[10, 4, 4, 10, 4, 5, 6, 6, 10, 0, 13, 13, 10, 10, 17, 17, 14, 17, 18, 19, 19, 17, 22, 26, 26, 23]
[2, 4, 4, 0, 7, 7, 4]
[2, 0, 2, 5, 3]
[25, 25, 2, 25, 11, 11, 11, 11, 11, 11, 4, 11, 14, 15, 11, 17, 15, 25, 21, 21, 25, 21, 21, 25, 0]
[2, 0, 4, 2, 4, 7, 5, 2, 10, 8, 10, 11, 8, 15, 13, 2, 18, 22, 18, 19, 22, 2]
[16, 5, 4, 2, 16, 5, 9, 9, 11, 11, 6, 16, 16, 15, 16, 0]
[6, 6, 4, 6, 6, 0, 6, 7, 16, 16, 16, 16, 14, 16, 16, 6, 16, 17]
[9, 9, 4, 2, 4, 4, 9, 9, 0, 9, 9, 11, 11, 17, 17, 17, 9, 17, 20, 18, 22, 17, 22]
[0, 1, 1, 1, 6, 1, 8, 6, 8, 11, 9]
[2, 4, 4, 0, 4, 4, 6, 7, 11, 11, 8]
[2, 0, 2, 6, 6, 3, 9, 9, 6, 11, 9, 11, 15, 15, 12]
[2, 0, 2, 3, 7, 7, 10, 10, 10, 3]
[4, 4, 4, 0, 4, 4, 9, 9, 6, 9, 12, 10, 9, 16, 16, 9, 16, 19, 17, 23, 23, 23, 4, 23, 26, 28, 28, 23, 4]
[2, 3, 0, 3, 7, 7, 4]
[2, 6, 2, 2, 6, 0]
[11, 11, 5, 5, 2, 7, 11, 11, 11, 11, 0]
[7, 1, 6, 3, 6, 2, 0, 7, 11, 11, 8]
[0, 1, 1, 3, 3, 8, 8, 3, 12, 12, 12, 8, 12, 15, 12, 1]
[3, 3, 0, 3, 3, 5, 8, 6, 10, 8, 10, 11, 12, 12, 3, 17, 3, 21, 20, 21, 17]
[2, 0, 2, 6, 6, 3, 6, 7, 2, 12, 12, 2, 14, 12]
[2, 0, 2, 12, 10, 10, 8, 10, 10, 12, 12, 2, 14, 12, 12, 15, 18, 16, 18, 21, 18, 21]
[3, 3, 0, 5, 3]
[2, 0, 4, 2]
[2, 4, 4, 0, 4, 4, 9, 9, 6, 11, 9, 13, 11, 13, 13, 19, 19, 19, 15]
[7, 7, 7, 7, 7, 7, 0, 7, 10, 8, 13, 13, 7, 13, 20, 20, 19, 19, 20, 14]
[0, 1, 1, 7, 7, 7, 3, 7, 7, 9, 10, 11, 7, 21, 20, 17, 18, 20, 20, 21, 13, 21, 22, 26, 26, 23, 26, 29, 26]
[3, 3, 0, 3, 4, 3, 8, 3, 14, 14, 14, 14, 14, 8, 14, 15, 14, 24, 18, 21, 18, 24, 24, 14, 24, 25, 28, 24, 28]
[4, 4, 4, 0, 4, 7, 4, 4, 11, 11, 8]
[8, 3, 5, 5, 1, 5, 6, 0, 10, 8, 10, 11, 15, 15, 12]
[5, 4, 4, 5, 9, 7, 5, 9, 0, 11, 9, 11, 17, 13, 17, 17, 12]
[0, 3, 1, 3, 4, 5, 8, 6, 8, 11, 9, 14, 14, 3, 16, 14, 18, 16, 18, 21, 18, 18]
[4, 3, 4, 0, 4, 7, 4, 4, 11, 11, 8]
[3, 3, 0, 3, 4, 5, 3, 9, 3, 11, 12, 9]
[2, 4, 4, 0, 10, 9, 9, 9, 10, 4, 12, 10, 14, 12, 14, 15, 14, 17, 12, 21, 19, 21, 21]
[2, 0, 2, 2]
[7, 3, 4, 7, 4, 4, 11, 11, 11, 11, 0]
[2, 0, 2, 5, 3, 2]
[5, 3, 1, 5, 0, 7, 5, 10, 10, 7, 12, 13, 10]
[4, 4, 4, 10, 8, 8, 8, 4, 10, 0, 13, 13, 10, 13, 13, 18, 18, 13, 23, 23, 23, 23, 10, 23, 23, 23, 28, 23, 31, 31, 28, 31, 36, 36, 36, 32, 36, 36]
[3, 3, 5, 5, 0, 5, 5, 7, 10, 8, 10, 15, 15, 15, 11]
[3, 3, 0]
[7, 7, 7, 7, 7, 7, 8, 0, 10, 8, 10, 10]
[2, 24, 4, 2, 2, 5, 6, 9, 12, 12, 12, 2, 14, 12, 16, 14, 14, 19, 14, 19, 22, 20, 24, 0, 26, 24, 26, 26, 26, 31, 29]
[2, 3, 11, 6, 6, 3, 11, 11, 11, 11, 0, 11, 15, 15, 12, 11, 18, 11, 18, 22, 22, 19, 22]
[2, 0, 4, 2, 2, 8, 8, 5, 13, 13, 13, 13, 2, 13, 14, 17, 15, 15, 20, 18, 13, 23, 13, 25, 23, 25, 26, 27, 27]
[0, 1, 4, 1, 7, 7, 4, 1, 10, 16, 10, 11, 16, 16, 16, 1]
[4, 4, 4, 0, 6, 4, 8, 6, 8, 9]
[4, 4, 4, 0, 4, 4, 4, 7, 11, 11, 8, 11, 14, 12, 11]
[4, 4, 4, 0, 4, 8, 8, 5]
[5, 1, 5, 5, 0, 5, 8, 6, 8, 14, 10, 10, 14, 9]
[2, 5, 5, 5, 0, 5, 11, 11, 11, 11, 14, 14, 14, 5, 14, 15]
[12, 3, 1, 3, 6, 4, 11, 10, 10, 11, 12, 0, 14, 12, 16, 14, 16, 20, 20, 17, 14, 23, 26, 26, 26, 14, 26]
[10, 3, 1, 3, 6, 4, 8, 3, 10, 0, 10, 14, 14, 10]
[2, 7, 4, 2, 6, 4, 0, 9, 7, 9, 10, 9, 14, 12, 14, 9, 18, 16, 18, 21, 19, 23, 21, 28, 24, 24, 28, 23]
[5, 1, 1, 5, 0, 7, 5, 7, 7, 13, 13, 13, 7, 13, 14, 14, 14, 14, 18, 21, 19, 18, 18, 23]
[0, 1, 1]
[0, 1, 4, 2, 4, 4]
[5, 1, 4, 1, 0, 7, 5, 7, 8, 9, 12, 9]
[0, 3, 1, 6, 6, 3, 9, 9, 6, 9, 9, 3, 15, 15, 16, 3, 18, 16, 20, 18, 20, 20, 22]
[3, 3, 0, 3, 7, 7, 4, 7, 10, 8, 10, 13, 10, 3, 3, 18, 18, 3, 18, 18, 22, 23, 18, 23, 23, 27, 25, 29, 23, 31, 29, 33, 31]
[0]
[3, 3, 0, 3, 6, 4, 6, 9, 3, 9, 13, 13, 10, 3, 19, 19, 19, 19, 3, 19, 20, 19, 24, 19, 26, 24, 28, 35, 28, 33, 30, 33, 29, 35, 26, 38, 38, 35, 40, 38, 40, 44, 44, 41]
[2, 3, 0, 3, 6, 4, 3, 3, 8, 11, 9, 14, 14, 11, 19, 19, 19, 19, 14, 21, 19, 25, 25, 25, 19]
[3, 3, 0, 5, 3, 5, 5, 7]
[13, 4, 4, 1, 4, 7, 5, 10, 10, 7, 10, 13, 0, 13, 16, 14, 14, 19, 14, 21, 19, 21, 13, 26, 26, 23]
[0, 4, 4, 5, 1, 7, 9, 9, 5, 11, 9, 11, 15, 15, 12, 19, 19, 19, 15, 19, 22, 19, 22]
[5, 5, 4, 5, 17, 7, 5, 7, 10, 8, 13, 13, 7, 13, 14, 17, 0, 19, 17, 19, 20, 21]
[6, 3, 1, 6, 6, 0, 6, 7]
[3, 3, 0, 3]
[3, 3, 4, 0, 4, 4, 6, 7, 11, 11, 8]
[0, 1, 4, 2, 4, 7, 4, 7, 8, 9, 9]
[3, 3, 8, 5, 3, 8, 8, 0, 13, 13, 13, 11, 8, 13, 8, 8, 18, 16, 16]
[2, 0, 4, 2, 6, 4, 12, 7, 10, 12, 10, 6, 2, 15, 17, 17, 2, 17, 18, 18]
[2, 5, 5, 5, 0, 5, 8, 6, 6, 6, 10, 14, 14, 11, 14, 15]
[9, 3, 1, 9, 9, 9, 9, 9, 0, 16, 16, 16, 16, 16, 16, 9]
[2, 5, 2, 2, 0, 5, 8, 5, 8, 12, 12, 9, 16, 16, 16, 12, 16, 16]
[0, 1, 4, 1, 1, 12, 8, 12, 12, 11, 12, 5]
[2, 4, 4, 13, 4, 7, 5, 9, 13, 13, 13, 13, 0, 13]
[3, 3, 0, 3, 3, 5, 9, 9, 6, 9, 12, 10]
[8, 4, 4, 1, 6, 8, 8, 0, 8, 11, 8]
[2, 7, 2, 2, 6, 2, 0, 9, 7, 7, 13, 13, 10, 13, 16, 14]
[3, 3, 0, 6, 6, 3, 6, 9, 6, 3, 3, 11, 19, 16, 16, 13, 19, 19, 12, 19, 22, 20, 22, 25, 22]
[10, 4, 4, 1, 4, 5, 8, 6, 10, 0, 12, 10]
[5, 5, 5, 5, 0, 5, 6, 5, 5, 17, 10, 10, 14, 12, 14, 15, 5, 19, 17, 17, 20, 23, 21, 23, 24, 27, 25, 27, 27, 29, 17, 36, 34, 32, 36, 17, 36]
[12, 1, 2, 2, 6, 4, 6, 9, 7, 11, 12, 0, 14, 12, 14, 17, 14, 17, 20, 17]
[4, 4, 4, 0, 4, 7, 5]
[0, 3, 1, 7, 7, 7, 3, 3, 10, 8, 10, 11, 10, 16, 16, 10]
[3, 3, 0, 6, 6, 3, 3, 7, 12, 12, 12, 8, 15, 15, 12, 20, 20, 17, 18, 15, 15, 25, 25, 25, 15]
[0, 1, 2, 5, 1, 13, 10, 10, 10, 13, 13, 13, 5, 17, 17, 17, 13, 17, 18]
[2, 0, 2, 5, 3, 5, 6, 9, 7]
[2, 0, 2, 5, 3, 12, 8, 12, 8, 12, 12, 2, 2]
[8, 3, 1, 3, 4, 7, 8, 0, 8, 12, 12, 9, 12, 13, 14, 15]
[2, 5, 5, 5, 0, 5, 5, 14, 14, 14, 14, 11, 11, 5]
[3, 3, 0, 3, 3, 5, 6, 13, 10, 13, 13, 13, 7, 13, 14]
[3, 3, 0, 5, 3, 16, 10, 10, 10, 16, 10, 13, 11, 13, 13, 5, 18, 16, 21, 21, 5, 21, 22, 23, 23, 27, 25, 27, 31, 31, 28, 31]
[2, 14, 2, 6, 6, 3, 2, 10, 10, 2, 10, 14, 14, 0, 14, 17, 15, 20, 20, 17, 20]
[2, 0, 2, 2, 7, 7, 8, 2, 11, 11, 13, 13, 8]
[2, 0, 4, 2, 7, 7, 4, 4, 10, 8, 15, 15, 15, 15, 2]
[8, 8, 6, 6, 6, 8, 8, 0, 8, 11, 8, 14, 14, 11, 17, 17, 14, 17, 20, 18, 22, 17, 22, 26, 26, 22, 26, 29, 26, 29, 30]
[4, 4, 4, 5, 0, 7, 5, 9, 7, 9, 14, 14, 14, 10, 19, 19, 19, 19, 14, 19, 19, 21, 19, 19, 24]
[2, 0, 2, 3, 6, 3, 10, 9, 10, 6, 10, 11]
[2, 11, 2, 5, 3, 7, 5, 9, 7, 9, 0, 17, 17, 17, 17, 17, 11]
[3, 1, 0, 3, 3]
[2, 0, 5, 5, 2, 2, 8, 6, 8, 11, 8]
[2, 4, 4, 0, 4, 5, 6, 7, 7, 11, 4, 11, 12, 19, 16, 19, 19, 19, 13, 21, 19, 21, 24, 22]
[8, 4, 4, 1, 7, 7, 8, 0, 8, 12, 12, 9, 12, 15, 13, 15, 20, 17, 17, 16]
[4, 4, 4, 0, 4, 7, 5]
[5, 5, 5, 5, 0, 5, 6, 9, 7, 9, 9]
[0, 3, 1, 1, 1, 7, 5]
[2, 0, 2, 6, 6, 3]
[2, 13, 2, 2, 2, 7, 5, 13, 13, 13, 13, 13, 0]
[2, 0, 4, 2, 2, 7, 5, 7, 8, 11, 9, 11, 14, 12, 16, 14, 16, 16, 21, 21, 18, 21, 22, 2]
[0, 6, 4, 6, 6, 11, 6, 10, 10, 7, 1, 15, 15, 15, 11, 15, 19, 19, 16]
[5, 5, 5, 5, 0, 5, 6, 7, 7, 12, 12, 9, 12, 16, 16, 12, 7, 19, 17, 19]
[5, 5, 5, 5, 12, 5, 6, 12, 12, 12, 12, 0, 12, 15, 13]
[2, 0, 5, 5, 2, 5, 8, 5, 8, 12, 12, 9]
[9, 6, 6, 6, 6, 9, 6, 9, 0, 9]
[2, 8, 2, 2, 6, 8, 8, 0, 8, 14, 12, 13, 14, 9, 14, 17, 18, 14]
[2, 5, 2, 2, 0, 5, 6, 9, 7, 9, 9, 6, 14, 6]
[5, 5, 5, 5, 0, 5, 10, 10, 10, 11, 6, 5, 14, 5, 16, 14, 14, 24, 24, 24, 24, 24, 24, 17, 24, 24]
[2, 0]
[2, 0, 4, 2, 4, 7, 5, 7, 10, 8, 8, 14, 14, 11, 16, 8, 18, 16, 16, 19]
[2, 5, 5, 5, 0, 5, 6, 5, 5, 9, 10, 11, 11, 9, 17, 17, 14]
[5, 4, 4, 1, 0, 5, 5, 7]
[3, 3, 0, 5, 3, 5, 6, 7, 7]
[0, 3, 4, 1]
[3, 3, 0, 8, 8, 8, 8, 3, 8, 11, 9, 11, 15, 15, 12, 17, 15]
[5, 5, 5, 5, 32, 5, 6, 9, 5, 11, 9, 13, 11, 11, 17, 17, 14, 17, 18, 18, 30, 30, 22, 22, 22, 27, 25, 30, 30, 20, 32, 0, 34, 35, 32, 35, 36, 39, 35]
[8, 8, 8, 8, 8, 5, 5, 0, 8, 11, 8, 11, 12, 13, 16, 14]
[3, 3, 4, 0, 6, 4, 4, 9, 7, 4, 4, 14, 14, 11, 11, 15, 18, 16]
[3, 3, 0, 3, 4]
[2, 3, 0, 3, 7, 7, 8, 4]
[2, 3, 0, 3, 3, 3, 8, 10, 10, 3, 10, 10]
[3, 3, 0, 5, 3, 5, 8, 6, 8, 11, 9, 15, 15, 15, 5, 17, 15]
[2, 4, 4, 0, 4, 5, 8, 14, 8, 11, 9, 8, 14, 6, 14, 19, 18, 19, 15, 19, 22, 20]
[5, 5, 5, 5, 15, 5, 9, 9, 6, 13, 13, 13, 15, 15, 0, 15, 18, 16, 15, 19, 20, 23, 25, 25, 21, 25]
[2, 0, 2, 3, 8, 8, 8, 4, 8, 12, 12, 9]
[15, 4, 4, 1, 6, 1, 8, 11, 8, 9, 6, 6, 15, 13, 0, 15, 18, 15, 27, 21, 27, 27, 27, 23, 26, 23, 18, 27, 30, 28]
[5, 4, 4, 5, 0, 7, 5, 7, 10, 12, 12, 7, 12, 12, 14, 15, 18, 16, 18, 18]
[5, 3, 5, 5, 14, 5, 9, 9, 6, 13, 12, 13, 14, 0, 16, 14, 16, 17, 17, 22, 22, 17, 22, 23]
[3, 3, 0, 3, 3, 8, 8, 5, 10, 8, 12, 10, 12, 13, 12, 18, 18, 12, 20, 21, 12]
[2, 5, 2, 3, 0, 9, 9, 9, 5, 11, 9, 11]
[6, 6, 6, 6, 6, 0, 6, 14, 8, 14, 14, 14, 14, 6]
[2, 3, 4, 0, 4, 4, 12, 10, 10, 12, 12, 4, 15, 15, 12]
[3, 3, 0, 5, 3, 5, 10, 10, 10, 6, 10, 13, 11, 13, 16, 13]
[2, 0, 2, 2, 6, 2, 9, 9, 6, 12, 12, 6]
[3, 3, 14, 9, 6, 9, 9, 9, 3, 3, 12, 10, 14, 0, 14, 15]
[4, 4, 4, 7, 7, 7, 0, 9, 10, 7, 10, 11, 14, 11, 7, 17, 7, 19, 17, 19, 22, 19, 17, 27, 26, 27, 23]
[2, 6, 2, 5, 3, 0, 8, 6, 8, 12, 12, 9, 14, 12, 16, 14, 16, 19, 17, 19, 23, 23, 20]
[4, 4, 4, 0, 4, 8, 8, 14, 8, 11, 9, 13, 11, 4, 14, 14, 18, 16]
[2, 0, 2, 7, 7, 7, 3, 7, 10, 8, 2, 11, 12, 16, 16, 13, 11, 19, 17, 19, 22, 20]
[0, 3, 1, 5, 3, 5]
[3, 3, 6, 6, 6, 0, 6, 10, 10, 7, 10, 13, 11, 13, 13]
[2, 6, 2, 5, 3, 0, 8, 6, 12, 12, 12, 8, 8, 8, 16, 14, 16, 21, 21, 21, 17, 16, 26, 26, 26, 22, 28, 26, 30, 28]
[2, 4, 4, 0, 9, 8, 8, 9, 4, 9, 12, 10, 10, 13, 10]
[12, 3, 12, 3, 7, 7, 3, 3, 11, 11, 3, 0]
[8, 8, 2, 6, 6, 3, 8, 0, 8, 9, 10, 14, 14, 11, 14, 15, 16]
[4, 1, 1, 0, 4, 8, 8, 4]
[2, 0, 2, 7, 7, 7, 3, 12, 12, 12, 12, 7, 12, 16, 16, 12]
[2, 8, 2, 3, 4, 5, 8, 0, 13, 13, 13, 13, 8, 21, 16, 21, 16, 16, 20, 18, 13]
[10, 4, 4, 10, 6, 4, 10, 10, 10, 0, 12, 10]
[2, 0, 4, 2, 4, 8, 8, 5]
[2, 4, 4, 0, 4, 8, 8, 5, 4, 12, 12, 4, 14, 12, 12, 15, 16, 17, 20, 16, 22, 20, 20, 26, 26, 23]
[3, 3, 16, 3, 8, 8, 8, 4, 8, 12, 12, 8, 12, 16, 16, 0, 16, 16]
[17, 1, 4, 1, 1, 9, 9, 9, 5, 9, 13, 13, 10, 17, 17, 17, 0, 19, 17, 19, 19, 19, 24, 22, 29, 27, 29, 29, 19]
[3, 3, 0, 3, 8, 8, 8, 4, 8, 9, 10, 10, 14, 10, 14, 14, 19, 19, 16, 19, 19]
[0, 1, 4, 2, 6, 4, 6, 6, 6, 9, 10, 11, 12, 10, 16, 10, 18, 16, 20, 18, 22, 18, 22, 22]
[3, 3, 7, 3, 4, 5, 0, 14, 14, 9, 9, 9, 9, 7, 19, 19, 19, 19, 14, 22, 22, 19, 22, 22, 22]
[3, 3, 15, 7, 7, 7, 3, 15, 13, 9, 13, 13, 8, 15, 0]
[2, 0, 2, 6, 6, 2, 8, 6, 8, 8, 13, 13, 10]
[3, 3, 0, 3, 9, 9, 9, 9, 4, 3, 10, 15, 15, 15, 11]
[4, 4, 4, 0, 4, 7, 5, 7, 10, 4, 10, 15, 15, 15, 11, 11, 16, 11, 21, 21, 18, 23, 21, 25, 23, 25]
[0]
[0, 1, 1, 1, 1, 7, 5]
[0, 1, 4, 1, 4, 8, 8, 4, 8, 11, 8, 13, 11, 13, 16, 14, 22, 22, 22, 22, 22, 16, 22, 23]
[2, 8, 8, 6, 6, 3, 8, 0, 13, 11, 13, 13, 8, 13, 16, 14, 20, 20, 20, 16, 20, 24, 24, 21, 26, 24, 28, 26, 26, 29, 30, 30]
[3, 3, 0, 3, 3, 9, 9, 9, 5, 5, 5, 5, 12, 3]
[2, 0, 6, 6, 6, 2, 6, 9, 7]
[5, 1, 4, 2, 0, 7, 9, 9, 10, 5, 12, 10, 12, 15, 13, 15, 16, 19, 17, 19, 19]
[10, 10, 4, 10, 4, 4, 6, 7, 7, 0, 14, 14, 14, 10]
[2, 0, 4, 2, 4, 7, 5, 9, 7, 9, 13, 13, 10, 13, 16, 14, 22, 22, 22, 22, 22, 26, 26, 26, 26, 2, 26, 34, 30, 34, 30, 30, 34, 27, 34, 37, 35]
[3, 1, 6, 3, 4, 0, 8, 6]
[2, 4, 4, 0, 10, 8, 8, 10, 10, 4, 4, 13, 11, 15, 13, 15, 15, 20, 20, 15, 20, 20]
[2, 19, 2, 6, 6, 3, 8, 2, 13, 9, 12, 9, 2, 13, 16, 14, 19, 19, 0, 19, 19, 21, 24, 22, 24, 24, 28, 26, 19, 36, 32, 36, 32, 36, 36, 19]
[2, 0, 2, 2, 2, 2]
[4, 4, 4, 0, 4, 7, 5, 12, 11, 11, 12, 7, 12, 12, 17, 17, 14, 12, 22, 22, 22, 12, 24, 22, 22]
[2, 0, 4, 2, 4]
[4, 4, 4, 14, 6, 4, 4, 7, 8, 9, 14, 14, 14, 0, 14, 15, 16, 19, 16, 19, 19, 19, 19, 25, 23, 25, 26, 27, 27]
[2, 15, 4, 2, 6, 2, 6, 7, 10, 8, 10, 11, 15, 15, 0, 17, 15, 17, 18, 21, 19, 17, 22, 23, 26, 24, 26, 30, 30, 27, 24, 33, 31]
[2, 0, 2, 5, 3, 2, 9, 9, 2, 9, 12, 10, 12, 13, 12, 12, 18, 16, 18]
[0, 1, 2, 3, 6, 4, 6, 11, 11, 11, 7, 3, 16, 15, 16, 3, 16, 20, 20, 17, 20, 23, 21]
[2, 10, 2, 5, 9, 9, 8, 6, 3, 0, 10, 13, 10, 13, 16, 14, 13, 21, 21, 21, 13, 21, 24, 22, 24, 27, 25]
[18, 3, 1, 1, 6, 4, 6, 10, 10, 7, 10, 11, 12, 18, 17, 17, 18, 0, 20, 18, 20]
[2, 0]
[0, 1, 6, 6, 6, 2, 6, 11, 11, 11, 7, 1, 14, 18, 18, 17, 18, 1, 18, 21, 18]
[2, 3, 0, 3, 3, 5, 10, 10, 10, 6, 15, 14, 14, 15, 10, 15, 18, 16]
[2, 0, 2, 3, 6, 3, 6, 9, 7, 14, 12, 14, 14, 9, 16, 14, 14, 14, 18, 18, 22, 20, 25, 25, 18]
[0, 1, 2, 6, 6, 8, 8, 3, 10, 11, 8, 11]
[10, 1, 1, 1, 6, 8, 8, 1, 10, 0, 10, 10, 14, 12]
[3, 3, 0, 6, 6, 3, 8, 6, 6, 9, 13, 13, 10, 13, 20, 15, 20, 20, 20, 24, 24, 24, 24, 14]
[0, 4, 4, 1, 4, 5, 6, 9, 7]
[12, 3, 1, 5, 3, 5, 12, 9, 12, 12, 12, 0]
[0, 1, 2, 3, 6, 1, 9, 9, 6, 12, 10, 9, 12, 15, 13, 9, 18, 9, 18, 19, 20, 20, 20, 25, 23, 25, 28, 26]
[3, 3, 5, 5, 0, 8, 8, 10, 10, 5, 10, 10, 12, 13]
[2, 0, 2, 3, 9, 9, 9, 9, 4]
[7, 3, 1, 5, 7, 7, 0, 7, 10, 12, 12, 7, 14, 12, 14, 7]
[0, 4, 4, 11, 4, 7, 5, 11, 11, 11, 1, 11, 15, 15, 12]
[2, 0, 2, 6, 6, 3, 6, 7, 8, 8, 8, 15, 12, 15, 2, 19, 19, 19, 15, 21, 19, 28, 22, 22, 22, 27, 22, 21, 28, 29, 30, 34, 34, 21, 36, 34, 36, 37, 41, 41, 38]
[7, 7, 7, 7, 7, 7, 14, 7, 7, 13, 13, 13, 7, 0, 17, 17, 14, 21, 21, 21, 17, 21, 22, 23, 28, 28, 28, 24]
[3, 3, 7, 3, 7, 7, 0, 7, 7]
[3, 3, 0, 3, 4, 7, 5, 3, 10, 8, 10, 11, 3, 15, 3, 18, 18, 15]
[2, 8, 2, 7, 4, 7, 3, 0, 8, 11, 8, 14, 14, 11, 14, 15, 21, 21, 21, 21, 16, 11, 24, 11, 27, 27, 24, 27, 31, 31, 28]
[17, 4, 4, 11, 11, 11, 11, 11, 11, 11, 1, 14, 14, 11, 16, 17, 0, 19, 21, 21, 17, 23, 21, 25, 21, 25, 25, 25, 30, 28, 28]
[3, 1, 4, 0, 4, 5, 4]
[3, 3, 4, 0, 4, 7, 8, 4, 10, 8, 12, 10]
[3, 3, 0, 3, 6, 3, 3, 11, 8, 11, 7]
[5, 5, 5, 5, 0, 8, 8, 5, 12, 11, 12, 8, 8, 17, 17, 17, 8]
[3, 3, 8, 3, 6, 4, 8, 0, 13, 13, 13, 11, 8, 13]
[3, 3, 0, 9, 9, 9, 9, 9, 3, 9, 13, 13, 10]
[2, 0, 2, 5, 3, 7, 5, 9, 7, 9, 10, 13, 17, 13, 17, 17, 2, 17, 22, 22, 22, 18, 22, 22, 26, 24, 26, 27]
[14, 1, 4, 2, 4, 7, 14, 7, 8, 14, 14, 14, 14, 0, 14, 15, 14, 19, 26, 19, 20, 24, 24, 21, 26, 14]
[4, 4, 2, 12, 4, 10, 10, 10, 10, 5, 12, 0, 12, 15, 13, 15, 18, 16, 21, 21, 18, 21, 24, 22, 21, 27, 25]
[3, 3, 7, 3, 6, 4, 0, 11, 11, 11, 7, 13, 16, 16, 16, 11, 16, 19, 20, 11, 22, 20, 22]
[3, 3, 5, 5, 0, 5, 5, 9, 5, 11, 9, 11, 12, 13, 16, 14]
[3, 3, 0, 3, 6, 4, 8, 6]
[0, 5, 5, 5, 1, 1, 8, 6, 8, 8, 10, 11, 12, 15, 12]
[13, 6, 6, 6, 6, 1, 6, 7, 13, 13, 13, 13, 0, 13, 14, 15, 18, 16]
[0, 3, 1, 3, 4, 1, 8, 6]
[4, 3, 4, 0, 6, 4, 10, 10, 10, 6, 10, 13, 11]
[4, 1, 2, 0, 4, 5, 9, 9, 6, 11, 9, 13, 11, 15, 4, 19, 19, 19, 15]
[0, 1, 9, 9, 9, 5, 5, 9, 2, 9, 13, 13, 10]
[2, 32, 2, 6, 6, 3, 2, 10, 10, 7, 10, 10, 17, 13, 16, 17, 12, 17, 17, 17, 20, 21, 24, 22, 24, 25, 28, 26, 32, 32, 32, 0]
[4, 4, 4, 0, 9, 9, 6, 6, 4, 9, 10, 11, 15, 15, 12, 15, 19, 19, 16]
[2, 0, 5, 5, 2, 5]
[2, 0, 5, 5, 8, 8, 8, 9, 2, 11, 2, 14, 14, 15, 11, 15]
[13, 5, 5, 5, 13, 5, 8, 6, 10, 13, 13, 13, 0, 13, 16, 14]
[14, 1, 2, 6, 6, 1, 6, 7, 8, 9, 14, 14, 14, 0, 14, 14]
[0, 1, 2, 5, 3, 7, 5]
[2, 3, 0, 6, 6, 3, 6, 9, 7, 3, 12, 17, 12, 12, 14, 17, 3, 17, 20, 18, 20, 21, 26, 26, 26, 17, 26, 27, 26, 32, 32, 29]
[5, 5, 5, 5, 0, 5, 11, 7, 11, 11, 5]
[2, 4, 4, 0, 4, 7, 4, 9, 7, 9, 10, 13, 11, 11, 11, 18, 18, 15]
[8, 3, 8, 3, 6, 3, 8, 0]
[4, 4, 4, 0, 4, 4, 11, 7, 11, 11, 15, 11, 15, 15, 4, 18, 18, 15]
[2, 5, 5, 5, 0, 8, 8, 5, 5, 11, 9]
[3, 3, 0]
[8, 1, 6, 5, 6, 2, 8, 0, 8, 14, 10, 14, 14, 9, 14, 17, 14, 14, 20, 22, 22, 14, 27, 27, 26, 27, 29, 29, 22, 29]
[0, 6, 6, 6, 6, 1, 8, 6, 8, 11, 9, 6, 14, 16, 16, 6, 16, 19, 17, 19, 23, 23, 20, 25, 16]
[3, 3, 0, 5, 3, 8, 8, 5, 10, 8, 10, 14, 14, 11, 14, 19, 19, 19, 15]
[2, 0, 2, 3, 3, 7, 5, 9, 2, 9, 13, 13, 10, 13, 16, 13, 20, 17, 20, 16, 22, 20, 24, 22, 24, 27, 25, 2]
[2, 3, 0, 6, 6, 3, 3, 9, 7, 9, 10, 3, 15, 15, 3, 15, 19, 19, 16, 19, 22, 20, 22, 25, 23, 25, 31, 31, 28, 28, 26, 31, 32]
[3, 3, 8, 8, 8, 8, 8, 0]
[2, 0, 5, 5, 2, 7, 5, 7, 8, 8, 7, 13, 11, 13, 13, 2, 18, 2, 21, 21, 18, 21, 24, 22, 26, 24, 26]
[2, 0, 2, 5, 3, 5, 9, 9, 6]
[3, 3, 0, 6, 6, 3, 6, 9, 6]
[3, 3, 0, 8, 8, 8, 8, 12, 12, 12, 12, 3, 12, 16, 16, 13, 19, 19, 16, 24, 24, 24, 24, 19]
[3, 3, 12, 6, 6, 3, 6, 6, 10, 8, 12, 0, 14, 12, 14, 18, 18, 14, 21, 21, 14, 21, 25, 25, 22]
[21, 3, 1, 5, 3, 5, 8, 6, 8, 14, 14, 14, 14, 9, 14, 14, 16, 17, 21, 21, 0, 21, 21, 29, 26, 29, 29, 29, 23, 31, 29, 31, 32, 29, 36, 37, 29, 39, 37]
[3, 3, 0, 3, 8, 8, 8, 4]
[4, 4, 4, 0, 6, 4, 6, 9, 6, 12, 12, 4, 12, 13, 16, 12]
[3, 3, 0, 3, 7, 7, 4, 7, 10, 8, 10, 10, 3, 3, 16, 14, 16, 20, 20, 17]
[2, 0, 4, 2, 7, 7, 4, 7, 8, 11, 9]
[2, 9, 2, 6, 6, 3, 6, 9, 0, 9, 10, 13, 11]
[7, 4, 4, 1, 7, 7, 0, 7, 10, 7, 7, 13, 11, 13, 16, 14]
[4, 4, 2, 0, 4, 7, 5, 7, 10, 8, 5, 13, 5, 13, 16, 14, 5, 5, 20, 18, 25, 25, 25, 25, 4, 25]
[2, 3, 0, 3, 7, 7, 3, 7, 7, 7, 13, 13, 10, 13]
[0, 5, 5, 5, 1, 5, 5, 5, 5]
[0, 1, 2, 6, 6, 2, 6, 9, 7, 20, 20, 11, 12, 13, 13, 15, 20, 20, 20, 9, 20]
[6, 3, 6, 5, 6, 0, 9, 9, 6, 9, 15, 15, 15, 15, 10]
[2, 0, 2, 6, 6, 3, 8, 6, 8, 11, 9, 2, 14, 20, 14, 17, 14, 20, 20, 2]
[4, 4, 4, 5, 0, 9, 9, 9, 5, 9, 5]
[3, 3, 0, 5, 3, 5, 5]
[6, 6, 6, 6, 6, 0, 6, 13, 13, 13, 13, 13, 6]
[2, 0, 4, 2, 2, 8, 8, 5, 8, 8, 17, 14, 12, 17, 17, 17, 8, 17, 20, 18]
[2, 6, 2, 5, 2, 7, 0, 10, 10, 7, 10, 13, 11, 13, 18, 18, 18, 14, 11, 11, 24, 24, 24, 20]
[8, 3, 8, 3, 6, 3, 8, 0, 8, 11, 9, 14, 14, 11, 14]
[5, 5, 5, 5, 0]
[3, 3, 0]
[13, 3, 1, 5, 13, 10, 10, 10, 10, 5, 10, 10, 0, 13, 14, 13, 21, 21, 21, 21, 13]
[3, 3, 0, 3, 4]
[2, 0, 4, 2, 4, 7, 5, 7, 7, 12, 12, 4, 12, 12, 2, 2, 18, 16, 18, 18, 20, 21, 24, 22, 2, 30, 28, 26, 30, 2]
[5, 3, 4, 5, 17, 5, 15, 9, 15, 15, 15, 15, 15, 15, 6, 17, 0, 19, 21, 21, 17]
[6, 6, 2, 5, 2, 0, 6, 9, 7]
[4, 4, 4, 8, 8, 8, 8, 0, 8, 9]
[0, 4, 4, 1, 4, 5, 6, 6]
[6, 6, 6, 6, 6, 0, 8, 13, 8, 11, 9, 13, 6, 13, 14, 17, 15, 20, 20, 14, 22, 20, 22, 22]
[2, 0, 2, 6, 6, 3, 2, 2, 8, 8, 12, 8, 12, 15, 13, 2, 2, 20, 20, 2, 22, 20, 22, 22, 22, 25, 26]
[5, 3, 5, 5, 0, 5, 8, 6, 10, 8, 12, 10, 14, 15, 10, 17, 15]
[4, 4, 4, 0, 7, 7, 4, 4, 8, 17, 17, 17, 14, 17, 17, 17, 4]
[3, 3, 10, 3, 3, 3, 10, 10, 10, 0, 10, 11]
[4, 4, 4, 0, 7, 7, 4, 7, 11, 11, 7]
[0, 1, 6, 5, 6, 2, 9, 9, 1, 11, 9, 11, 15, 15, 12, 11, 18, 16]
[3, 3, 4, 0, 4, 5, 9, 9, 5, 5, 12, 10, 12, 13, 5, 15, 4]
[2, 8, 2, 7, 7, 7, 3, 0, 8, 15, 15, 15, 15, 15, 8, 15, 16, 15, 21, 21, 15, 23, 21, 23, 23, 30, 30, 30, 30, 25]
[0, 1, 8, 3, 3, 3, 3, 2, 1, 12, 12, 1, 12, 13, 16, 14, 16, 19, 16]
[3, 3, 0, 3, 6, 4, 6, 9, 7]
[7, 1, 4, 2, 7, 7, 0, 9, 7, 13, 13, 13, 9, 20, 20, 20, 20, 20, 20, 9]
[4, 4, 4, 12, 4, 4, 9, 9, 6, 12, 12, 0, 12, 15, 13]
[6, 3, 6, 5, 3, 0, 6, 7, 12, 12, 12, 8, 12, 15, 13]
[3, 3, 10, 3, 7, 7, 4, 10, 10, 0, 12, 13, 10, 13, 16, 14, 16, 17]
[2, 5, 2, 5, 0, 7, 5, 14, 14, 14, 10, 14, 14, 7, 14, 18, 18, 15]
[2, 3, 0, 3, 6, 4, 6, 7]
[20, 7, 7, 3, 6, 3, 1, 7, 8, 11, 9, 8, 15, 15, 12, 20, 20, 17, 20, 0, 20]
[7, 1, 2, 3, 4, 5, 0, 7, 10, 7, 10, 13, 11, 13, 13, 7, 19, 19, 16, 23, 23, 23, 7, 25, 23, 25, 28, 26, 30, 28, 30, 33, 25, 35, 37, 37, 33, 37]
[3, 3, 0, 6, 6, 3, 6, 9, 7, 3, 14, 14, 14, 10]
[0, 1, 7, 5, 7, 7, 2, 9, 7, 9, 10, 11, 9, 15, 13]
[5, 5, 5, 5, 0, 5, 9, 9, 5, 9, 12, 10, 14, 12, 12, 12, 12, 21, 21, 21, 17, 21]
[3, 3, 9, 9, 9, 9, 9, 9, 0, 11, 9, 11, 12]
[2, 0, 2, 5, 3, 5, 8, 6, 2, 12, 12, 9]
[9, 9, 4, 9, 4, 9, 9, 9, 12, 11, 12, 0, 16, 16, 16, 12]
[2, 3, 0, 5, 3, 5, 6, 3, 10, 8, 14, 13, 14, 10, 19, 19, 16, 19, 14, 19, 24, 23, 24, 20, 24, 27, 31, 29, 31, 31, 24]
[3, 3, 0, 8, 8, 7, 8, 3, 8, 12, 12, 9, 8, 13, 14, 15, 3, 24, 24, 24, 24, 24, 24, 3, 26, 24, 31, 31, 30, 31, 26, 31]
[2, 6, 2, 5, 3, 0, 6, 11, 11, 11, 7, 11, 17, 17, 17, 17, 12, 17, 21, 21, 17, 21, 25, 25, 22, 25, 28, 26]
[10, 3, 1, 5, 10, 10, 10, 10, 10, 0, 10, 15, 12, 13, 10]
[3, 3, 0, 3, 6, 4, 6, 6, 8, 12, 12, 9, 14, 12, 12]
[3, 3, 0, 17, 6, 17, 10, 10, 10, 6, 6, 6, 14, 12, 17, 17, 3, 17, 21, 21, 18, 21, 22]
[0]
[0, 3, 1, 3, 3, 3, 8, 6]
[5, 3, 5, 5, 0, 5, 8, 5]
[5, 5, 5, 5, 0, 8, 8, 5]
[5, 1, 5, 5, 0, 5, 8, 6, 8]
[9, 9, 2, 3, 9, 9, 9, 9, 0, 9, 10, 11, 11]
[2, 0, 2, 3, 4, 5, 12, 12, 10, 12, 12, 6, 12, 15, 13]
[4, 4, 4, 0, 4, 7, 4, 9, 7]
[0, 1, 5, 5, 1, 5, 6, 5, 10, 5]
[4, 3, 4, 0, 4, 9, 9, 9, 5]
[8, 8, 8, 8, 8, 8, 8, 0, 8, 11, 9, 15, 15, 15, 8, 15, 15, 20, 20, 15, 23, 23, 20, 23, 24, 25]
[2, 9, 5, 5, 2, 9, 9, 9, 0, 9, 12, 10, 9, 17, 17, 17, 13, 19, 17, 19, 19]
[0, 1, 2, 2, 6, 11, 6, 9, 10, 7, 4, 13, 11, 15, 13, 17, 15, 17, 18, 19, 19, 19, 19, 15, 24]
[2, 3, 0, 5, 7, 7, 3]
[2, 0, 2, 3, 2, 7, 5, 7, 12, 11, 12, 8, 12, 13]
[4, 4, 4, 0]
[3, 3, 5, 5, 0, 7, 5, 7]
[5, 5, 5, 5, 0, 7, 5]
[15, 15, 4, 2, 4, 2, 9, 9, 6, 11, 12, 14, 14, 9, 0, 15, 20, 20, 20, 16, 15, 24, 24, 21, 24, 27, 25, 15, 30, 15, 30]
[2, 4, 4, 0, 6, 4, 8, 6, 10, 8, 10, 14, 14, 11]
[4, 4, 4, 6, 6, 0, 6, 6, 10, 21, 10, 14, 14, 11, 14, 15, 21, 21, 21, 21, 6, 21]
[2, 0, 4, 2, 4, 4, 6, 7, 8, 9, 12, 10, 12, 13]
[3, 3, 11, 3, 8, 8, 8, 4, 8, 9, 0, 11, 14, 11, 16, 14, 14]
[2, 0, 2, 5, 3, 5, 5]
[4, 4, 4, 8, 4, 7, 4, 0, 8, 11, 9, 11, 14, 12, 14, 14]
[2, 0, 2, 6, 6, 2, 8, 2, 8, 8, 10, 13, 8, 15, 13]
[3, 3, 4, 0, 6, 7, 4, 7, 11, 11, 7, 4, 12, 13]
[2, 0, 5, 5, 2, 5, 6, 7, 6]
[3, 3, 0, 3, 3, 5, 10, 10, 10, 5, 16, 13, 16, 16, 16, 3, 16, 17, 18, 21, 19]
[2, 0, 7, 7, 7, 7, 2, 2, 10, 2, 13, 13, 15, 15, 10, 15, 16, 15, 18, 19, 25, 25, 25, 25, 19, 25, 28, 26, 28, 32, 32, 28]
[4, 3, 4, 0, 6, 4, 6, 6, 6, 11, 6, 11, 16, 15, 16, 11, 11, 21, 20, 21, 11]
[3, 3, 6, 6, 6, 0, 6, 10, 10, 6, 10, 13, 11]
[4, 3, 4, 0, 4, 7, 5, 9, 12, 9, 9, 7, 14, 12, 14, 14]
[2, 0, 4, 2, 6, 4]
[5, 1, 4, 1, 7, 7, 0, 7, 11, 11, 12, 8]
[3, 3, 4, 0, 6, 4, 9, 9, 6, 4, 10, 11]
[2, 3, 0, 5, 3, 5, 8, 6, 8, 9, 9, 14, 14, 3, 16, 14, 16, 17, 17, 21, 22, 19]
[0, 4, 4, 1, 4, 8, 8, 5, 8, 11, 8]
[4, 4, 4, 0]
[2, 7, 7, 7, 7, 7, 0, 7, 11, 11, 8, 11, 11, 15, 13]
[10, 5, 5, 5, 1, 7, 10, 10, 10, 0, 10, 13, 10, 10, 17, 17, 27, 17, 20, 22, 22, 18, 22, 25, 26, 22, 10, 32, 30, 32, 32, 27]
[5, 5, 5, 5, 8, 5, 5, 0, 11, 11, 8, 13, 8, 13, 18, 15, 18, 14]
[3, 3, 0, 3, 7, 7, 4, 7, 10, 7, 13, 13, 3, 13, 14, 15, 16]
[7, 7, 7, 7, 4, 4, 0, 7, 10, 8, 12, 10, 15, 15, 12, 15, 18, 16]
[0, 3, 1, 5, 3, 3, 8, 6, 8, 12, 12, 9, 9, 16, 16, 13, 16, 16]
[5, 5, 4, 5, 0, 5, 8, 6]
[18, 3, 1, 5, 3, 5, 5, 7, 7, 5, 14, 14, 14, 10, 14, 18, 18, 0, 18]
[2, 5, 2, 5, 0, 8, 8, 5, 12, 12, 12, 8, 12, 12, 16, 14, 16, 19, 17, 19, 23, 23, 20]
[4, 4, 4, 0, 6, 4, 11, 9, 11, 11, 6, 11, 14, 16, 16, 12, 18, 16]
[5, 4, 4, 1, 0, 5, 8, 6]
[2, 0, 2, 3, 6, 4, 6, 11, 11, 11, 7, 13, 2, 13, 13, 17, 15]
[2, 8, 8, 8, 8, 7, 8, 0, 8, 12, 12, 9]
[2, 8, 2, 5, 3, 8, 8, 0, 8, 11, 12, 9]
[4, 4, 4, 6, 6, 0, 6, 9, 11, 11, 6, 11, 14, 11, 11]
[8, 8, 8, 8, 8, 8, 8, 0, 8, 8, 10, 10, 14, 12]
[4, 3, 4, 0, 4, 4, 8, 4]
[7, 3, 7, 3, 3, 7, 0, 7]
[9, 3, 9, 3, 6, 7, 3, 9, 0, 9, 10, 11, 15, 15, 12, 17, 9, 17, 20, 18, 9]
[6, 6, 6, 5, 6, 22, 6, 7, 7, 7, 7, 6, 12, 16, 16, 6, 16, 19, 17, 21, 22, 0, 22, 34, 34, 34, 28, 34, 34, 34, 34, 31, 31, 22]
[2, 0, 2, 2]
[0, 5, 4, 5, 1]
[0, 1, 2, 6, 6, 2, 8, 2, 8, 12, 12, 9]
[4, 4, 4, 5, 0, 8, 8, 5]
[24, 7, 7, 7, 7, 7, 24, 10, 10, 7, 10, 14, 14, 11, 16, 10, 18, 16, 16, 22, 22, 19, 24, 0, 32, 27, 32, 27, 30, 28, 32, 24, 34, 32, 34]
[13, 1, 4, 2, 4, 7, 9, 9, 5, 13, 13, 13, 0]
[2, 0, 4, 5, 2, 5, 8, 6, 8, 11, 14, 11, 11, 9, 17, 17, 5, 17, 21, 21, 18, 21, 24, 21, 24, 28, 28, 25]
[2, 0, 4, 2, 4, 8, 8, 5, 10, 2, 12, 10, 10, 10, 16, 14, 18, 16]
[2, 0, 2, 6, 6, 3, 2, 9, 12, 9, 9, 7, 15, 15, 12]
[2, 11, 2, 5, 3, 5, 5, 9, 7, 11, 0, 11, 12, 15, 13, 15, 16]
[2, 0, 2, 5, 2, 5, 6, 9, 10, 7, 12, 10]
[2, 4, 4, 0, 4, 7, 4, 10, 10, 4]
[2, 0, 2, 5, 3, 5, 8, 5, 8, 9]
[0, 4, 4, 1, 4, 9, 9, 9, 5, 11, 9, 15, 15, 15, 11]
[2, 0, 2, 5, 3, 5, 5, 10, 10, 7, 2]
[3, 3, 0, 3, 3, 8, 8, 3, 13, 13, 13, 13, 8]
[4, 4, 4, 22, 4, 8, 8, 5, 13, 9, 13, 13, 8, 16, 16, 13, 13, 22, 22, 22, 22, 0]
[0, 4, 4, 1, 4, 8, 8, 5, 8, 11, 9, 11, 14, 11]
[2, 3, 12, 3, 3, 7, 3, 12, 12, 9, 9, 0, 12, 15, 16, 12, 18, 16, 18, 22, 22, 19, 22, 23, 22, 25, 26, 29, 27]
[2, 6, 2, 5, 3, 0, 6, 10, 10, 7, 10, 14, 14, 11, 14, 17, 15]
[0, 1, 2, 5, 6, 3, 8, 6, 8, 9, 1, 13, 1, 13, 17, 17, 14, 17, 18, 22, 22, 17, 22, 23, 28, 28, 28, 24]
[2, 0, 2, 2, 2, 9, 9, 9, 2, 2, 13, 13, 10, 10, 18, 17, 18, 14, 18, 19, 20]
[0, 7, 7, 3, 3, 7, 1]
[2, 5, 2, 5, 0, 7, 5, 7, 10, 11, 7, 13, 11, 13, 14, 15]
[4, 4, 4, 16, 6, 7, 4, 4, 11, 11, 8, 11, 11, 16, 16, 0, 19, 19, 16, 22, 22, 19, 24, 22, 24]
[3, 3, 0, 3, 7, 7, 4, 3, 10, 3, 12, 10]
[4, 4, 4, 0, 4, 8, 8, 9, 5, 5, 5, 14, 14, 11]
[4, 4, 4, 9, 4, 8, 8, 5, 0, 11, 9, 13, 9, 9, 17, 17, 14, 17, 18, 19, 19]
[5, 5, 2, 2, 0, 5, 8, 6, 8, 12, 12, 8, 12, 15, 12]
[2, 0, 4, 2, 2, 5, 5, 14, 14, 14, 14, 14, 14, 7, 14, 17, 14, 19, 17]
[2, 0, 6, 6, 6, 2, 6, 9, 7, 6, 10]
[2, 7, 2, 6, 6, 3, 0, 10, 10, 7, 13, 13, 10, 13, 16, 14, 16, 19, 17]
[3, 3, 5, 5, 0, 7, 5, 5, 10, 12, 12, 5, 12, 15, 16, 13]
[4, 4, 4, 0, 6, 4, 6, 11, 11, 11, 6]
[2, 8, 2, 5, 3, 5, 8, 0, 10, 8, 10, 13, 11, 13, 16, 14, 16, 19, 17, 8, 20, 20, 22, 20, 24, 25, 28, 26]
[4, 3, 4, 0, 4, 8, 8, 5, 8, 9, 8, 13, 11, 13, 14, 17, 15]
[4, 4, 4, 0, 10, 7, 10, 10, 10, 4, 12, 10, 10, 13, 16, 14, 14, 17]
[0, 1, 1, 6, 6, 1]
[2, 0, 4, 2, 6, 7, 4, 7, 10, 8, 15, 14, 14, 15, 10, 15, 18, 15, 20, 18]
[3, 3, 0, 5, 3]
[3, 3, 0, 3, 3, 7, 5, 7, 11, 11, 8, 11, 15, 15, 12, 15, 15]
[0, 1, 2, 5, 3, 3, 9, 9, 6]
[5, 5, 5, 5, 7, 7, 0, 9, 7, 14, 14, 14, 14, 9, 14, 15, 16, 16, 20, 16, 16, 24, 24, 21, 24, 27, 24]
[9, 9, 4, 2, 4, 8, 8, 5, 0, 9, 18, 18, 12, 13, 18, 18, 18, 9]
[2, 4, 4, 0, 7, 7, 4]
[3, 3, 0, 3, 6, 4, 3, 3, 8, 11, 9, 13, 8, 13]
[4, 4, 4, 6, 6, 0, 6, 9, 7, 9, 10, 13, 9, 16, 16, 13, 13, 20, 20, 13]
[2, 0, 7, 7, 7, 7, 2, 7, 10, 8, 10]
[0, 3, 1, 5, 3, 5, 10, 9, 10, 6, 13, 13, 3, 13, 16, 14]
[3, 3, 0, 5, 3, 3, 9, 9, 3, 11, 9, 3, 15, 15, 3, 15, 19, 19, 15]
[7, 1, 4, 2, 6, 7, 0, 10, 10, 7, 10, 13, 10, 16, 16, 13, 18, 16, 16, 19, 16, 16, 22]
[2, 8, 2, 5, 2, 8, 8, 0, 8, 9, 10, 14, 14, 11]
[0, 1, 6, 3, 6, 2, 1, 13, 10, 13, 13, 13, 7]
[3, 3, 0, 3, 4]
[5, 5, 5, 5, 0, 5, 10, 10, 10, 6, 10, 11, 12, 12]
[3, 3, 10, 3, 8, 8, 8, 4, 10, 0, 10, 10, 18, 18, 18, 18, 18, 12, 18, 21, 19]
[2, 0, 2, 5, 3, 2, 6]
[0, 1, 5, 5, 2, 5, 10, 9, 10, 6, 13, 13, 10, 15, 13, 15, 18, 15, 18, 19, 22, 20]
[2, 10, 10, 10, 6, 4, 6, 10, 10, 0, 10, 11, 10]
[0, 3, 1, 3, 6, 4, 9, 9, 1, 11, 9, 9, 14, 12, 16, 14, 1]
[2, 12, 4, 6, 6, 2, 6, 7, 12, 12, 12, 0, 12, 18, 18, 18, 18, 12, 22, 22, 22, 18, 22, 22, 22, 22]
[2, 7, 7, 7, 7, 7, 0, 9, 7, 12, 12, 9, 12, 13, 14, 19, 19, 19, 9, 19, 22, 20, 22, 23, 26, 24, 26, 27]
[2, 8, 2, 2, 7, 7, 8, 0, 10, 8, 10, 11, 10, 15, 13, 10, 19, 19, 10, 19, 20]
[2, 0, 5, 5, 2, 5, 2, 13, 13, 13, 13, 13, 2, 13, 16, 14]
[2, 0, 4, 2, 4, 7, 5, 7]
[2, 0, 5, 5, 2, 2, 2, 10, 10, 2, 10, 11, 12, 12]
[2, 0, 2, 2, 6, 2, 6, 7, 10, 6]
[2, 0, 4, 2, 4, 9, 6, 9, 5, 12, 12, 2, 14, 15, 12, 15, 24, 24, 18, 21, 19, 23, 24, 12, 24, 25, 26, 27]
[0, 1, 1, 5, 10, 5, 9, 9, 6, 1, 10, 14, 14, 15, 11, 15, 15]
[2, 0, 2, 5, 2]
[0, 1, 2, 5, 3, 5, 9, 9, 5]
[2, 0, 2, 5, 6, 2, 9, 9, 6, 6, 12, 10, 12, 13, 14, 18, 18, 15, 18, 21, 19]
[5, 5, 5, 5, 0, 5, 9, 9, 5, 9, 12, 10, 14, 9, 17, 17, 14]
[3, 3, 0, 3, 7, 7, 4, 3, 10, 3, 10, 10, 3]
[2, 0, 2, 6, 6, 3, 6, 10, 10, 7, 10, 16, 16, 13, 13, 10, 18, 16, 18, 21, 19, 26, 24, 26, 26, 21, 28, 26, 28, 28, 28, 33, 31, 26, 34]
[4, 4, 4, 12, 6, 4, 8, 12, 8, 11, 9, 0, 12, 15, 19, 15, 18, 16, 12, 22, 22, 19, 22, 26, 26, 23, 31, 31, 28, 29, 19, 33, 31, 36, 36, 33, 36, 37]
[0, 3, 1, 1, 4, 5, 8, 6]
[7, 6, 6, 6, 6, 7, 0, 9, 11, 11, 7, 13, 11, 11, 14, 15, 16]
[2, 0, 5, 5, 2, 7, 5, 5, 10, 8, 2, 2, 14, 12, 12, 15, 18, 16, 18, 22, 22, 19, 18, 26, 26, 18, 26, 30, 30, 27]
[7, 3, 7, 7, 7, 7, 12, 7, 8, 12, 12, 0, 14, 12]
[5, 5, 2, 2, 10, 10, 10, 10, 10, 0, 10, 13, 11, 13, 13, 13, 18, 16]
[0, 1, 5, 5, 1, 8, 8, 5, 8, 9, 12, 9, 12, 19, 19, 19, 19, 19, 13, 19, 22, 19]
[2, 0, 4, 2, 4, 8, 8, 5, 11, 11, 2, 13, 17, 15, 17, 17, 11]
[2, 13, 2, 5, 3, 5, 9, 9, 6, 13, 13, 13, 0, 15, 13, 13, 18, 16]
[2, 6, 6, 6, 6, 0, 6, 10, 10, 7]
[0, 4, 4, 1, 4, 5, 8, 6, 8, 9, 5, 5, 12, 17, 17, 17, 13]
[3, 3, 0, 5, 3, 5, 9, 9, 5]
[2, 0, 2, 5, 2]
[11, 1, 2, 6, 6, 1, 6, 7, 11, 11, 0, 16, 16, 16, 16, 11, 18, 16, 18, 19]
[4, 3, 4, 0, 4, 4, 4, 9, 7]
[3, 3, 0, 3, 6, 4, 6, 7, 11, 11, 3]
[4, 4, 4, 9, 7, 7, 4, 9, 0, 9, 12, 10]
[3, 1, 5, 5, 0, 5, 9, 9, 5, 11, 9, 11]
[0, 1, 4, 1, 10, 10, 10, 10, 10, 4, 12, 10, 12, 15, 13, 15, 15, 1, 23, 19, 23, 23, 1, 23, 27, 27, 24]
[0, 1, 4, 5, 1, 5]
[4, 4, 4, 0, 4, 8, 8, 5]
[0, 1, 6, 3, 3, 2, 6, 7, 1, 13, 13, 13, 1, 13, 17, 17, 13, 19, 17, 19, 22, 20, 22]
[3, 3, 13, 6, 6, 3, 13, 13, 13, 13, 13, 13, 0, 13, 16, 14, 16]
[4, 4, 4, 0]
[8, 4, 4, 8, 8, 7, 8, 14, 11, 11, 14, 14, 14, 0, 18, 18, 18, 14]
[2, 3, 0, 3, 4, 5, 5, 7, 5, 5]
[0, 1, 4, 1]
[2, 0]
[13, 1, 5, 5, 2, 5, 10, 7, 7, 6, 12, 13, 0, 15, 13, 20, 20, 20, 20, 13, 20, 23, 21, 13, 26, 29, 26, 27, 13, 29, 29, 31]
[2, 0, 4, 2, 9, 9, 9, 9, 4, 9, 13, 13, 10]
[2, 4, 4, 0, 8, 5, 5, 4, 8, 9, 10, 14, 14, 11]
[2, 0, 2, 2, 2]
[11, 1, 1, 6, 6, 3, 3, 7, 11, 11, 0, 11, 12, 16, 16, 11, 16, 16, 18, 19, 19]
[4, 4, 4, 0, 6, 7, 4, 4]
[12, 3, 1, 3, 6, 12, 12, 9, 12, 12, 12, 0, 12, 15, 13, 12, 22, 22, 22, 21, 22, 12, 22, 25, 23, 25, 26, 31, 28, 31, 25, 33, 31]
[0, 1, 2]
[0, 1, 4, 2, 4, 7, 5, 7, 7, 13, 13, 13, 4, 13, 17, 17, 14]
[4, 4, 4, 12, 6, 4, 6, 9, 7, 12, 12, 0, 12, 16, 16, 13]
[2, 4, 4, 0, 6, 7, 4, 4, 10, 8, 10, 14, 14, 10, 17, 17, 14, 17, 4, 22, 22, 4, 22, 26, 26, 23]
[6, 6, 6, 6, 6, 9, 9, 9, 0, 9, 19, 13, 19, 19, 19, 19, 16, 16, 9]
[3, 3, 0, 3, 7, 7, 4]
[3, 3, 0, 6, 6, 3]
[2, 0, 2, 3, 2]
[4, 4, 4, 19, 4, 4, 8, 6, 11, 11, 8, 11, 14, 11, 14, 19, 19, 19, 0, 19, 20, 21, 24, 21]
[2, 3, 0, 3, 4, 7, 3, 7, 11, 11, 8, 3, 3, 15, 3]
[0, 1, 7, 5, 7, 7, 2, 7, 7]
[0, 3, 1, 3, 4, 7, 5, 14, 14, 11, 14, 11, 12, 7, 14, 15, 1, 1, 25, 19, 20, 20, 25, 25, 1, 25, 26, 25, 28, 29, 29]
[3, 3, 0, 3, 3, 7, 5, 7, 7, 9, 12, 10, 9, 15, 13, 3]
[3, 3, 0, 3, 6, 4, 6, 10, 10, 7, 10, 10, 15, 15, 12, 15, 19, 17, 16]
[3, 3, 8, 3, 4, 7, 5, 0, 11, 11, 8]
[2, 4, 4, 0, 6, 4, 8, 6, 6, 12, 12, 9, 14, 12, 14, 15, 6, 20, 20, 6, 22, 20, 22, 26, 26, 23, 26, 31, 31, 31, 27, 31, 32, 35, 33]
[3, 3, 9, 9, 9, 9, 9, 9, 0, 9, 9, 11, 11, 15, 13, 15, 18, 16]
[3, 3, 0, 3, 6, 4, 3, 9, 7, 9, 12, 10, 12, 13, 16, 14]
[4, 4, 4, 0]
[6, 1, 5, 5, 2, 0, 6, 9, 7, 9, 12, 9, 6, 17, 17, 17, 13]
[0, 6, 6, 6, 6, 1, 6, 9, 1, 14, 12, 13, 14, 9, 9, 15, 15, 19, 17, 19, 20]
[2, 11, 5, 5, 11, 5, 8, 6, 11, 11, 0, 16, 16, 13, 16, 11]
[3, 3, 0, 5, 3, 5, 8, 6]
[2, 4, 4, 7, 7, 7, 0, 10, 10, 7, 10, 13, 11, 13, 16, 14, 16, 21, 21, 21, 10, 28, 28, 28, 28, 28, 28, 10]
[2, 4, 4, 0, 4, 12, 6, 7, 8, 11, 12, 4, 12, 13, 14]
[2, 6, 2, 3, 6, 0, 6, 11, 8, 8, 7, 6, 15, 15, 12, 15, 15, 19, 17, 19, 19]
[3, 3, 8, 3, 6, 4, 8, 0, 10, 8, 12, 10, 10, 13, 14]
[3, 3, 5, 5, 0, 5, 8, 6, 11, 11, 8, 11, 12, 13, 14, 13, 18, 16, 11, 11, 11, 21]
[9, 6, 6, 6, 6, 1, 9, 9, 0, 9, 10]
[9, 9, 4, 2, 4, 8, 8, 5, 0, 9, 9, 13, 11, 13, 14, 17, 15, 17, 20, 18]
[16, 1, 1, 6, 6, 1, 16, 16, 16, 16, 10, 16, 12, 15, 12, 0]
[0, 1, 8, 8, 8, 8, 8, 2, 8, 9, 16, 16, 16, 16, 16, 1, 16, 19, 17, 23, 23, 23, 19, 28, 28, 28, 28, 19, 28]
[5, 5, 5, 5, 0, 5, 9, 9, 5, 11, 9, 11, 14, 12]
[2, 0, 5, 5, 2, 2, 9, 9, 6]
[2, 0]
[3, 3, 4, 0, 4, 7, 4, 7, 8, 9, 9, 4, 4, 16, 16, 18, 18, 13]
[6, 6, 6, 6, 6, 9, 9, 9, 0, 9, 13, 11, 10]
[4, 4, 4, 5, 0, 5, 8, 6, 8, 8, 8, 14, 14, 8]
[2, 0, 2, 6, 6, 3, 6, 6, 6, 12, 12, 9, 12, 12, 17, 17, 12, 17, 2, 23, 23, 23, 19, 25, 23, 27, 25, 32, 32, 29, 29, 27, 32, 37, 37, 37, 33]
[4, 4, 4, 11, 4, 7, 5, 11, 11, 11, 0]
[5, 5, 5, 5, 0, 5, 8, 6, 8, 9, 14, 14, 14, 5, 16, 14, 5, 19, 23, 23, 20, 23, 5, 23, 24]
[2, 0, 2, 2, 7, 7, 9, 9, 2]
[2, 0, 2]
[4, 4, 4, 0, 4, 8, 8, 4, 8, 8, 13, 13, 10, 13, 17, 17, 14]
[3, 3, 7, 3, 3, 7, 0, 7, 10, 7, 7, 13, 15, 15, 7, 15, 15]
[3, 3, 5, 3, 0, 5, 6, 9, 7]
[0, 6, 6, 6, 6, 1, 10, 10, 10, 6, 12, 10, 1, 17, 17, 15, 1, 17, 17, 21, 19, 24, 24, 26, 26, 21]
[0, 1, 6, 6, 6, 2, 1, 9, 1, 13, 13, 13, 9, 13]
[5, 3, 5, 5, 15, 7, 5, 7, 11, 11, 8, 7, 12, 15, 0, 15, 19, 19, 16, 19, 22, 20, 22, 26, 26, 23]
[0, 3, 1, 3, 7, 7, 4, 1, 10, 8, 10, 13, 11, 13, 16, 13]
[2, 4, 4, 0, 4, 9, 6, 9, 5, 9, 14, 14, 14, 9, 16, 14, 16, 17, 21, 21, 18]
[0, 3, 1, 3, 7, 7, 4, 3, 10, 8, 10, 11, 1, 1, 16, 14, 18, 16, 18, 21, 18]
[5, 5, 5, 5, 0]
[4, 4, 4, 0, 4, 7, 19, 7, 8, 8, 12, 10, 12, 16, 16, 13, 19, 19, 4, 19, 19, 23, 21]
[2, 0, 2, 3, 4, 7, 8, 5, 11, 11, 8, 11, 12, 11, 5, 5, 18, 16, 16, 21, 19]
[4, 4, 4, 0, 6, 7, 4, 9, 7, 12, 12, 9, 14, 7, 16, 14]
[3, 3, 4, 0, 7, 7, 4, 9, 7, 4, 12, 4, 12]
[11, 3, 11, 3, 4, 5, 6, 9, 10, 6, 0, 15, 15, 15, 11, 17, 15, 19, 17, 19, 24, 23, 24, 20]
[3, 3, 7, 3, 6, 4, 0, 13, 10, 13, 13, 13, 7, 13]
[11, 3, 1, 3, 7, 7, 3, 9, 11, 11, 0, 13, 11, 17, 17, 17, 13, 17, 20, 17]
[2, 3, 0, 3, 4, 7, 5, 5, 12, 11, 12, 8, 5, 5, 18, 18, 18, 14, 20, 18, 18, 24, 24, 21]
[4, 4, 4, 7, 4, 5, 0, 11, 11, 11, 7]
[2, 3, 4, 0, 7, 7, 4]
[10, 1, 4, 2, 1, 8, 8, 5, 10, 0, 14, 14, 14, 10, 17, 17, 14, 17, 20, 18, 20, 23, 21, 25, 23, 23, 29, 29, 23]
[4, 4, 4, 0, 4, 4, 4, 7, 12, 12, 12, 8, 12, 13, 21, 21, 16, 17, 18, 21, 14, 21, 24, 25, 4, 27, 25, 27, 28]
[5, 1, 1, 5, 0, 7, 5, 7, 10, 8, 12, 10, 10, 10, 16, 14]
[4, 4, 4, 0, 7, 7, 4, 7, 8, 9, 9, 9, 12, 13]
[2, 8, 2, 2, 2, 2, 8, 0, 8, 8, 8, 13, 22, 13, 16, 13, 16, 19, 13, 22, 22, 8, 24, 22, 27, 27, 22, 29, 27]
[10, 4, 4, 1, 4, 5, 10, 10, 10, 0, 12, 10, 16, 16, 16, 12, 19, 19, 16, 22, 22, 19]
[3, 3, 7, 5, 3, 7, 0, 7, 7, 9]
[4, 4, 4, 0, 6, 4, 9, 9, 6, 6, 12, 10, 12, 15, 13, 10, 18, 10, 18, 21, 19, 21, 25, 25, 22]
[3, 3, 0, 5, 3, 3, 10, 10, 10, 3, 12, 10, 12]
[3, 3, 0, 3, 4, 8, 8, 3, 8, 11, 9, 14, 14, 15, 11, 18, 18, 15, 18, 21, 19, 21, 21, 18, 26, 24]
[0, 4, 4, 6, 6, 1, 8, 6, 11, 11, 8, 15, 15, 15, 11, 17, 15]
[2, 0]
[6, 6, 2, 5, 2, 0, 6, 9, 7, 9, 13, 13, 10, 9, 14, 18, 18, 15, 20, 14, 20]
[3, 3, 0]
[3, 3, 0, 3, 4, 7, 5, 16, 10, 11, 8, 13, 11, 16, 16, 3, 16]
[8, 8, 2, 8, 4, 8, 8, 0, 11, 11, 8, 8, 8, 15, 13, 15, 18, 16]
[2, 5, 5, 5, 0, 5, 11, 11, 11, 11, 6, 11, 16, 16, 16, 12, 16, 19, 16]
[2, 4, 4, 0]
[4, 4, 4, 0, 4, 4, 10, 10, 10, 4, 12, 10, 17, 17, 17, 17, 12]
[5, 5, 5, 5, 0, 5, 8, 6, 8, 5, 5, 5, 16, 16, 16, 5, 19, 19, 16, 21, 19, 23, 21, 23, 24, 27, 25, 27, 30, 27]
[2, 3, 0, 3, 6, 4, 8, 9, 6, 9, 9]
[4, 4, 4, 0, 6, 4, 9, 9, 6, 6]
[2, 4, 2, 0, 6, 4, 6, 10, 10, 7]
[3, 3, 0, 3, 7, 7, 4, 7, 11, 11, 8, 14, 14, 15, 11]
[8, 1, 6, 6, 6, 1, 8, 0, 12, 12, 12, 8]
[3, 3, 11, 3, 6, 4, 3, 9, 7, 11, 0, 11, 14, 15, 12, 15, 19, 19, 11, 19, 20, 19, 25, 25, 22]
[2, 8, 6, 6, 6, 2, 8, 0, 8, 12, 12, 8, 8, 15, 13, 15, 23, 23, 23, 19, 22, 20, 15, 25, 23, 28, 28, 25, 28]
[2, 5, 5, 5, 0, 7, 5, 7, 8, 9, 15, 15, 14, 15, 10, 5, 19, 19, 5, 21, 19, 24, 24, 21, 24]
[2, 6, 2, 5, 2, 0]
[2, 0, 2, 3, 4, 5, 6, 7, 4, 11, 9, 11, 12, 13, 13, 13, 16]
[3, 3, 7, 7, 7, 7, 0, 7, 8, 9, 12, 8, 15, 15, 12, 17, 15, 17, 18, 23, 23, 23, 19, 25, 23, 25, 28, 26]
[3, 3, 19, 3, 3, 3, 9, 9, 16, 9, 12, 10, 16, 16, 16, 6, 19, 19, 0, 23, 22, 23, 19, 23, 24, 25, 25]
[2, 0, 4, 2, 10, 8, 8, 10, 10, 4, 10, 13, 10, 13, 13, 17, 15, 17, 18, 19, 20, 23, 25, 23, 21, 2, 28, 29, 2, 29]
[6, 6, 4, 6, 6, 14, 8, 6, 11, 11, 8, 14, 14, 0, 16, 14, 19, 19, 16]
[4, 4, 4, 9, 4, 4, 9, 9, 0, 9, 10, 11, 14, 12, 16, 14, 16, 17, 17, 19, 20, 21]
[2, 0, 2, 3, 2, 8, 8, 5, 2, 9, 13, 13, 10, 13, 23, 23, 16, 21, 21, 21, 17, 23, 14, 23, 29, 25, 26, 29, 24]
[2, 9, 2, 7, 7, 7, 3, 9, 0, 9, 12, 10, 9, 17, 17, 17, 9]
[11, 1, 5, 5, 2, 1, 9, 9, 6, 11, 0, 14, 14, 11, 14, 17, 15, 14, 20, 14, 26, 26, 26, 26, 26, 20, 26]
[2, 3, 15, 3, 15, 15, 8, 15, 8, 8, 8, 15, 15, 15, 0, 15, 21, 21, 21, 21, 16, 23, 15, 23]
[2, 15, 5, 5, 2, 2, 2, 11, 11, 11, 7, 15, 15, 15, 0, 15, 16, 19, 17, 19, 20, 19, 22, 22]
[0, 3, 1, 3, 6, 3, 8, 3, 10, 13, 13, 13, 8, 13, 16, 14, 18, 13, 13, 21, 19, 21, 22, 25, 23, 25, 25, 31, 31, 31, 27]
[3, 3, 7, 3, 6, 4, 0, 9, 10, 7]
[3, 3, 0]
[3, 3, 0, 3, 7, 7, 4, 3, 13, 11, 13, 13, 3]
[5, 5, 4, 5, 0]
[2, 4, 4, 0, 4, 5, 9, 9, 6, 9, 14, 11, 11, 10, 9, 18, 18, 20, 20, 15, 23, 23, 20, 23, 26, 24]
[3, 3, 0, 5, 3, 7, 5, 5, 10, 8, 10, 14, 14, 11, 14, 17, 15]
[4, 4, 4, 0, 4, 5, 10, 10, 10, 6, 12, 18, 12, 12, 16, 14, 18, 10, 18, 21, 19]
[2, 0, 2, 6, 6, 7, 3, 7, 8, 12, 12, 7, 12, 13, 14, 14]
[2, 8, 2, 2, 6, 4, 8, 0, 8, 11, 14, 11, 12, 8, 14, 18, 18, 15]
[2, 0, 2, 2, 10, 10, 8, 10, 10, 2]
[2, 0, 2, 3, 4, 2, 12, 10, 10, 7, 12, 2, 12, 15, 16, 13, 18, 16, 21, 21, 16, 16, 24, 22, 24, 24]
[3, 3, 0]
[2, 0, 4, 2, 7, 7, 4, 7, 7, 11, 9]
[0]
[7, 3, 7, 7, 7, 7, 0, 10, 10, 7, 7, 7, 14, 12, 17, 17, 14, 17, 20, 17]
[4, 4, 4, 0, 7, 7, 4, 7, 11, 11, 7, 4, 15, 15, 4, 17, 23, 17, 20, 18, 22, 23, 15]
[3, 3, 0, 3, 4, 5, 3, 9, 7, 9, 13, 13, 10, 9, 16, 9, 16, 17]
[3, 3, 10, 6, 6, 3, 6, 9, 7, 0, 13, 13, 10, 15, 13, 17, 15, 22, 20, 22, 22, 17]
[0, 1, 5, 5, 2]
[0, 1, 4, 2, 6, 4, 6, 7]
[4, 4, 4, 0, 4, 8, 8, 9, 4, 11, 9, 11, 15, 15, 12, 15, 19, 19, 15, 21, 19, 21, 24, 22]
[4, 1, 4, 0, 4, 7, 4]
[4, 4, 4, 0, 4, 7, 4, 7, 10, 8]
[9, 3, 4, 5, 1, 9, 6, 9, 0, 9, 10, 11, 14, 12, 11, 15, 18, 16, 18, 18, 9, 9, 24, 22, 24, 24, 24, 27, 22, 32, 32, 29]
[2, 0, 4, 2, 2, 7, 2]
[10, 6, 4, 6, 6, 10, 8, 10, 10, 0, 14, 13, 14, 10, 14, 17, 15]
[2, 0, 2, 6, 6, 3, 2, 9, 7, 9, 10, 10, 2, 15, 13, 18, 18, 15, 20, 18]
[3, 3, 0, 6, 6, 3, 9, 9, 3, 9, 12, 9, 12, 12]
[2, 0, 4, 2, 2, 8, 8, 2, 10, 8, 10, 11, 14, 12, 18, 18, 18, 8, 18]
[5, 4, 4, 5, 9, 5, 8, 9, 0, 12, 12, 9, 12, 13, 14, 17, 15, 17, 25, 25, 25, 25, 25, 25, 18]
[3, 3, 0, 6, 6, 3, 3, 3, 8, 9, 10, 13, 3, 15, 13, 13, 16]
[4, 4, 4, 0, 4, 5, 4, 9, 4, 11, 9, 11, 11, 11, 11, 17, 11, 11, 18, 19, 20]
[3, 3, 13, 3, 6, 4, 6, 7, 8, 9, 13, 13, 0, 13, 13, 15, 18, 16, 18, 21, 22, 18, 24, 15, 27, 27, 24, 29, 27, 31, 35, 34, 34, 35, 29, 37, 35, 39, 37, 39, 39]
[10, 4, 4, 10, 4, 5, 10, 10, 10, 13, 13, 13, 0, 13, 14, 15, 16, 17, 18, 19, 19, 17, 25, 25, 22, 29, 28, 29, 25, 32, 32, 29]
[0, 1, 4, 2, 4, 8, 8, 5, 8, 11, 9, 14, 14, 11, 14, 18, 18, 15, 21, 21, 18, 21, 21, 23, 24, 27, 25, 24, 30, 28, 33, 33, 30, 33, 36, 34]
[5, 5, 5, 5, 0, 5, 5, 7, 11, 11, 8]
[3, 3, 0, 5, 3, 8, 8, 5, 8, 8]
[2, 0, 4, 2, 4, 5, 8, 6, 10, 8, 10, 14, 14, 10, 14, 15, 2, 19, 24, 19, 19, 24, 24, 2, 24]
[4, 3, 4, 0, 7, 7, 4, 4, 11, 11, 13, 13, 4, 13, 17, 17, 14, 13, 20, 18]
[0, 4, 4, 1, 4, 7, 5, 4, 11, 11, 4, 11, 17, 15, 17, 17, 12]
[5, 5, 2, 2, 0]
[3, 3, 15, 8, 8, 8, 8, 3, 8, 9, 13, 13, 10, 15, 0, 17, 18, 15, 15, 21, 23, 23, 15, 23, 23]
[2, 8, 8, 8, 8, 5, 5, 0, 8, 14, 14, 14, 14, 9, 16, 14, 19, 19, 16, 19, 20, 21, 22]
[0, 1, 8, 5, 8, 5, 5, 2, 8, 12, 12, 9, 1, 15, 13]
[0, 1, 2, 5, 6, 1, 8, 6]
[2, 0, 2, 3, 7, 7, 9, 9, 2, 9]
[2, 0, 2, 5, 7, 7, 3, 10, 10, 2, 10, 11, 10, 13, 14, 14, 22, 22, 22, 22, 22, 16, 22, 26, 26, 23]
[0, 3, 1, 3, 6, 4, 1, 9, 7, 11, 9, 11, 12]
[0, 3, 1, 1, 6, 4, 1, 9, 19, 9, 12, 9, 9, 15, 13, 19, 19, 19, 1, 19, 20, 19, 25, 25, 22]
[2, 4, 4, 0, 6, 4, 6, 4, 4, 9, 10, 11, 12, 13]
[8, 3, 8, 3, 6, 4, 8, 15, 8, 11, 9, 15, 15, 15, 0, 18, 18, 15, 18, 19, 23, 23, 18, 23, 28, 28, 28, 23, 28, 32, 32, 29, 34, 32, 34, 34]
[2, 6, 6, 6, 6, 0, 6, 7, 6, 9, 12, 10]
[5, 5, 5, 5, 0, 7, 5, 10, 10, 14, 14, 14, 14, 7, 16, 14, 16, 16, 16, 19, 23, 23, 19]
[2, 0, 4, 2, 6, 4, 6, 9, 6]
[2, 0]
[9, 3, 9, 9, 9, 9, 9, 9, 0, 9, 16, 11, 16, 16, 16, 9, 16, 17, 20, 18]
[3, 3, 0, 3, 6, 4, 6, 9, 6, 12, 12, 3, 3]
[8, 5, 4, 5, 8, 5, 6, 0, 8, 11, 9, 11, 14, 12, 8, 8]
[2, 0, 5, 5, 2, 5, 8, 5, 10, 8, 10, 10, 12, 15, 13]
[3, 3, 0]
[3, 3, 0, 6, 6, 3, 6, 9, 6, 12, 12, 9, 9, 17, 17, 17, 9, 17, 18, 21, 18]
[12, 1, 2, 6, 6, 3, 6, 6, 6, 11, 6, 0, 14, 12, 14, 17, 15, 17]
[2, 10, 2, 5, 3, 5, 8, 6, 10, 0, 10, 10, 10, 10, 17, 17, 14, 17, 18, 19]
[0, 1, 2, 6, 6, 1, 6, 9, 7]
[3, 3, 0, 3, 4, 5, 3, 10, 10, 7, 12, 10, 10, 17, 16, 17, 13, 17, 20, 18]
[0, 1, 4, 2, 4, 4]
[3, 3, 0, 5, 3, 5, 10, 10, 10, 6]
[18, 3, 1, 3, 4, 5, 8, 6, 5, 9, 10, 11, 15, 15, 11, 18, 18, 0, 20, 18, 22, 20, 22, 25, 23, 20, 28, 26]
[3, 3, 17, 3, 6, 4, 6, 11, 11, 11, 6, 6, 15, 15, 12, 17, 0, 17, 21, 21, 28, 28, 24, 25, 22, 28, 28, 17, 32, 32, 32, 28, 35, 35, 32]
[9, 4, 4, 1, 7, 7, 9, 9, 0, 9, 9, 9, 12, 9, 9, 22, 18, 16, 22, 22, 22, 9, 22, 23, 26, 24]
[0, 6, 6, 3, 3, 1, 6, 11, 11, 11, 7, 11, 12, 13, 16, 14]
[3, 3, 0]
[10, 3, 1, 1, 6, 4, 10, 10, 10, 0, 10, 13, 15, 15, 10, 17, 15]
[0, 1, 5, 5, 2, 5, 8, 5, 5, 14, 10, 14, 14, 9]
[3, 3, 6, 3, 6, 0, 6, 7, 10, 8, 10, 14, 14, 11, 7, 7, 16, 19, 6, 24, 24, 24, 24, 19, 26, 24]
[0, 3, 1, 3, 6, 4, 6, 9, 7]
[0, 1, 2, 5, 2, 8, 8, 5, 8, 12, 12, 9, 12, 13, 14]
[2, 0, 4, 2, 6, 4, 10, 10, 10, 6, 10, 14, 14, 10, 16, 14, 16, 16, 21, 21, 18]
[2, 0, 4, 2]
[3, 3, 0, 6, 6, 3, 3, 9, 7]
[2, 3, 0, 3, 7, 7, 4, 7, 15, 11, 15, 15, 15, 15, 8, 15, 18, 15]
[6, 3, 6, 3, 4, 0, 9, 9, 6, 9, 9, 16, 16, 15, 16, 11, 16, 17, 20, 9, 23, 23, 20, 23, 23, 28, 28, 25]
[5, 4, 4, 5, 0, 5, 9, 9, 5, 5, 12, 16, 12, 16, 16, 5, 16, 16, 22, 22, 22, 18, 22, 25, 23]
[5, 5, 2, 2, 0, 8, 8, 5, 11, 11, 8, 13, 11]
[2, 3, 15, 3, 6, 4, 8, 3, 14, 14, 14, 14, 14, 8, 0, 15, 16, 17, 20, 17, 20, 21, 22]
[3, 3, 10, 6, 6, 3, 9, 9, 10, 0, 10, 11, 10, 16, 16, 10]
[2, 0, 6, 5, 6, 2]
[5, 1, 2, 5, 0]
[4, 4, 4, 0, 4, 5, 10, 10, 10, 4, 10, 10]
[2, 0, 2, 5, 3]
[2, 10, 2, 5, 2, 5, 10, 10, 10, 0, 10, 14, 14, 10, 17, 17, 14, 17, 20, 18, 24, 24, 24, 20]
[0, 1, 5, 5, 2, 7, 5, 7, 10, 8, 7, 7, 15, 15, 12]
[3, 3, 0, 3, 4, 3, 10, 10, 10, 6]
[3, 3, 0, 6, 6, 3, 6, 11, 10, 11, 7]
[5, 5, 5, 5, 0, 8, 8, 5, 8, 11, 9, 11, 19, 16, 16, 19, 16, 16, 5, 19, 22, 20]
[6, 1, 1, 6, 6, 0, 6, 10, 10, 7, 10, 13, 11, 10, 18, 15, 18, 19, 10, 21, 19, 19, 22, 23]
[3, 3, 0, 3, 6, 7, 4, 10, 10, 7, 10, 11]
[11, 3, 5, 5, 1, 7, 5, 7, 7, 11, 0, 13, 11, 17, 17, 17, 13, 17, 18, 19]
[5, 1, 4, 2, 0, 8, 8, 5, 8, 11, 9, 11, 11, 5, 16, 14, 16, 19, 17, 27, 23, 23, 20, 23, 23, 27, 16, 27, 32, 31, 32, 28]
[3, 3, 12, 3, 6, 3, 12, 12, 12, 12, 12, 0]
[10, 4, 4, 1, 10, 10, 10, 10, 10, 0, 10, 14, 14, 11]
[3, 3, 4, 0, 6, 4, 8, 6, 8, 8, 13, 13, 10, 4, 17, 17, 18, 4, 25, 25, 20, 24, 24, 21, 18, 25]
[3, 3, 0, 3, 3, 7, 5, 7, 12, 12, 12, 8, 15, 15, 3, 15, 15, 15, 18, 19, 19, 21, 25, 25, 22]
[4, 4, 4, 0, 6, 4, 8, 6, 8, 8, 6, 11, 14, 12, 16, 14, 16, 19, 16, 19, 19]
[4, 4, 4, 10, 6, 4, 10, 10, 10, 0]
[5, 5, 5, 5, 0, 5, 12, 12, 12, 12, 12, 6]
[6, 6, 2, 5, 3, 0]
[2, 3, 0, 7, 7, 7, 3, 7, 10, 7, 10, 13, 11, 3, 16, 19, 18, 16, 3, 23, 23, 23, 19, 23, 29, 29, 29, 29, 24, 29, 33, 33, 30, 35, 29, 35, 39, 39, 36, 35, 40]
[5, 5, 4, 5, 0]
[4, 1, 2, 0, 6, 4, 4, 4, 8, 11, 8, 14, 14, 11, 16, 17, 14]
[2, 6, 6, 6, 6, 0, 6, 9, 20, 15, 14, 14, 14, 15, 9, 20, 20, 20, 20, 6, 20, 21, 24, 22]
[2, 0, 2, 2, 6, 4, 8, 6, 10, 8, 8, 8, 12, 13, 16, 14, 13, 13, 18, 19, 19, 23, 19]
[2, 6, 2, 6, 6, 0, 6, 10, 8, 7, 10, 13, 11, 16, 16, 18, 18, 6, 18, 21, 19, 24, 24, 21, 28, 28, 26, 24, 30, 28]
[3, 3, 0, 3, 4, 5, 6, 9, 7]
[6, 1, 4, 6, 6, 0, 11, 11, 10, 11, 6, 11, 15, 15, 11, 15, 19, 19, 16, 19, 19]
[3, 3, 0, 8, 6, 8, 8, 3, 10, 8, 10, 3, 15, 15, 3, 15, 16]
[2, 4, 4, 0, 4, 8, 8, 5, 4]
