[2, 4, 4, 0, 13, 13, 9, 9, 13, 9, 13, 13, 4, 13, 4, 19, 19, 19, 4, 21, 19, 23, 21, 25, 23, 25, 28, 26, 28, 32, 32, 28, 28, 35, 28, 4]
[4, 3, 4, 16, 4, 13, 13, 13, 8, 11, 9, 13, 5, 16, 16, 0, 25, 19, 25, 19, 20, 25, 25, 25, 16, 28, 28, 31, 28, 31, 25, 31, 34, 36, 34, 32, 16]
[3, 3, 4, 0, 6, 4, 6, 7, 13, 13, 13, 13, 6, 13, 16, 13, 16, 19, 16, 19, 22, 20, 13, 4, 27, 27, 29, 29, 4, 35, 35, 35, 35, 35, 29, 35, 38, 36, 4]
[3, 3, 0, 9, 4, 9, 9, 9, 3, 9, 10, 14, 14, 11, 14, 15, 16, 17, 3]
[6, 3, 6, 6, 6, 0, 6, 6]
[6, 6, 6, 6, 6, 31, 6, 7, 8, 12, 10, 9, 12, 16, 16, 13, 16, 16, 16, 21, 16, 31, 31, 31, 31, 31, 28, 31, 28, 28, 0, 31]
[3, 3, 21, 3, 4, 5, 9, 9, 6, 9, 12, 10, 6, 15, 13, 15, 16, 17, 17, 21, 0, 21]
[8, 1, 4, 2, 4, 7, 5, 0, 11, 11, 8, 13, 11, 11, 14, 15, 15, 8]
[2, 0, 4, 5, 2, 5, 6, 6, 6]
[5, 3, 5, 5, 0, 5, 5]
[2, 0, 2, 5, 2, 2, 8, 2, 2, 11, 2, 2, 14, 2, 2, 17, 2, 2]
[3, 3, 0, 5, 3, 3, 6, 3, 12, 12, 12, 3, 12, 16, 16, 13, 12, 19, 17, 12, 23, 23, 12, 3]
[4, 1, 2, 0, 6, 4, 4]
[3, 3, 13, 3, 4, 13, 8, 13, 8, 11, 9, 13, 0, 13, 16, 13, 13, 19, 20, 13, 22, 20, 22, 25, 26, 23, 13]
[6, 6, 4, 6, 6, 0, 6, 6, 6, 9, 14, 13, 14, 10, 6]
[4, 4, 4, 11, 4, 10, 10, 10, 10, 4, 0, 14, 14, 11, 14, 15, 18, 16, 16, 19, 20, 20, 11]
[2, 0, 2, 3, 7, 7, 4, 2, 10, 8, 10, 10, 12, 13, 12, 15, 18, 16, 18, 19, 20, 23, 21, 2]
[16, 1, 5, 5, 16, 5, 6, 9, 6, 9, 6, 16, 16, 16, 16, 0, 18, 16, 16]
[3, 3, 0, 3, 6, 4, 3]
[3, 3, 12, 3, 4, 4, 12, 12, 12, 11, 9, 0, 12, 12, 12]
[4, 4, 4, 0, 4, 4]
[6, 6, 6, 6, 6, 0, 8, 6, 8, 15, 15, 15, 15, 15, 8, 6, 6]
[4, 3, 1, 0, 4, 9, 9, 9, 4, 4]
[3, 3, 0, 3, 3, 10, 10, 10, 10, 5, 5, 14, 12, 11, 14, 14, 18, 14, 3]
[4, 4, 4, 8, 8, 8, 8, 0, 13, 13, 10, 10, 8, 13, 14, 17, 13, 19, 13, 19, 24, 24, 24, 19, 8]
[5, 5, 5, 5, 0, 5, 8, 6, 10, 8, 12, 10, 5, 5, 18, 18, 18, 5, 18, 24, 24, 24, 24, 19, 5]
[2, 4, 4, 0, 4]
[2, 0, 4, 2, 6, 4, 8, 6, 8, 11, 9, 2]
[2, 4, 2, 0, 6, 4, 6, 7, 11, 9, 16, 16, 16, 16, 16, 8, 16, 19, 17, 4, 22, 4, 24, 22, 22, 28, 28, 25, 4]
[6, 6, 6, 6, 6, 0, 6]
[4, 4, 4, 0, 4, 7, 4, 9, 7, 9, 9, 13, 14, 11, 4]
[15, 15, 15, 3, 3, 7, 5, 15, 15, 15, 15, 13, 15, 15, 0, 17, 15, 17, 17, 21, 19, 21, 25, 25, 22, 25, 29, 29, 26, 17, 32, 30, 32, 32, 32, 38, 38, 35, 15]
[4, 4, 4, 0, 4, 7, 4, 7, 7, 4, 4, 13, 4, 13, 4]
[5, 5, 5, 5, 9, 5, 6, 9, 0, 9, 9, 9, 14, 12, 9]
[0, 1, 1, 1, 1, 5, 6, 7, 7, 1, 1, 15, 15, 15, 1, 1]
[7, 3, 7, 7, 7, 7, 0, 7, 17, 12, 12, 9, 16, 13, 16, 17, 7, 22, 20, 22, 22, 17, 24, 22, 24, 29, 26, 29, 24, 7]
[7, 1, 4, 6, 4, 2, 0, 7, 11, 11, 8, 11, 12, 13, 13, 7]
[3, 3, 6, 6, 6, 0, 6]
[2, 13, 4, 5, 2, 7, 5, 13, 13, 13, 13, 13, 0, 13, 14, 20, 20, 20, 20, 15, 20, 23, 20, 25, 28, 25, 26, 23, 30, 32, 30, 28, 13]
[2, 0, 2, 3, 13, 13, 8, 13, 10, 8, 13, 13, 4, 13, 13, 22, 21, 21, 21, 21, 22, 15, 22, 26, 26, 23, 13, 4, 30, 4, 37, 34, 32, 37, 37, 37, 30, 37, 38, 39, 44, 44, 44, 39, 46, 44, 46, 47, 47, 47, 37]
[2, 0, 4, 2, 2, 9, 9, 9, 5, 2]
[4, 1, 2, 0, 4, 10, 10, 10, 10, 5, 10, 14, 14, 11, 4]
[3, 3, 5, 3, 0, 7, 5, 5, 5, 5, 13, 13, 5, 15, 13, 15, 18, 16, 5]
[5, 3, 5, 5, 0, 5, 9, 9, 6, 9, 9, 9, 14, 12, 14, 18, 18, 15]
[16, 3, 6, 3, 6, 16, 16, 16, 16, 11, 9, 11, 12, 16, 16, 24, 24, 19, 24, 19, 20, 24, 24, 0, 24, 24]
[5, 5, 5, 5, 0, 5, 8, 6, 5, 11, 5, 11, 14, 12, 16, 14, 19, 19, 16, 19, 22, 20, 22, 5, 26, 28, 26, 29, 5, 33, 33, 33, 29, 33, 36, 33, 33, 33]
[0, 1, 2, 1, 1, 17, 8, 6, 8, 17, 12, 17, 12, 17, 17, 17, 1, 17, 18, 1]
[6, 6, 2, 6, 6, 0, 6, 9, 7, 9, 9, 14, 14, 11, 11, 6, 6]
[0, 4, 4, 1, 4, 4, 9, 9, 6, 11, 9, 11, 14, 12, 11, 11, 16, 16, 20, 18, 1]
[9, 9, 2, 3, 3, 9, 9, 9, 0, 9, 16, 13, 16, 16, 16, 10, 19, 19, 16, 9]
[2, 9, 2, 2, 9, 9, 8, 9, 0, 9, 9, 17, 17, 15, 17, 17, 21, 21, 21, 21, 9, 24, 24, 21, 24, 9]
[4, 4, 4, 0, 6, 4, 8, 6, 8, 9, 10, 14, 14, 10, 14, 14, 18, 14, 14, 21, 14, 24, 24, 21, 21, 28, 28, 14, 28, 4]
[2, 4, 2, 0, 4, 8, 8, 15, 13, 13, 13, 13, 15, 15, 4, 22, 22, 22, 22, 21, 22, 15, 22, 26, 26, 23, 26, 30, 30, 27, 30, 33, 30, 33, 30, 37, 30, 37, 37, 37, 37, 44, 44, 41, 44, 41, 49, 49, 46, 4]
[3, 3, 19, 3, 6, 4, 3, 9, 3, 9, 9, 9, 9, 15, 13, 15, 15, 19, 0, 23, 23, 23, 19, 25, 23, 25, 26, 25, 25, 31, 29, 31, 32, 33, 19]
[4, 4, 4, 0, 4, 4, 11, 11, 11, 11, 6, 4, 4, 15, 4, 15, 20, 20, 20, 15, 23, 23, 20, 23, 20, 27, 25, 27, 30, 28, 4]
[15, 1, 4, 2, 4, 4, 10, 10, 10, 6, 15, 15, 15, 15, 0, 15, 19, 19, 16, 19, 20, 15, 27, 27, 27, 27, 15, 35, 33, 33, 33, 33, 35, 35, 27, 37, 35, 35, 35, 41, 39, 15]
[2, 0, 2, 5, 3, 5, 10, 10, 10, 6, 12, 10, 14, 12, 12, 19, 19, 19, 12, 19, 22, 20, 22, 23, 12, 29, 29, 29, 12, 31, 29, 31, 32, 35, 33, 12, 12, 39, 12, 43, 43, 43, 39, 46, 46, 43, 39, 50, 50, 39, 50, 2]
[3, 3, 25, 3, 6, 4, 8, 6, 10, 8, 13, 13, 8, 25, 16, 25, 25, 25, 25, 19, 19, 19, 24, 19, 0, 25]
[4, 4, 4, 0, 4, 4, 4, 11, 11, 11, 4, 16, 16, 16, 16, 11, 16, 24, 24, 24, 24, 24, 24, 17, 4]
[2, 0, 2, 3, 7, 7, 4, 10, 10, 7, 10, 15, 15, 15, 10, 15, 20, 19, 20, 16, 20, 21, 2]
[16, 1, 5, 5, 2, 5, 5, 5, 11, 11, 5, 16, 14, 16, 16, 0, 16, 19, 17, 16, 23, 23, 20, 16]
[5, 5, 5, 5, 0, 7, 5, 10, 10, 7, 7, 11, 12, 12, 5, 5]
[5, 3, 5, 5, 0, 7, 5, 7, 10, 8, 10, 11, 12, 13, 13, 17, 15, 17, 5, 5]
[5, 5, 5, 5, 0, 5, 8, 6, 8, 11, 8, 8, 14, 8, 5]
[3, 3, 4, 0, 4, 5, 8, 6, 11, 11, 4, 11, 12, 4]
[2, 0, 2, 2, 6, 4, 15, 15, 11, 11, 8, 11, 14, 12, 2, 18, 18, 15, 2]
[4, 4, 4, 0, 4, 4, 6, 4, 10, 4, 10, 13, 11, 4]
[9, 3, 9, 9, 9, 7, 9, 7, 0, 9, 10, 10, 9]
[2, 0, 2, 3, 7, 7, 4, 7, 8, 13, 13, 13, 2, 15, 13, 2, 2, 19, 17, 2]
[11, 1, 2, 5, 3, 11, 8, 11, 11, 11, 0, 11, 14, 12, 16, 11, 16, 17, 18, 18, 20, 23, 21, 11]
[5, 5, 5, 5, 11, 5, 8, 6, 11, 11, 0, 11, 14, 12, 11]
[2, 28, 2, 6, 6, 3, 10, 10, 10, 6, 12, 10, 14, 10, 28, 28, 28, 20, 18, 28, 20, 23, 20, 23, 24, 25, 28, 0]
[4, 4, 4, 0, 4]
[5, 5, 5, 5, 27, 5, 6, 7, 12, 12, 12, 5, 12, 5, 5, 18, 18, 22, 18, 21, 19, 5, 22, 27, 27, 27, 0, 27, 31, 31, 28, 27]
[2, 3, 0, 3, 6, 8, 6, 4, 8, 13, 13, 13, 9, 13, 14, 3, 19, 19, 16, 19, 23, 21, 20, 25, 23, 25, 25, 31, 31, 31, 27, 3]
[2, 3, 0, 3, 9, 9, 9, 9, 3, 3]
[0, 1, 1, 1, 6, 1, 6, 7, 1, 12, 12, 1, 18, 15, 13, 15, 18, 12, 20, 18, 22, 20, 1]
[7, 1, 7, 3, 6, 3, 0, 7, 8, 7]
[5, 5, 5, 5, 0, 5, 6, 9, 10, 7, 10, 14, 14, 11, 14, 17, 15, 5]
[3, 3, 6, 6, 6, 0, 10, 10, 10, 6, 6]
[2, 15, 9, 5, 9, 9, 9, 9, 2, 15, 14, 13, 14, 15, 0, 18, 18, 15, 18, 19, 20, 19, 25, 25, 22, 27, 25, 27, 30, 28, 27, 27, 32, 33, 34, 34, 15]
[4, 4, 4, 18, 4, 4, 6, 10, 10, 7, 6, 13, 11, 13, 16, 13, 4, 0, 21, 21, 18, 21, 24, 22, 21, 25, 30, 30, 30, 26, 30, 34, 34, 30, 18]
[21, 5, 5, 5, 1, 5, 11, 11, 8, 8, 5, 11, 11, 5, 16, 17, 5, 21, 21, 21, 0, 23, 21, 25, 23, 28, 28, 25, 30, 28, 28, 28, 34, 28, 36, 34, 34, 40, 40, 37, 40, 41, 21]
[2, 5, 5, 5, 0, 5, 9, 9, 6, 9, 10, 5, 15, 15, 5, 17, 18, 15, 20, 18, 5]
[5, 3, 5, 5, 0, 5]
[0, 1, 5, 5, 1, 5, 5, 1, 1, 12, 12, 9, 12, 13, 19, 18, 18, 19, 14, 19, 22, 20, 22, 25, 22, 22, 28, 22, 1]
[6, 3, 1, 6, 6, 0, 6, 9, 6, 6]
[2, 3, 0, 3, 6, 3]
[12, 12, 8, 8, 8, 8, 8, 12, 8, 12, 12, 0, 14, 12, 17, 17, 14, 17, 12]
[2, 6, 2, 5, 2, 0, 10, 10, 10, 6, 6, 13, 11, 6]
[2, 0, 5, 5, 2, 5, 6, 10, 10, 7, 10, 13, 11, 11, 2]
[3, 3, 0, 3, 7, 7, 4, 9, 3, 9, 10, 9, 15, 15, 9, 15, 9, 19, 9, 3]
[5, 3, 1, 5, 32, 5, 5, 10, 10, 7, 13, 13, 10, 17, 17, 17, 13, 17, 20, 18, 20, 23, 21, 17, 28, 28, 28, 24, 32, 32, 32, 0, 32, 32, 40, 40, 40, 40, 40, 34, 32]
[2, 0, 8, 3, 3, 3, 8, 2, 8, 14, 14, 11, 11, 9, 14, 18, 18, 20, 18, 15, 2, 26, 26, 26, 26, 2, 2]
[4, 4, 4, 9, 9, 9, 9, 9, 0, 9, 18, 11, 14, 12, 18, 18, 18, 9, 9]
[2, 3, 0, 5, 3, 3, 8, 6, 3, 3, 13, 13, 10, 13, 14, 20, 20, 20, 20, 13, 20, 20, 24, 22, 3]
[5, 5, 5, 5, 11, 5, 8, 6, 11, 11, 0, 11, 11, 15, 11, 17, 15, 17, 17, 11]
[3, 3, 0, 3]
[2, 0, 4, 7, 4, 7, 2, 7, 8, 2, 2, 11, 11, 11, 18, 18, 18, 14, 21, 21, 18, 21, 22, 2, 2]
[2, 5, 5, 5, 0, 5, 5, 5, 5, 5, 10, 14, 14, 21, 14, 14, 19, 19, 21, 21, 11, 5]
[5, 5, 5, 5, 0, 5, 8, 6, 8, 8, 8, 13, 11, 5]
[27, 1, 4, 2, 4, 7, 5, 4, 11, 11, 4, 4, 4, 15, 4, 15, 18, 16, 27, 22, 22, 27, 27, 27, 27, 27, 0, 27]
[3, 1, 0, 5, 3, 3, 8, 3, 10, 8, 8, 11, 8, 8, 16, 19, 16, 19, 14, 19, 23, 23, 20, 19, 26, 24, 29, 29, 14, 29, 32, 34, 32, 30, 3]
[4, 4, 4, 0, 6, 4, 4, 4]
[2, 0, 4, 6, 6, 2, 8, 6, 6, 9, 9, 2]
[0, 1, 7, 7, 7, 7, 2, 7, 10, 8, 1, 1, 15, 15, 12, 15, 16, 17, 20, 18, 1]
[2, 0, 2, 5, 3, 7, 5, 7, 8, 9, 12, 10, 12, 15, 13, 7, 7, 20, 20, 17, 20, 20, 22, 2]
[2, 3, 0, 3, 6, 4, 6, 9, 7, 3, 3, 11, 14, 11, 3]
[0, 5, 5, 5, 1, 1, 1, 1, 11, 11, 8, 11, 14, 12, 1]
[0, 1, 4, 1, 1]
[5, 5, 5, 5, 0, 7, 5, 9, 7, 9, 13, 13, 10, 13, 17, 17, 14, 5]
[2, 3, 0, 6, 6, 3, 6, 6, 6, 6, 6, 6, 14, 6, 14, 3]
[2, 8, 6, 3, 6, 2, 8, 0, 8]
[2, 4, 4, 0, 4, 8, 8, 5, 4, 15, 12, 15, 15, 15, 4, 4]
[3, 3, 14, 5, 3, 14, 13, 10, 10, 13, 13, 13, 14, 0, 17, 17, 14, 17, 18, 21, 19, 21, 27, 27, 27, 27, 22, 27, 30, 31, 27, 31, 34, 32, 14]
[2, 11, 2, 2, 8, 7, 8, 2, 11, 11, 0, 13, 11, 13, 14, 13, 18, 16, 18, 21, 19, 21, 24, 21, 21, 27, 13, 29, 30, 27, 30, 35, 35, 35, 31, 11]
[14, 1, 2, 8, 4, 8, 8, 3, 14, 14, 14, 14, 14, 0, 16, 14, 21, 21, 18, 18, 16, 21, 24, 22, 24, 25, 29, 29, 24, 29, 29, 33, 29, 33, 14]
[2, 4, 2, 11, 4, 9, 9, 9, 5, 11, 0, 11]
[20, 4, 4, 1, 4, 9, 9, 9, 5, 9, 9, 9, 12, 15, 12, 9, 20, 20, 20, 0, 22, 20, 20]
[5, 1, 5, 5, 8, 8, 8, 0, 8, 9, 10, 14, 14, 10, 14, 15, 16, 16, 8]
[11, 11, 11, 11, 11, 11, 11, 7, 10, 7, 17, 11, 16, 16, 16, 12, 0, 17, 18, 21, 19, 18, 24, 22]
[2, 4, 4, 0, 6, 4, 4, 4, 10, 4, 10, 10, 16, 15, 16, 12, 4, 19, 21, 21, 4, 23, 21, 23, 24, 25, 26, 30, 30, 26, 33, 33, 30, 4]
[4, 1, 4, 7, 7, 7, 0, 9, 7, 9, 12, 10, 12, 13, 7]
[2, 0, 4, 2, 4, 7, 5, 2, 8, 9, 9, 14, 12, 11, 2]
[2, 5, 5, 5, 0, 5, 6, 6, 5, 13, 12, 10, 9, 15, 13, 5]
[0, 3, 1, 6, 6, 3, 8, 6, 6, 11, 15, 11, 15, 15, 9]
[3, 3, 0, 5, 3, 5, 3, 3, 15, 12, 12, 9, 15, 15, 3, 15, 15, 15, 15, 15, 23, 23, 20, 3]
[4, 4, 4, 0, 7, 7, 4, 10, 10, 7, 7, 7, 14, 7, 17, 17, 14, 19, 17, 19, 22, 20, 4]
[7, 7, 7, 7, 7, 7, 0, 7]
[18, 5, 5, 5, 18, 8, 8, 5, 5, 5, 13, 13, 10, 13, 14, 18, 18, 0, 20, 18, 23, 23, 18, 23, 18]
[0, 1, 1]
[3, 3, 4, 0, 4, 4, 8, 6, 10, 8, 13, 13, 10, 13, 16, 14, 16, 19, 17, 4, 4, 23, 24, 4, 24, 28, 28, 25, 4]
[33, 1, 4, 1, 4, 8, 8, 5, 19, 19, 12, 19, 14, 12, 19, 19, 19, 19, 8, 19, 4, 4, 24, 4, 26, 24, 26, 30, 30, 27, 1, 33, 0, 37, 34, 37, 42, 37, 38, 42, 42, 33, 33]
[2, 0, 6, 5, 6, 2, 2, 9, 7, 9, 9, 2, 14, 2, 14, 14, 16, 2]
[5, 1, 5, 5, 0, 5, 6, 7, 10, 8, 10, 11, 14, 12, 5]
[8, 8, 8, 8, 8, 8, 8, 0, 10, 8, 12, 10, 14, 12, 14, 17, 12, 17, 20, 18, 8]
[3, 3, 13, 5, 3, 5, 3, 11, 11, 11, 3, 13, 0, 18, 18, 15, 15, 13, 20, 18, 22, 20, 20, 25, 23, 20, 20, 27, 27, 13]
[2, 0, 10, 10, 6, 4, 10, 10, 10, 2, 12, 10, 10, 13, 16, 18, 16, 14, 10, 10, 20, 23, 21, 23, 24, 2]
[3, 3, 0, 5, 3, 3, 3, 12, 12, 12, 12, 3, 3]
[4, 4, 4, 0, 6, 4, 6, 4, 8, 9, 12, 9, 14, 15, 9, 4]
[2, 18, 6, 5, 6, 2, 2, 11, 11, 11, 7, 11, 14, 12, 18, 18, 16, 0, 18, 19, 18]
[4, 4, 4, 0, 7, 7, 4, 7, 8, 4, 13, 13, 4, 4]
[5, 5, 5, 5, 0, 5, 6, 9, 7, 9, 12, 10, 5]
[3, 1, 0, 3, 3, 3, 8, 3, 3]
[3, 3, 0, 3, 6, 3, 3]
[4, 4, 4, 0, 4, 10, 9, 9, 6, 4, 10, 11, 15, 13, 12, 10, 20, 20, 20, 16, 20, 23, 21, 4]
[3, 3, 0, 9, 9, 9, 9, 9, 3, 15, 15, 15, 14, 15, 9, 15, 18, 16, 20, 18, 20, 21, 24, 22, 3]
[2, 3, 0, 3, 6, 3, 8, 6, 10, 8, 3]
[3, 3, 0, 3, 3, 5, 8, 6, 3, 11, 3, 11, 11, 11, 14, 17, 15, 17, 20, 18, 3, 3, 22, 23, 3, 3, 3, 27, 3]
[3, 3, 6, 3, 4, 0, 6, 7, 8, 11, 8, 15, 15, 15, 11, 22, 18, 20, 18, 22, 22, 15, 8, 8, 8, 25, 31, 31, 31, 31, 25, 31, 39, 39, 34, 37, 34, 39, 32, 6]
[2, 5, 5, 5, 0, 8, 8, 5, 8, 11, 9, 5, 12, 13, 18, 17, 18, 14, 5]
[4, 4, 4, 14, 6, 4, 6, 6, 8, 14, 14, 14, 14, 0, 14, 15, 19, 19, 16, 19, 20, 14]
[10, 1, 1, 3, 4, 10, 10, 10, 10, 0, 18, 18, 18, 18, 18, 17, 18, 10, 10]
[3, 1, 5, 5, 0, 5, 8, 6, 8, 11, 9, 5]
[0, 4, 4, 1, 6, 4, 10, 9, 10, 6, 1]
[4, 4, 4, 0, 4, 4, 9, 9, 6, 9, 10, 11, 17, 17, 17, 17, 11, 4]
[3, 3, 4, 0, 6, 4, 6, 9, 6, 4, 10, 17, 17, 13, 16, 13, 11, 17, 20, 18, 4]
[4, 4, 4, 0, 12, 12, 12, 12, 12, 12, 12, 4, 16, 16, 16, 12, 16, 20, 20, 17, 4]
[8, 8, 8, 8, 8, 8, 8, 13, 13, 13, 13, 13, 0, 13, 17, 17, 20, 17, 20, 14, 13]
[3, 3, 0, 3, 4, 3]
[3, 3, 0, 3, 3]
[3, 3, 0, 9, 9, 9, 8, 9, 3, 13, 13, 13, 3, 13, 16, 14, 3]
[4, 1, 4, 5, 0, 7, 5, 7, 8, 9, 10, 5]
[21, 1, 6, 6, 6, 2, 6, 7, 12, 12, 12, 8, 14, 12, 14, 17, 15, 21, 20, 21, 0, 21, 25, 25, 22, 21]
[3, 3, 0, 3, 6, 4, 3]
[3, 3, 0, 3, 3, 3, 3, 7, 7, 3, 13, 13, 3, 13, 17, 17, 14, 17, 18, 3]
[2, 0, 4, 2, 6, 10, 6, 6, 10, 4, 10, 10, 10, 13, 17, 17, 14, 2]
[0, 1, 1, 1, 1, 1, 8, 6, 1]
[2, 10, 10, 10, 4, 7, 5, 10, 10, 0, 10, 11, 14, 12, 23, 20, 20, 20, 20, 23, 20, 23, 14, 23, 23, 23, 23, 10, 10]
[2, 3, 0, 3, 4, 8, 8, 4, 10, 3, 12, 10, 12, 13, 16, 14, 16, 17, 14, 14, 14, 14, 24, 22, 24, 24, 28, 24, 24, 33, 30, 33, 24, 3]
[3, 3, 0, 3, 6, 4, 8, 3, 10, 8, 10, 13, 11, 22, 14, 17, 22, 22, 22, 22, 22, 13, 3]
[4, 4, 4, 0, 4, 8, 8, 5, 8, 9, 4]
[6, 6, 6, 6, 6, 0, 6, 10, 10, 7, 6]
[4, 4, 4, 0, 6, 4, 6, 7, 4]
[2, 0, 2, 2, 2, 2, 2, 10, 10, 2, 12, 13, 10, 2]
[2, 3, 0, 7, 7, 7, 3, 3]
[2, 5, 5, 5, 0, 7, 11, 11, 11, 11, 5, 13, 11, 5]
[2, 3, 0, 3, 6, 3, 6, 6, 6, 12, 12, 9, 3]
[0, 1, 4, 1, 1]
[3, 3, 0, 3, 7, 7, 4, 7, 8, 3, 3, 19, 15, 15, 12, 19, 19, 19, 3, 3]
[5, 1, 5, 5, 9, 9, 9, 9, 0, 9, 12, 9, 17, 17, 17, 17, 9, 20, 20, 17, 9, 9, 28, 28, 28, 27, 28, 9, 9]
[7, 3, 1, 7, 7, 7, 0, 12, 12, 12, 12, 7, 14, 12, 7, 7, 18, 16, 18, 22, 22, 19, 22, 22, 7, 7, 28, 7, 31, 31, 28, 31, 34, 32, 7]
[11, 3, 5, 3, 1, 11, 8, 11, 11, 11, 0, 11]
[7, 3, 1, 5, 3, 7, 0, 10, 10, 11, 7, 7, 7, 16, 16, 7, 18, 19, 16, 7]
[3, 3, 22, 3, 6, 4, 8, 6, 8, 8, 8, 8, 8, 8, 8, 8, 8, 8, 8, 22, 22, 0, 22, 26, 26, 23, 22]
[4, 3, 4, 17, 4, 8, 8, 5, 10, 8, 10, 10, 14, 12, 14, 15, 0, 20, 20, 17, 20, 25, 25, 25, 21, 25, 28, 25, 30, 25, 32, 30, 32, 17]
[2, 8, 4, 2, 4, 4, 4, 0, 8, 11, 9, 11, 14, 11, 11, 17, 15, 19, 17, 19, 17, 17, 25, 25, 22, 25, 8]
[7, 7, 4, 7, 4, 7, 0, 7, 10, 8, 13, 13, 14, 10, 16, 7, 19, 19, 24, 24, 22, 24, 24, 16, 7]
[2, 4, 2, 5, 0, 5, 5, 9, 7, 7, 7, 7, 15, 15, 12, 17, 15, 15, 15, 21, 19, 21, 22, 23, 24, 21, 21, 30, 30, 27, 30, 31, 34, 30, 39, 39, 39, 39, 34, 5]
[3, 3, 0, 3, 6, 4, 6, 9, 11, 11, 6, 11, 15, 15, 12, 11, 19, 19, 16, 19, 23, 23, 20, 3]
[2, 0, 4, 2, 2, 2, 14, 14, 14, 14, 14, 14, 14, 2, 14, 17, 15, 14, 14, 21, 22, 14, 25, 25, 22, 2]
[2, 8, 2, 3, 8, 8, 8, 0, 8, 11, 9, 11, 14, 11, 8, 8, 19, 19, 20, 8, 20, 23, 20, 25, 23, 25, 28, 26, 8]
[9, 3, 1, 9, 8, 8, 8, 9, 0, 15, 15, 11, 11, 15, 9, 15, 19, 19, 16, 21, 15, 9, 9, 28, 28, 28, 28, 9, 28, 33, 33, 33, 29, 9]
[0, 1, 1, 1, 4, 5, 9, 7, 6, 1]
[8, 3, 1, 8, 6, 8, 8, 0, 8, 11, 9, 11, 12, 8, 16, 14, 16, 17, 20, 18, 14, 14, 25, 25, 22, 27, 25, 29, 27, 25, 25, 31, 35, 35, 32, 35, 38, 36, 38, 39, 8]
[2, 8, 2, 2, 2, 7, 5, 0, 8, 11, 9, 8]
[0, 1, 1, 3, 4, 4, 1]
[0, 3, 1, 3, 6, 3, 10, 10, 10, 6, 10, 14, 14, 11, 1]
[4, 4, 4, 0, 6, 4, 9, 9, 6, 4]
[4, 3, 4, 8, 8, 7, 8, 0, 12, 12, 12, 8, 14, 12, 8]
[4, 4, 4, 0, 4, 7, 5, 4, 4, 11, 9, 11, 11, 4]
[6, 6, 6, 5, 6, 0, 6, 11, 11, 11, 7, 6]
[2, 7, 2, 2, 7, 7, 0, 26, 26, 9, 14, 13, 14, 9, 14, 20, 16, 20, 20, 15, 20, 24, 24, 20, 9, 7, 7]
[2, 0, 4, 2, 4, 7, 5, 2, 10, 11, 2, 11, 11, 15, 13, 15, 16, 2, 2, 22, 22, 24, 24, 2, 2]
[2, 3, 15, 3, 8, 8, 8, 4, 15, 15, 15, 15, 14, 15, 0, 20, 20, 20, 20, 15, 15]
[2, 3, 0, 6, 6, 3, 10, 9, 10, 6, 14, 14, 14, 10, 3]
[0, 1, 4, 6, 6, 1, 6, 6, 6, 6, 6, 6, 6, 15, 6, 1]
[6, 6, 6, 6, 6, 0, 6, 6, 8, 11, 12, 8, 6, 6, 16, 6, 16, 19, 16, 16, 16, 6]
[3, 3, 0, 3, 7, 7, 4, 4, 4, 9, 12, 15, 12, 15, 10, 15, 16, 17, 20, 18, 20, 25, 25, 25, 29, 25, 29, 29, 21, 18, 33, 33, 30, 33, 38, 35, 38, 34, 3]
[5, 5, 5, 5, 0, 5, 9, 9, 6, 5]
[2, 0, 2, 3, 2, 2, 2, 7, 7, 11, 9, 11, 16, 16, 16, 12, 2]
[5, 5, 5, 5, 0, 9, 9, 9, 5, 5]
[3, 1, 5, 5, 0, 5]
[2, 0, 5, 5, 2, 5, 8, 10, 8, 6, 10, 13, 10, 15, 5, 15, 18, 15, 18, 29, 29, 29, 29, 29, 29, 29, 29, 29, 18, 2]
[8, 8, 8, 8, 8, 7, 8, 0, 8]
[3, 3, 0, 5, 3, 8, 8, 5, 3]
[4, 3, 4, 0, 4, 10, 6, 10, 10, 5, 13, 13, 10, 15, 13, 4]
[2, 4, 2, 0, 6, 4, 8, 6, 10, 8, 13, 13, 10, 13, 16, 13, 13, 19, 17, 10, 23, 23, 20, 4]
[2, 0, 2, 2]
[9, 9, 9, 5, 9, 9, 8, 9, 0, 9, 10, 9, 17, 13, 17, 17, 9]
[5, 5, 5, 5, 0, 5, 8, 6, 8, 8, 8, 13, 11, 5]
[2, 0, 2, 3, 8, 8, 8, 4, 8, 11, 9]
[2, 8, 2, 5, 3, 8, 8, 0, 12, 9, 12, 8, 8]
[7, 7, 7, 7, 7, 7, 0, 7, 10, 12, 10, 8, 7, 7, 20, 20, 20, 19, 20, 7, 20, 23, 20, 20, 26, 24, 7]
[2, 0, 2, 7, 7, 7, 3, 9, 2, 9, 13, 13, 9, 13, 13, 13, 13, 2]
[0, 1, 2, 3, 6, 11, 6, 9, 11, 11, 4, 1, 1, 15, 16, 13, 16, 17, 21, 21, 13, 24, 24, 21, 24, 30, 28, 30, 30, 24, 1]
[10, 4, 4, 10, 4, 7, 5, 10, 10, 0, 10, 13, 10, 10, 10, 15, 16, 15, 21, 21, 18, 25, 25, 25, 21, 25, 21, 30, 30, 21, 21, 21, 38, 35, 38, 35, 35, 21, 10]
[2, 3, 0, 5, 3, 3]
[2, 0, 4, 2, 4, 5, 10, 10, 10, 4, 12, 10, 12, 15, 13, 15, 16, 17, 18, 18, 20, 2]
[3, 3, 0, 3, 4, 3, 8, 10, 8, 6, 10, 14, 14, 11, 14, 15, 10, 17, 18, 18, 22, 20, 22, 25, 22, 27, 22, 27, 28, 29, 30, 31, 3]
[2, 0, 2, 5, 2, 5, 8, 6, 8, 15, 15, 15, 12, 15, 9, 17, 15, 19, 17, 19, 22, 25, 25, 25, 19, 25, 30, 30, 30, 25, 19, 2]
[3, 3, 5, 5, 0, 7, 5, 5, 15, 9, 15, 11, 14, 11, 8, 8, 8, 8, 21, 21, 18, 21, 24, 22, 5]
[2, 9, 6, 6, 6, 2, 9, 9, 0, 11, 9, 13, 14, 11, 11, 15, 16, 21, 20, 21, 17, 21, 25, 25, 22, 9]
[2, 4, 4, 0, 4, 4, 8, 4, 8, 11, 9, 4, 14, 12, 4, 4, 19, 19, 4, 30, 22, 30, 24, 22, 30, 30, 30, 27, 27, 19, 4]
[2, 0, 5, 5, 2, 5, 5, 10, 10, 5, 2]
[8, 3, 1, 8, 6, 8, 8, 0, 11, 11, 8, 11, 15, 15, 12, 8, 20, 17, 20, 16, 8]
[26, 4, 4, 1, 4, 8, 8, 4, 4, 11, 4, 11, 14, 12, 26, 18, 18, 26, 18, 19, 19, 19, 26, 26, 26, 0, 26, 33, 33, 33, 33, 33, 27, 26]
[4, 3, 4, 0, 4, 10, 8, 10, 10, 5, 12, 10, 12, 12, 14, 17, 15, 17, 20, 17, 22, 20, 22, 23, 4]
[13, 1, 4, 2, 4, 7, 4, 13, 13, 13, 13, 13, 0, 13, 16, 14, 13, 20, 20, 13, 20, 21, 13]
[0, 1, 5, 5, 2, 5, 10, 7, 10, 6, 10, 11, 12, 12, 12, 12, 12, 12, 12, 1]
[9, 6, 6, 3, 3, 1, 9, 9, 0, 12, 12, 9, 12, 15, 19, 15, 18, 19, 13, 19, 22, 19, 22, 25, 27, 25, 22, 9]
[3, 3, 0, 3, 8, 5, 5, 9, 4, 3]
[2, 5, 2, 2, 22, 5, 8, 6, 8, 11, 9, 14, 14, 11, 11, 11, 11, 11, 18, 19, 11, 0, 22, 22]
[2, 11, 11, 11, 11, 5, 6, 11, 11, 11, 0, 11]
[5, 5, 2, 2, 0, 5, 6, 7, 11, 11, 7, 11, 14, 12, 20, 17, 20, 17, 18, 14, 22, 20, 22, 25, 23, 5]
[3, 3, 14, 5, 3, 8, 8, 5, 14, 11, 14, 14, 14, 0, 14, 14, 16, 20, 20, 17, 22, 20, 22, 23, 24, 24, 24, 24, 24, 24, 24, 14]
[0, 1, 8, 5, 6, 8, 8, 1, 11, 11, 8, 8, 15, 15, 12, 15, 19, 19, 16, 1]
[5, 3, 5, 5, 0, 5, 11, 11, 11, 11, 6, 13, 11, 13, 16, 14, 13, 13, 13, 19, 19, 23, 21, 23, 23, 5]
[2, 3, 0, 6, 6, 3, 3]
[3, 3, 0, 3, 7, 7, 3, 7, 8, 11, 3, 11, 11, 16, 16, 13, 16, 19, 17, 3]
[5, 5, 5, 5, 0, 10, 10, 10, 10, 5, 12, 10, 14, 12, 19, 19, 19, 19, 14, 5, 5]
[2, 0, 2, 3, 6, 9, 9, 7, 4, 2, 2, 2, 12, 13, 14, 14, 16, 17, 13, 13, 22, 20, 22, 26, 26, 23, 20, 20, 28, 33, 32, 33, 28, 20, 20, 35, 38, 36, 38, 41, 39, 20, 20, 43, 47, 47, 44, 2]
[4, 4, 4, 0, 4, 5, 4, 7, 8, 8, 4]
[7, 3, 7, 7, 6, 7, 0, 9, 7, 11, 9, 13, 11, 16, 16, 11, 18, 16, 16, 21, 11, 21, 24, 22, 24, 30, 30, 30, 30, 24, 7]
[6, 6, 6, 6, 6, 0, 6, 11, 11, 11, 7, 16, 15, 15, 16, 6, 16, 16, 18, 21, 16, 25, 25, 25, 21, 25, 28, 25, 25, 21, 33, 33, 30, 33, 37, 37, 34, 6]
[2, 0, 2, 8, 6, 8, 8, 2, 8, 9, 10, 10, 10, 10, 14, 14, 2]
[3, 3, 0, 3, 8, 5, 5, 4, 3, 12, 12, 3, 12, 16, 16, 13, 3]
[4, 1, 4, 13, 4, 7, 5, 9, 10, 4, 12, 10, 0, 16, 16, 13, 16, 17, 18, 19, 22, 20, 24, 22, 28, 27, 28, 24, 28, 31, 29, 13]
[5, 5, 5, 5, 0, 5]
[3, 1, 6, 6, 6, 0, 6, 6, 11, 11, 6, 6]
[7, 7, 7, 7, 7, 7, 0, 7]
[4, 4, 4, 22, 4, 7, 5, 7, 11, 11, 8, 11, 18, 18, 18, 18, 18, 12, 22, 22, 22, 0, 26, 26, 26, 22, 26, 26, 31, 31, 28, 31, 34, 32, 36, 34, 38, 36, 40, 38, 22]
[6, 6, 6, 6, 6, 19, 8, 6, 8, 11, 13, 11, 8, 6, 14, 19, 19, 19, 0, 19, 23, 23, 20, 19, 19, 29, 29, 29, 19, 32, 32, 29, 32, 35, 33, 35, 39, 39, 36, 35, 43, 43, 40, 19]
[3, 3, 7, 3, 6, 3, 0, 12, 12, 12, 12, 7, 12, 15, 13, 7]
[10, 1, 2, 3, 3, 3, 3, 10, 10, 0, 12, 10, 10]
[9, 1, 4, 2, 9, 7, 9, 9, 0, 11, 9, 9, 12, 9]
[4, 4, 4, 0, 4, 7, 4, 4, 10, 4, 4]
[2, 0, 2, 2, 4, 2]
[3, 3, 0, 3, 4, 3]
[8, 1, 2, 8, 8, 8, 8, 0, 8, 8, 18, 11, 12, 18, 18, 18, 18, 8, 18, 21, 19, 8]
[2, 0, 5, 5, 2, 7, 5, 5, 10, 15, 13, 13, 10, 10, 5, 17, 15, 2]
[17, 1, 4, 2, 1, 5, 17, 11, 11, 11, 13, 11, 17, 17, 17, 17, 0, 17, 21, 21, 18, 23, 17, 27, 27, 27, 23, 27, 28, 23, 30, 17]
[2, 0, 2, 18, 18, 18, 8, 6, 18, 12, 12, 18, 12, 13, 18, 18, 18, 2, 18, 19, 23, 23, 20, 2]
[2, 0, 2, 5, 3, 2, 2, 9, 14, 9, 12, 10, 14, 2, 16, 14, 14, 20, 20, 17, 22, 20, 2]
[4, 4, 4, 5, 0, 5, 5, 5, 8, 12, 12, 9, 12, 15, 13, 5, 5, 20, 20, 21, 17, 21, 21, 23, 24, 27, 25, 25, 31, 31, 28, 5]
[2, 5, 5, 5, 0, 5, 6, 5, 5, 13, 13, 13, 5, 5]
[2, 0, 2, 7, 7, 7, 3, 9, 2, 9, 12, 10, 9, 13, 13, 13, 2]
[5, 5, 5, 5, 0, 5]
[2, 0, 2, 8, 6, 8, 8, 2, 8, 8, 13, 13, 8, 15, 13, 17, 15, 17, 18, 19, 22, 20, 2]
[2, 9, 2, 5, 2, 2, 9, 9, 0, 9, 9, 15, 15, 15, 9, 9]
[6, 6, 6, 5, 6, 0, 6, 6, 8, 14, 14, 14, 14, 9, 8, 17, 8, 19, 17, 19, 24, 24, 24, 20, 6]
[2, 4, 4, 0, 7, 7, 4, 4, 4, 11, 13, 13, 4, 15, 13, 19, 19, 19, 13, 13, 13, 4]
[2, 0, 5, 5, 2, 5, 6, 7, 11, 11, 15, 11, 15, 15, 8, 2, 2, 24, 20, 18, 24, 23, 24, 2, 27, 27, 24, 2]
[3, 3, 0, 9, 6, 9, 9, 9, 3, 3]
[2, 3, 0, 9, 6, 9, 9, 9, 3, 14, 14, 14, 14, 9, 26, 18, 16, 26, 18, 18, 18, 18, 18, 26, 26, 14, 26, 29, 27, 3]
[6, 1, 1, 6, 6, 0, 6, 9, 15, 9, 12, 10, 15, 15, 6, 6]
[2, 0, 4, 2, 6, 2, 2]
[3, 3, 0, 5, 3, 5, 6, 6, 6, 11, 5, 11, 11, 15, 13, 15, 19, 19, 16, 23, 22, 23, 19, 23, 23, 27, 25, 3]
[5, 5, 2, 2, 0, 5, 6, 5, 8, 9, 10, 10, 5]
[3, 3, 0, 6, 6, 3, 6, 7, 8, 8, 6, 13, 15, 15, 6, 15, 18, 20, 20, 15, 3]
[9, 1, 1, 5, 1, 9, 9, 9, 0, 9, 10, 11, 11, 9, 9, 15, 15, 20, 20, 17]
[13, 3, 1, 6, 6, 13, 6, 10, 10, 6, 13, 13, 0, 21, 21, 21, 21, 21, 21, 21, 13, 21, 24, 27, 24, 27, 22, 13]
[6, 6, 6, 6, 6, 0, 6]
[3, 3, 0, 3, 3, 11, 11, 11, 10, 11, 3, 14, 14, 11, 14, 17, 15, 14, 14, 19, 23, 23, 19, 3]
[4, 4, 4, 0, 6, 4, 9, 9, 6, 9, 10, 11, 9, 9, 16, 21, 16, 20, 20, 16, 9, 21, 22, 4]
[3, 3, 0, 5, 3, 8, 8, 5, 11, 11, 5, 15, 15, 15, 11, 17, 11, 17, 17, 5, 5, 5, 5, 26, 26, 23, 23, 3]
[2, 0, 2, 5, 2, 2, 9, 9, 2, 9, 13, 13, 10, 15, 13, 15, 15, 19, 17, 2]
[3, 3, 0, 3, 6, 4, 6, 7, 3]
[2, 0, 2, 3, 6, 3, 3, 3, 10, 3, 3, 3, 12, 12, 2]
[2, 3, 0, 3, 6, 4, 6, 9, 7, 3, 3, 13, 22, 15, 13, 15, 19, 19, 16, 22, 22, 3, 27, 25, 27, 27, 22, 27, 31, 29, 28, 3]
[3, 3, 0, 6, 6, 3, 3, 9, 7, 9, 16, 16, 16, 15, 13, 10, 16, 24, 24, 24, 24, 24, 24, 16, 24, 24, 29, 29, 26, 3]
[18, 7, 4, 7, 7, 7, 1, 12, 12, 12, 12, 7, 18, 17, 17, 17, 18, 0, 21, 21, 18, 21, 24, 22, 24, 28, 28, 24, 30, 28, 33, 33, 30]
[4, 4, 4, 0, 6, 8, 6, 4, 8, 11, 9, 4, 4, 15, 17, 17, 4, 4]
[2, 0, 4, 2, 6, 4, 6, 7, 10, 8]
[2, 0, 2, 3, 6, 4, 2, 12, 12, 9, 9, 7, 2, 16, 16, 2, 16, 16, 20, 18, 20, 20, 2]
[3, 3, 5, 5, 0, 5]
[10, 4, 4, 1, 4, 7, 5, 10, 10, 0, 15, 15, 12, 12, 10, 15, 19, 19, 16, 10]
[3, 3, 0, 5, 3, 7, 5, 5, 11, 11, 8, 5, 5, 16, 16, 13, 16, 19, 17]
[4, 4, 4, 0, 6, 4, 8, 10, 10, 6, 4, 4, 4, 15, 4, 4]
[4, 4, 4, 0, 6, 4, 6, 11, 11, 11, 7, 14, 14, 6, 14, 14, 14, 14, 14, 14, 4]
[3, 3, 0, 5, 3, 5, 10, 10, 10, 6, 10, 14, 14, 10, 14, 17, 15, 17, 20, 17, 3]
[3, 3, 12, 3, 9, 9, 6, 6, 3, 12, 12, 0, 12, 19, 19, 19, 19, 19, 13, 12]
[2, 5, 5, 5, 0, 5, 5, 5, 5]
[2, 6, 2, 5, 6, 0, 6, 7, 8, 8, 8, 8, 8, 6]
[2, 3, 0, 3, 6, 4, 6, 10, 10, 7, 10, 15, 15, 15, 10, 15, 16, 15, 15, 21, 15, 4, 4, 4, 26, 24, 29, 29, 30, 26, 32, 30, 32, 35, 33, 37, 30, 30, 40, 30, 42, 40, 44, 42, 3]
[3, 3, 8, 3, 6, 4, 8, 0, 8, 8, 8, 8, 8]
[2, 5, 5, 5, 0, 7, 5, 5]
[2, 9, 2, 5, 2, 9, 8, 9, 0, 9, 9, 14, 14, 11, 14, 18, 18, 14, 18, 22, 22, 19, 9]
[2, 4, 4, 0, 6, 4, 6, 7, 10, 8, 10, 13, 11, 10, 10, 17, 15, 4, 4, 26, 22, 20, 26, 26, 26, 4, 26, 29, 27, 29, 32, 29, 34, 26, 34, 4]
[2, 0, 2, 3, 3, 8, 8, 5, 3, 3, 3, 13, 11, 15, 3, 15, 15, 15, 20, 15, 22, 15, 24, 22, 24, 28, 28, 25, 2]
[2, 0, 2, 6, 6, 2, 2, 11, 10, 11, 2, 2]
[3, 3, 12, 6, 6, 3, 6, 9, 6, 12, 12, 0, 12, 12, 16, 14, 12]
[2, 7, 7, 7, 4, 7, 0, 7]
[4, 4, 4, 0, 4, 7, 5, 5, 5, 11, 9, 5, 5, 15, 13, 4]
[2, 3, 0, 5, 3, 3, 3, 9, 3, 9, 10, 11, 3]
[6, 6, 6, 6, 6, 0, 8, 6, 8, 12, 12, 9, 12, 15, 12, 15, 20, 20, 20, 16, 20, 23, 21, 6]
[2, 3, 0, 5, 3, 9, 8, 9, 5, 3, 12, 3, 15, 15, 12, 15, 3, 3, 22, 22, 22, 3, 22, 25, 23, 3]
[4, 4, 4, 0, 4, 5, 4]
[0, 4, 4, 1, 6, 7, 4, 1]
[2, 9, 2, 2, 4, 4, 8, 6, 0, 12, 12, 9, 9, 16, 16, 13, 9, 23, 23, 23, 23, 23, 17, 23, 24, 28, 28, 23, 28, 32, 32, 29, 32, 35, 33, 35, 40, 39, 40, 36, 9]
[3, 3, 5, 5, 0, 5, 5, 9, 10, 5, 10, 11, 14, 12, 5]
[0, 4, 4, 1, 4, 5, 4, 4, 11, 11, 12, 8, 8, 16, 16, 13, 16, 19, 17, 1]
[2, 4, 4, 0, 4]
[2, 4, 4, 0, 4]
[2, 3, 0, 5, 3, 3]
[0, 1]
[5, 5, 5, 5, 0, 8, 8, 5, 8, 11, 9, 8, 14, 12, 16, 14, 20, 20, 20, 16, 20, 23, 21, 23, 26, 24, 5]
[5, 5, 5, 5, 0, 5, 6, 5, 8, 11, 9, 11, 15, 15, 11, 15, 16]
[5, 5, 5, 5, 0, 9, 9, 9, 5, 11, 9, 15, 15, 15, 9, 17, 15, 5]
[2, 0, 4, 2, 7, 7, 4, 7, 7, 9, 12, 10, 10, 15, 13, 2]
[2, 0, 4, 6, 6, 2, 6, 9, 11, 11, 6, 6, 6, 15, 17, 17, 6, 17, 2]
[2, 4, 4, 0, 6, 4, 10, 10, 10, 4, 12, 10, 4, 4, 14, 18, 18, 14, 18, 23, 22, 23, 19, 4]
[2, 0, 2, 2, 4, 2, 2, 16, 10, 13, 10, 13, 8, 16, 16, 2, 16, 16, 21, 21, 18, 21, 24, 22, 24, 24, 24, 24, 2]
[4, 4, 4, 10, 10, 10, 10, 10, 10, 0, 10, 13, 11, 15, 13, 13, 13, 19, 13, 21, 19, 10]
[4, 4, 4, 0, 4]
[13, 5, 5, 5, 1, 5, 5, 9, 11, 9, 7, 13, 0, 17, 16, 17, 13, 17, 18, 19, 13]
[5, 5, 5, 5, 0, 5, 10, 9, 10, 6, 10, 10, 12, 15, 13, 15, 18, 15, 15, 21, 15, 5]
[0, 3, 8, 6, 6, 8, 8, 1, 10, 8, 10, 11, 12, 13, 14, 1]
[3, 3, 0, 5, 6, 7, 9, 9, 3, 9, 9, 9, 14, 12, 18, 18, 18, 14, 18, 3]
[20, 4, 4, 1, 4, 7, 5, 4, 8, 9, 10, 11, 20, 16, 16, 20, 20, 20, 20, 0, 20]
[5, 5, 5, 5, 0, 5, 8, 6, 8, 9, 5]
[3, 3, 4, 0, 8, 7, 8, 4, 4]
[3, 3, 0, 3, 6, 4, 3, 12, 12, 12, 12, 3, 14, 12, 14, 15, 15, 17, 20, 17, 20, 23, 20, 3]
[5, 5, 5, 5, 0, 5, 8, 6, 8, 11, 13, 11, 9, 5, 18, 17, 18, 5, 18, 21, 19, 21, 22, 25, 23, 22, 26, 27, 5]
[3, 3, 0, 3, 6, 4, 11, 11, 11, 11, 13, 13, 3, 13, 18, 18, 18, 14, 18, 21, 22, 18, 18, 25, 23, 3]
[0, 4, 4, 1, 1, 9, 9, 9, 1, 9, 14, 14, 14, 9, 14, 15, 16, 16, 16, 16, 16, 16, 1]
[3, 3, 5, 5, 0, 5, 6, 5]
[4, 4, 4, 15, 4, 5, 6, 4, 4, 9, 10, 11, 15, 15, 0, 15, 16, 15]
[4, 3, 4, 0, 10, 10, 8, 10, 10, 4, 10, 10, 10, 10, 10, 20, 16, 20, 20, 15, 20, 23, 20, 23, 26, 23, 23, 29, 31, 29, 23, 4]
[5, 5, 5, 5, 0, 8, 8, 5, 8, 8, 12, 10, 5]
[3, 3, 13, 5, 3, 3, 13, 13, 13, 13, 13, 13, 0, 13, 17, 17, 13, 19, 17, 19, 22, 17, 13]
[2, 10, 2, 5, 2, 10, 9, 9, 10, 0, 10, 13, 10, 13, 10]
[2, 0, 5, 5, 2, 5, 9, 9, 6, 2, 2, 13, 11, 2]
[3, 3, 0, 3, 4, 5, 5, 5, 5, 11, 5, 3, 14, 12, 14, 18, 18, 15, 18, 19, 3]
[8, 8, 2, 6, 6, 2, 2, 0, 8]
[3, 3, 0, 3, 6, 11, 6, 9, 10, 11, 4, 11, 11, 3]
[4, 4, 4, 24, 6, 4, 6, 10, 10, 7, 10, 11, 12, 12, 12, 17, 12, 24, 24, 24, 24, 24, 24, 0, 24]
[11, 1, 1, 1, 1, 11, 11, 11, 11, 11, 0, 15, 14, 15, 11, 15, 11, 20, 20, 11, 20, 23, 20, 23, 26, 24, 26, 30, 30, 26, 11]
[3, 3, 0, 3, 7, 7, 4, 9, 7, 13, 13, 13, 9, 13, 13, 13, 16, 3]
[2, 0, 5, 5, 7, 7, 2, 9, 7, 9, 12, 10, 12, 12, 2]
[2, 5, 4, 5, 0, 5, 5, 5, 10, 5, 10, 10, 5]
[0, 1, 2, 1, 4, 5, 1]
[7, 7, 7, 7, 6, 7, 16, 16, 16, 16, 16, 16, 16, 13, 13, 0, 16]
[12, 1, 7, 7, 4, 4, 2, 12, 10, 12, 10, 0, 12, 13, 16, 14, 12, 12, 18, 24, 24, 21, 21, 18, 24, 29, 28, 29, 25, 12]
[3, 3, 4, 0, 8, 7, 8, 4, 4]
[2, 0, 4, 6, 6, 2, 2, 9, 2, 13, 12, 13, 9, 13, 13, 2]
[2, 3, 0, 3, 4, 8, 8, 4, 8, 12, 12, 8, 3, 3, 24, 21, 21, 21, 21, 21, 15, 24, 24, 3, 3]
[3, 3, 0, 3, 7, 7, 3, 3, 12, 11, 12, 8, 12, 13, 16, 14, 16, 19, 16, 3]
[2, 5, 5, 5, 0, 7, 5, 5]
[7, 7, 7, 6, 6, 7, 0, 9, 7, 7, 7, 14, 14, 7, 14, 14, 18, 16, 22, 22, 22, 18, 24, 22, 24, 27, 25, 7]
[2, 0, 2, 2, 2, 9, 9, 9, 2, 9, 10, 14, 14, 11, 2, 2, 20, 20, 20, 2, 2]
[5, 3, 5, 5, 6, 0, 6, 10, 10, 7, 10, 13, 10, 18, 18, 17, 18, 6, 20, 18, 6]
[2, 4, 2, 7, 4, 5, 0, 7, 11, 11, 7, 7, 7, 16, 16, 7, 16, 19, 17, 7]
[2, 10, 10, 10, 10, 10, 8, 10, 10, 0, 10, 14, 12, 11, 10, 22, 22, 22, 22, 22, 22, 15, 25, 25, 22, 25, 26, 10]
[2, 0, 5, 5, 2, 5, 9, 9, 11, 9, 6, 13, 11, 15, 13, 15, 18, 15, 15, 21, 15, 2]
[3, 3, 0, 3, 3, 7, 3, 3]
[0, 1, 1, 1, 1, 1]
[4, 4, 4, 0, 4, 5, 9, 9, 6, 9, 13, 13, 10, 13, 14, 17, 19, 17, 15, 19, 22, 20, 4]
[2, 10, 5, 5, 2, 5, 6, 9, 7, 0, 10, 10, 14, 12, 14, 15, 16, 17, 18, 10]
[2, 0, 5, 5, 2, 5, 5, 9, 11, 11, 7, 11, 11, 11, 16, 11, 2]
[3, 3, 4, 0, 18, 18, 6, 6, 6, 11, 9, 11, 14, 12, 6, 18, 18, 4, 4]
[5, 5, 5, 5, 0, 7, 5, 7, 7, 11, 9, 11, 12, 13, 16, 13, 11, 21, 21, 21, 17, 5]
[10, 1, 2, 6, 6, 3, 10, 10, 10, 0, 12, 10, 28, 15, 17, 15, 28, 28, 28, 19, 25, 25, 25, 25, 20, 28, 28, 12, 30, 28, 30, 34, 34, 31, 10]
[2, 10, 10, 10, 10, 5, 10, 10, 10, 0, 10]
[3, 3, 6, 6, 6, 0, 6, 7, 10, 8, 10, 17, 12, 17, 17, 17, 11, 17, 20, 18, 20, 23, 20, 6]
[16, 3, 1, 3, 6, 8, 6, 4, 8, 8, 16, 16, 16, 15, 16, 0, 16, 35, 20, 18, 20, 23, 21, 23, 29, 27, 29, 29, 24, 35, 35, 35, 35, 35, 16, 16]
[2, 6, 6, 6, 6, 0, 6, 10, 10, 7, 6]
[0, 1]
[0, 1, 1, 1, 1, 5, 5, 1, 11, 11, 1, 11, 16, 16, 16, 12, 1]
[3, 3, 0, 7, 7, 7, 3, 3]
[5, 4, 4, 5, 0, 5]
[4, 4, 4, 0, 6, 4, 8, 6, 8, 11, 9, 4]
[2, 6, 6, 6, 6, 0, 6, 6, 11, 11, 6, 13, 16, 13, 16, 11, 16, 19, 17, 6]
[2, 6, 2, 2, 6, 0, 10, 10, 10, 6, 6]
[4, 4, 4, 0, 7, 7, 4, 4]
[13, 1, 1, 1, 1, 1, 1, 1, 10, 8, 13, 13, 0, 13, 13, 17, 15, 13, 13, 13, 20, 23, 25, 25, 21, 25, 26, 25, 28, 29, 13]
[3, 3, 0, 5, 3, 7, 5, 3, 3]
[2, 0, 4, 2, 4, 4, 4, 4, 4, 4, 10, 11, 19, 13, 16, 19, 16, 16, 12, 2, 23, 23, 2, 26, 26, 23, 26, 29, 27, 29, 30, 31, 2]
[2, 6, 6, 6, 6, 0, 6, 6, 10, 6, 6, 6]
[5, 3, 5, 5, 0, 5, 10, 10, 10, 5, 10, 10, 5]
[3, 3, 0, 3, 3, 7, 3, 10, 10, 3, 3]
[24, 5, 5, 5, 1, 5, 6, 7, 8, 24, 13, 13, 24, 24, 24, 23, 23, 23, 23, 23, 23, 23, 24, 0, 24, 24, 28, 26, 31, 31, 28, 24]
[2, 3, 0, 6, 6, 3, 3]
[4, 4, 4, 0, 4, 5, 4, 4, 10, 4, 12, 10, 4]
[2, 15, 2, 3, 4, 4, 4, 4, 8, 8, 15, 13, 15, 15, 0, 17, 15, 17, 20, 18, 17, 21, 24, 22, 28, 25, 26, 24, 24, 24, 30, 33, 31, 33, 36, 37, 33, 15]
[3, 3, 4, 0, 4, 9, 9, 9, 4, 13, 13, 13, 9, 15, 9, 4]
[4, 4, 4, 0, 7, 7, 4, 4, 11, 11, 8, 4, 4, 13, 13, 22, 16, 16, 16, 21, 16, 15, 24, 22, 24, 24, 26, 27, 30, 28, 4]
[9, 9, 2, 2, 2, 7, 2, 9, 0, 9, 10, 13, 11, 9, 9, 17, 26, 21, 21, 21, 17, 21, 24, 22, 26, 9, 31, 30, 30, 31, 26, 9]
[3, 3, 0, 6, 6, 3, 6, 9, 12, 9, 12, 14, 14, 7, 14, 15, 16, 3]
[8, 3, 8, 8, 8, 8, 6, 0, 10, 8, 12, 10, 12, 16, 16, 12, 16, 17, 22, 22, 22, 16, 22, 26, 26, 23, 8]
[0, 4, 4, 1, 4, 4, 1, 1, 10, 11, 1, 11, 12, 11, 17, 17, 14, 17, 18, 19, 19, 1]
[8, 1, 4, 1, 8, 8, 8, 0, 10, 8, 8, 11, 14, 12, 14, 15, 12, 20, 20, 17, 8]
[2, 3, 0, 6, 6, 3, 6, 9, 7, 3, 12, 10, 12, 15, 12, 12, 16, 17, 3]
[0, 1, 1, 1, 6, 1, 9, 9, 6, 6, 13, 13, 1, 1]
[6, 6, 6, 6, 6, 0, 6, 6, 10, 8, 6]
[6, 1, 4, 1, 6, 0, 10, 10, 10, 6, 6]
[2, 4, 4, 5, 0, 7, 5, 5, 10, 8, 5, 15, 15, 15, 17, 17, 5, 19, 17, 17, 20, 23, 21, 23, 24, 25, 25, 5]
[7, 7, 7, 5, 7, 7, 0, 9, 7, 12, 12, 9, 12, 16, 16, 12, 22, 22, 22, 22, 22, 16, 22, 23, 7]
[4, 4, 4, 5, 0, 7, 5, 7, 12, 12, 12, 8, 5, 16, 16, 13, 16, 17, 5]
[0, 1, 5, 5, 2, 5, 9, 9, 6, 9, 14, 11, 14, 10, 1, 1, 19, 19, 1, 23, 23, 23, 19, 23, 29, 29, 28, 29, 24, 31, 29, 34, 34, 31, 31, 35, 31, 31, 38, 38, 38, 38, 38, 38, 44, 45, 46, 47, 47, 1]
[3, 3, 11, 3, 6, 4, 11, 11, 11, 11, 0, 11, 14, 12, 14, 17, 14, 14, 22, 22, 22, 14, 22, 27, 27, 27, 23, 11]
[4, 4, 4, 17, 4, 12, 12, 12, 12, 12, 12, 5, 17, 15, 17, 15, 0, 17]
[6, 5, 5, 5, 1, 0, 6, 7, 12, 12, 12, 8, 8, 13, 16, 14, 6]
[0, 1, 1, 7, 7, 7, 3, 1, 1, 12, 12, 1, 17, 17, 17, 17, 12, 1]
[3, 3, 8, 8, 8, 8, 8, 0, 8, 8, 8]
[4, 3, 4, 0, 4, 5, 6, 10, 10, 7, 10, 15, 15, 15, 11, 4]
[4, 4, 4, 6, 6, 0, 6, 7, 6, 6, 10, 14, 14, 11, 6, 19, 19, 19, 6, 19, 22, 20, 22, 22, 22, 27, 25, 27, 30, 28, 6]
[4, 3, 4, 7, 7, 7, 0, 7]
[2, 6, 2, 6, 6, 13, 6, 9, 12, 9, 12, 6, 0, 17, 16, 17, 13, 13, 18, 22, 22, 19, 13]
[2, 0, 8, 3, 3, 3, 3, 2, 2]
[4, 3, 4, 0, 6, 4, 10, 7, 10, 6, 10, 11, 14, 6, 14, 14, 16, 17, 21, 21, 18, 4]
[9, 4, 4, 1, 9, 8, 8, 9, 0, 11, 12, 9, 9, 15, 13, 17, 9, 21, 21, 21, 17, 21, 25, 25, 22, 9]
[5, 3, 5, 5, 15, 5, 8, 6, 15, 15, 15, 13, 15, 15, 0, 15, 16, 15]
[3, 3, 0, 7, 4, 4, 3, 9, 7, 3]
[6, 6, 2, 5, 2, 15, 6, 10, 10, 7, 10, 14, 14, 10, 0, 18, 18, 15, 15, 15, 22, 15, 22, 26, 26, 23, 15]
[4, 3, 4, 0, 4, 5, 6, 10, 10, 6, 10, 10, 10, 10, 10, 10, 10, 20, 20, 17, 20, 25, 25, 25, 20, 4]
[2, 11, 2, 5, 2, 2, 9, 9, 2, 11, 0, 13, 11, 16, 16, 13, 13, 17, 21, 21, 18, 18, 22, 27, 26, 27, 23, 27, 33, 33, 30, 30, 28, 11]
[3, 3, 0, 3, 3, 8, 8, 3, 8, 15, 15, 15, 12, 15, 9, 8, 18, 19, 16, 19, 3, 3]
[6, 6, 4, 6, 6, 0, 6, 10, 10, 7, 10, 11, 14, 6, 14, 15, 6]
[3, 3, 0, 3, 3, 5, 5, 5, 5, 5, 5, 5, 3]
[2, 12, 2, 3, 4, 4, 4, 9, 4, 12, 12, 0, 12, 15, 12, 17, 15, 17, 20, 18, 12]
[2, 5, 5, 5, 0, 5, 11, 11, 11, 11, 6, 5]
[0, 13, 5, 5, 13, 5, 9, 9, 6, 9, 10, 13, 1, 1, 1, 1, 19, 19, 16, 19, 22, 20, 1]
[3, 3, 4, 0, 4, 7, 4, 12, 10, 12, 12, 7, 14, 12, 4]
[2, 3, 0, 6, 6, 3, 3, 9, 10, 3, 12, 10, 12, 15, 13, 10, 18, 16, 18, 21, 19, 3]
[3, 3, 0, 3, 4, 3, 8, 6, 3, 11, 3, 11, 14, 12, 11, 17, 15, 3]
[2, 4, 4, 0, 4]
[5, 5, 5, 3, 0, 5, 5, 5, 11, 11, 5, 5, 5, 15, 5, 5, 18, 5, 18, 5]
[4, 3, 4, 7, 7, 7, 0, 7, 10, 17, 17, 14, 14, 17, 17, 15, 8, 7]
[3, 3, 0, 3, 4, 3, 6, 3, 3, 3, 3, 15, 15, 15, 24, 15, 19, 19, 15, 21, 19, 24, 24, 3, 26, 24, 3]
[5, 5, 5, 5, 24, 7, 5, 7, 8, 9, 13, 13, 10, 24, 16, 24, 16, 24, 24, 24, 24, 24, 24, 0, 24, 27, 25, 24]
[0, 1, 1, 1, 1, 1, 1, 1, 1, 1]
[7, 3, 7, 3, 6, 3, 0, 7]
[5, 5, 5, 5, 0, 5, 8, 11, 8, 11, 6, 5]
[3, 3, 5, 5, 0, 7, 5, 9, 7, 9, 14, 14, 14, 10, 5]
[0, 1, 1, 9, 9, 5, 8, 5, 3, 12, 12, 9, 15, 15, 12, 15, 21, 21, 21, 21, 16, 1]
[4, 4, 4, 0, 4, 5, 6, 9, 6, 6, 12, 6, 4]
[2, 4, 2, 6, 6, 0, 6, 6, 6, 12, 12, 9, 12, 15, 13, 9, 9, 17, 21, 21, 17, 21, 22, 21, 40, 40, 40, 29, 27, 31, 29, 33, 34, 31, 36, 31, 40, 40, 40, 21, 40, 40, 6]
[5, 5, 5, 5, 0, 7, 5, 7, 16, 13, 10, 10, 16, 16, 16, 5, 16, 19, 21, 21, 16, 16, 5, 28, 28, 28, 28, 5, 5]
[3, 3, 11, 6, 6, 3, 10, 9, 10, 6, 0, 13, 14, 11, 14, 18, 18, 15, 11]
[4, 4, 4, 0, 4, 4, 11, 11, 11, 11, 4, 4, 14, 21, 14, 14, 16, 21, 21, 21, 4, 23, 21, 23, 26, 23, 31, 27, 31, 31, 26, 33, 31, 35, 33, 4]
[2, 9, 2, 7, 7, 7, 3, 9, 0, 9, 12, 10, 12, 15, 12, 15, 15, 17, 9]
[2, 5, 5, 5, 0, 5, 9, 9, 10, 5, 10, 10, 10, 10, 5]
[5, 5, 5, 5, 0, 5, 8, 6, 8, 11, 8, 5]
[2, 0, 2, 5, 9, 5, 8, 9, 3, 2]
[2, 15, 4, 5, 2, 7, 5, 11, 10, 11, 7, 7, 15, 15, 0, 15, 20, 19, 20, 16, 15]
[6, 1, 1, 6, 6, 0, 6, 6, 10, 8, 10, 13, 11, 15, 10, 18, 18, 15, 24, 24, 24, 24, 24, 18, 6]
[3, 3, 5, 5, 0, 5]
[2, 7, 2, 5, 2, 7, 0, 10, 10, 7, 10, 10, 12, 13, 7]
[3, 3, 0, 3, 3, 8, 8, 5, 3]
[0, 1, 4, 2, 1]
[7, 3, 7, 3, 6, 3, 0, 7]
[4, 1, 4, 11, 11, 11, 8, 11, 8, 8, 0, 28, 28, 28, 22, 18, 18, 22, 22, 21, 22, 14, 22, 25, 23, 28, 28, 11, 33, 29, 33, 33, 28, 33, 36, 34, 11]
[18, 3, 1, 18, 11, 9, 8, 9, 11, 11, 18, 14, 14, 11, 18, 17, 18, 0, 18, 22, 22, 19, 24, 22, 30, 28, 28, 30, 30, 24, 33, 33, 30, 33, 18]
[2, 3, 0, 9, 6, 9, 6, 6, 3, 11, 9, 14, 14, 11, 14, 17, 15, 17, 21, 21, 17, 23, 21, 26, 26, 23, 3]
[3, 3, 0, 5, 3, 8, 8, 5, 8, 8, 12, 10, 12, 15, 12, 17, 15, 19, 17, 19, 19, 19, 25, 25, 22, 3, 3, 31, 31, 31, 3, 33, 31, 36, 36, 33, 38, 36, 40, 38, 38, 41, 44, 42, 48, 48, 48, 38, 3]
[2, 0, 2, 2, 7, 7, 4, 2, 10, 2, 13, 13, 10, 2]
[3, 3, 0, 3, 4, 5, 5, 5, 10, 8, 10, 13, 10, 3]
[2, 0, 4, 2, 6, 2, 8, 6, 8, 11, 9, 11, 14, 11, 2]
[6, 6, 6, 6, 6, 17, 11, 7, 8, 11, 6, 11, 17, 17, 17, 17, 0, 20, 20, 17, 20, 21, 24, 25, 22, 20, 31, 31, 31, 31, 20, 31, 34, 32, 34, 34, 36, 34, 34, 17]
[3, 3, 0, 3, 6, 4, 3]
[4, 3, 4, 0, 6, 4, 8, 6, 10, 8, 10, 10, 10, 10, 10, 8, 18, 16, 18, 22, 22, 19, 4]
[2, 0, 4, 2, 4, 4, 9, 9, 4, 2]
[4, 4, 4, 11, 11, 11, 6, 9, 7, 11, 0, 14, 14, 11, 11]
[5, 5, 5, 5, 0, 5, 10, 10, 10, 6, 10, 13, 11, 15, 10, 5]
[4, 4, 4, 0, 6, 4, 10, 10, 10, 6, 4, 4, 15, 15, 4, 15, 15, 17, 18, 21, 19, 21, 22, 23, 23, 23, 28, 26, 4]
[4, 4, 4, 0, 13, 13, 9, 9, 13, 13, 13, 13, 4, 13, 18, 18, 18, 13, 13, 21, 13, 23, 21, 23, 4]
[2, 0, 5, 5, 2, 5, 6, 7, 7, 2, 12, 10, 17, 17, 17, 17, 2, 2, 2, 23, 23, 23, 2, 2]
[3, 3, 4, 0, 4, 5, 5, 9, 7, 9, 12, 10, 12, 13, 7, 18, 18, 15, 18, 23, 23, 23, 19, 4]
[5, 5, 5, 5, 0, 5, 9, 9, 6, 9, 12, 9, 12, 15, 13, 5]
[2, 5, 5, 5, 0, 5, 5, 5]
[3, 3, 0, 5, 3, 5, 6, 3, 8, 9, 9, 9, 9, 17, 14, 14, 13, 9, 21, 21, 3, 24, 24, 21, 29, 28, 26, 29, 24, 3]
[4, 4, 4, 5, 0, 5, 10, 10, 10, 6, 5, 5, 14, 5, 16, 14, 16, 19, 17, 14, 22, 20, 5]
[2, 4, 4, 0, 4, 4, 4, 4, 10, 15, 12, 15, 12, 13, 4, 17, 15, 4]
[2, 7, 7, 5, 7, 7, 0, 7, 7, 16, 12, 16, 16, 16, 16, 27, 16, 19, 17, 27, 27, 27, 27, 27, 27, 27, 7, 27, 31, 31, 28, 7]
[2, 0, 2, 5, 3, 2, 11, 10, 10, 7, 2, 11, 12, 2]
[16, 5, 5, 5, 1, 7, 5, 9, 7, 16, 13, 13, 16, 16, 16, 0, 19, 19, 16, 19, 22, 20, 16]
[5, 5, 5, 5, 0, 7, 5, 7, 8, 11, 9, 5]
[4, 4, 4, 17, 7, 7, 4, 7, 10, 8, 10, 14, 12, 11, 17, 17, 0, 19, 17, 19, 20, 21, 17, 17, 28, 27, 28, 24, 17]
[5, 5, 2, 5, 0, 5, 6, 7, 10, 8, 8, 13, 11, 13, 17, 17, 13, 13, 20, 13, 26, 26, 26, 26, 26, 20, 5]
[6, 3, 1, 6, 6, 0, 6, 6, 14, 14, 14, 13, 14, 6, 6]
[2, 13, 2, 6, 6, 3, 2, 10, 10, 7, 10, 13, 0, 15, 13, 15, 18, 22, 18, 22, 22, 16, 13]
[14, 5, 2, 5, 11, 11, 11, 7, 11, 11, 1, 14, 14, 0, 16, 14, 19, 19, 16, 22, 22, 19, 22, 25, 23, 25, 28, 32, 28, 31, 32, 26, 14]
[2, 9, 9, 9, 9, 9, 8, 9, 0, 9, 15, 15, 15, 15, 10, 15, 15, 15, 15, 15, 20, 9]
[3, 3, 0, 3, 6, 3, 9, 9, 6, 9, 10, 11, 11, 11, 11, 11, 18, 11, 18, 22, 20, 19, 3]
[3, 3, 7, 3, 3, 7, 18, 10, 10, 7, 12, 16, 12, 15, 12, 10, 18, 0, 24, 21, 24, 24, 24, 18, 24, 27, 24, 18]
[18, 1, 1, 1, 1, 7, 1, 1, 10, 8, 18, 13, 18, 18, 18, 17, 18, 0, 18, 22, 22, 18, 27, 27, 27, 27, 22, 27, 28, 29, 29, 33, 31, 18]
[10, 10, 2, 2, 2, 7, 2, 2, 2, 0, 10, 13, 11, 13, 13, 13, 18, 16, 10]
[8, 1, 2, 5, 3, 7, 8, 0, 12, 11, 12, 8, 12, 16, 16, 13, 16, 20, 20, 17, 8]
[14, 3, 1, 3, 6, 4, 14, 10, 10, 14, 14, 13, 14, 0, 14]
[0, 1, 10, 6, 6, 10, 6, 6, 10, 2, 10, 14, 14, 11, 1]
[2, 0, 2, 5, 8, 5, 5, 2, 8, 9, 2]
[6, 6, 2, 2, 6, 0, 6]
[2, 5, 5, 5, 0, 9, 9, 9, 5, 13, 13, 13, 9, 5, 5, 19, 19, 19, 5, 19, 22, 20, 22, 22, 26, 38, 26, 27, 28, 28, 28, 33, 28, 33, 36, 34, 38, 24, 38, 38, 5]
[7, 7, 7, 7, 6, 7, 30, 7, 7, 7, 7, 30, 14, 17, 17, 17, 30, 17, 20, 23, 23, 23, 17, 23, 26, 23, 30, 29, 30, 0, 30, 30, 32, 30]
[3, 3, 6, 6, 6, 0, 6]
[7, 7, 7, 3, 7, 7, 0, 7, 12, 12, 12, 8, 7, 7, 16, 21, 16, 17, 21, 21, 7, 7]
[2, 13, 2, 2, 2, 11, 11, 11, 11, 11, 2, 2, 0, 16, 16, 13, 16, 19, 16, 19, 20, 21, 24, 22, 13, 27, 25, 13]
[4, 3, 4, 0, 4, 7, 5, 7, 10, 7, 7, 13, 7, 4]
[2, 3, 0, 3, 7, 7, 4, 7, 7, 7, 12, 10, 3]
[11, 7, 7, 3, 3, 7, 11, 11, 11, 11, 21, 11, 15, 15, 12, 21, 21, 17, 20, 18, 0, 21, 21, 23, 21]
[15, 4, 4, 1, 4, 8, 8, 4, 8, 9, 15, 13, 15, 15, 0, 15, 22, 22, 22, 22, 22, 16, 25, 25, 22, 27, 25, 29, 25, 29, 34, 34, 34, 30, 34, 38, 38, 35, 15]
[9, 9, 9, 9, 9, 9, 9, 9, 0, 9, 14, 14, 14, 10, 9]
[3, 3, 0, 3, 4, 5, 9, 9, 6, 9, 13, 13, 10, 5, 16, 5, 16, 20, 20, 17, 16, 23, 21, 16, 24, 3]
[2, 0, 6, 6, 6, 2, 2, 2, 2, 13, 13, 13, 9, 13, 13, 15, 18, 16, 18, 19, 22, 20, 22, 2]
[7, 3, 7, 7, 7, 7, 11, 11, 11, 11, 0, 13, 11, 13, 17, 17, 13, 19, 17, 11]
[3, 3, 0, 3, 4, 3, 6, 7, 8, 11, 9, 11, 14, 12, 3]
[2, 0, 20, 6, 6, 20, 6, 10, 10, 6, 10, 14, 14, 10, 10, 18, 18, 10, 6, 2, 20, 20, 24, 22, 24, 30, 30, 30, 30, 25, 30, 34, 34, 31, 2]
[0, 3, 1, 6, 6, 3, 9, 9, 3, 9, 10, 15, 15, 13, 11, 1]
[3, 3, 0, 3, 6, 4, 6, 9, 6, 3]
[2, 4, 4, 0, 4, 7, 8, 4, 10, 8, 10, 4]
[5, 1, 1, 5, 0, 5, 8, 5, 8, 8, 8, 15, 15, 15, 11, 5]
[7, 7, 7, 7, 6, 7, 0, 9, 7, 13, 12, 13, 9, 15, 16, 13, 16, 19, 24, 19, 24, 24, 24, 17, 16, 27, 25, 7, 7, 32, 32, 7, 40, 40, 36, 40, 36, 39, 40, 32]
[6, 6, 6, 6, 6, 0, 6]
[2, 0, 2, 7, 7, 7, 3, 2, 12, 12, 12, 2, 17, 17, 17, 17, 12, 19, 17, 19, 22, 19, 2]
[3, 3, 0, 3, 7, 7, 4, 3, 10, 3, 14, 14, 14, 10, 18, 17, 18, 14, 18, 22, 22, 19, 22, 26, 26, 23, 3]
[0, 1, 2, 5, 2, 5, 6, 2, 10, 12, 10, 2, 14, 12, 14, 15, 1]
[2, 0, 8, 8, 8, 8, 8, 2, 10, 8, 10, 13, 11, 2]
[4, 4, 4, 0, 4, 7, 5, 9, 7, 9, 12, 14, 12, 10, 9, 15, 16, 4]
[5, 1, 1, 5, 8, 5, 8, 20, 8, 12, 12, 9, 14, 12, 14, 17, 15, 17, 18, 0, 24, 24, 22, 20, 27, 27, 24, 27, 30, 28, 32, 24, 34, 32, 20]
[5, 5, 5, 5, 0, 5, 6, 9, 11, 9, 6, 5, 5]
[4, 1, 1, 0, 4]
[8, 8, 2, 2, 2, 7, 2, 0, 8]
[2, 8, 2, 5, 2, 8, 8, 0, 10, 11, 8, 8, 8, 15, 13, 15, 18, 19, 16, 15, 22, 20, 22, 22, 22, 13, 29, 29, 26, 29, 34, 34, 34, 30, 34, 37, 35, 8]
[2, 0, 2, 6, 6, 3, 2, 2, 8, 8, 2]
[3, 3, 0, 5, 3, 3, 8, 6, 3, 3, 10, 17, 17, 17, 17, 17, 10, 3]
[4, 4, 4, 0, 6, 4, 6, 6, 10, 8, 13, 13, 8, 15, 13, 8, 8, 8, 20, 18, 22, 31, 22, 25, 23, 22, 22, 27, 30, 28, 20, 31, 31, 36, 36, 33, 36, 40, 40, 37, 4]
[2, 0, 2, 2, 2, 2]
[20, 1, 1, 1, 1, 1, 1, 9, 1, 9, 12, 1, 20, 20, 20, 20, 20, 20, 20, 0, 20, 21, 20]
[6, 3, 6, 6, 6, 0, 6]
[3, 3, 0, 3, 4, 5, 9, 9, 6, 11, 9, 3, 17, 17, 17, 17, 3, 17]
[4, 4, 4, 0, 4, 8, 8, 5, 4]
[5, 5, 5, 5, 0, 5, 5, 9, 5, 5, 5, 5, 14, 5, 5]
[0, 8, 8, 8, 4, 4, 8, 1, 10, 8, 13, 13, 10, 1]
[2, 14, 2, 2, 14, 7, 9, 7, 14, 9, 12, 10, 14, 0, 14, 19, 18, 19, 15, 19, 20, 14]
[5, 4, 4, 5, 20, 20, 9, 9, 20, 11, 9, 9, 14, 12, 14, 17, 15, 20, 20, 0, 22, 20, 22, 23, 24, 24, 24, 24, 24, 20]
[10, 3, 1, 10, 6, 10, 10, 10, 10, 0, 10]
[4, 3, 4, 13, 6, 9, 6, 9, 4, 13, 13, 13, 0, 17, 17, 17, 13, 17, 20, 18, 20, 20, 20, 23, 24, 29, 29, 29, 25, 29, 32, 30, 13]
[6, 6, 2, 5, 2, 0, 9, 9, 6, 15, 10, 10, 15, 15, 17, 15, 9, 17, 21, 21, 18, 6]
[21, 1, 4, 2, 4, 7, 4, 7, 10, 8, 21, 13, 21, 13, 16, 14, 21, 21, 20, 21, 0, 21, 24, 22, 21]
[2, 19, 2, 5, 2, 2, 2, 7, 10, 8, 10, 13, 11, 19, 19, 19, 19, 19, 0, 19]
[7, 7, 2, 5, 2, 7, 0, 7, 11, 11, 8, 24, 18, 18, 18, 15, 15, 24, 20, 18, 20, 20, 22, 11, 24, 25, 7]
[3, 3, 0, 7, 7, 7, 3, 9, 7, 3]
[10, 1, 1, 1, 1, 1, 8, 1, 10, 0, 13, 13, 10, 10, 18, 18, 18, 14, 18, 21, 22, 19, 10]
[17, 9, 5, 5, 9, 5, 8, 6, 17, 17, 12, 17, 12, 15, 13, 17, 0, 17]
[5, 5, 5, 5, 0, 5, 9, 9, 6, 9, 10, 5]
[4, 4, 4, 0, 4, 5, 6, 6, 6, 6, 12, 6, 15, 15, 12, 15, 15, 17, 15, 4]
[2, 6, 2, 6, 6, 10, 6, 9, 6, 0, 10, 13, 10, 15, 17, 15, 13, 17, 17, 22, 22, 10, 22, 25, 22, 27, 25, 27, 28, 32, 32, 27, 32, 33, 10]
[6, 6, 6, 6, 6, 0, 6, 7, 6, 6, 14, 14, 14, 10, 14, 15, 23, 23, 23, 23, 23, 23, 16, 6]
[10, 1, 1, 1, 1, 10, 8, 10, 8, 0, 13, 13, 10, 13, 17, 17, 13, 17, 17, 10, 23, 23, 20, 10]
[3, 3, 0, 3, 6, 4, 10, 10, 10, 6, 10, 17, 17, 17, 17, 17, 11, 3]
[4, 4, 4, 0, 4, 10, 10, 9, 7, 5, 17, 13, 17, 17, 16, 17, 10, 4]
[2, 4, 4, 0, 4, 8, 8, 5, 10, 8, 10, 4, 14, 4, 21, 21, 21, 21, 21, 21, 4, 4]
[5, 5, 5, 5, 0, 5]
[2, 0, 2, 5, 3, 5, 6, 12, 12, 12, 12, 7, 2]
[6, 6, 6, 6, 6, 0, 6]
[0, 1, 8, 8, 4, 7, 4, 2, 8, 11, 9, 1, 1, 13, 18, 18, 18, 14, 1, 1, 20, 23, 21, 1]
[2, 0, 4, 2, 2]
[2, 0, 7, 7, 7, 7, 2, 7, 10, 8, 10, 11, 12, 17, 16, 17, 13, 19, 17, 19, 23, 23, 20, 23, 26, 23, 23, 27, 2]
[2, 5, 2, 5, 17, 17, 8, 9, 17, 12, 12, 9, 12, 15, 12, 17, 0, 17, 20, 17, 17, 17, 25, 25, 22, 17, 17, 30, 30, 17, 30, 30, 35, 35, 30, 17]
[2, 0, 11, 11, 11, 11, 11, 11, 10, 11, 2, 11, 14, 12, 14, 18, 16, 15, 2]
[11, 1, 8, 8, 4, 4, 8, 2, 11, 11, 0, 13, 11, 19, 19, 18, 18, 19, 13, 21, 19, 24, 24, 21, 21, 27, 25, 11]
[6, 6, 4, 6, 6, 0, 6, 9, 7, 6]
[0, 1]
[3, 1, 4, 0, 6, 4, 8, 4, 8, 11, 9, 13, 11, 15, 13, 4, 18, 4, 18, 28, 22, 28, 22, 22, 22, 27, 25, 18, 28, 28, 32, 30, 32, 4]
[2, 0, 4, 2, 2, 2, 8, 12, 12, 12, 12, 2, 12, 15, 18, 15, 18, 28, 18, 22, 22, 18, 18, 28, 28, 28, 28, 12, 28, 29, 34, 34, 34, 30, 2]
[8, 3, 1, 5, 3, 8, 8, 0, 11, 11, 8, 13, 11, 13, 16, 13, 13, 19, 13, 8]
[3, 3, 6, 6, 6, 0, 6, 9, 7, 6, 6, 16, 16, 16, 16, 6, 19, 19, 16, 21, 19, 21, 25, 25, 28, 25, 28, 22, 30, 21, 19, 34, 34, 19, 34, 37, 35, 6]
[6, 3, 6, 6, 6, 22, 6, 6, 11, 11, 8, 11, 14, 12, 14, 17, 15, 22, 22, 22, 22, 0, 22, 29, 29, 25, 28, 25, 23, 29, 32, 30, 22]
[3, 3, 0, 5, 3, 10, 10, 7, 7, 5, 10, 16, 16, 16, 16, 11]
[2, 3, 0, 3, 3, 5, 6, 6, 6, 12, 12, 6, 12, 13, 14, 19, 19, 19, 14, 22, 22, 14, 22, 25, 22, 25, 25, 31, 31, 31, 27, 12, 12, 37, 37, 37, 12, 39, 42, 39, 42, 37, 3]
[3, 3, 0, 3, 6, 4, 6, 11, 11, 11, 7, 3]
[2, 9, 2, 6, 6, 2, 6, 7, 0, 9, 14, 13, 14, 10, 9]
[2, 0, 2, 3, 6, 4, 3, 7, 11, 9, 8, 2]
[4, 4, 4, 0, 4, 5, 8, 6, 4, 11, 4, 11, 12, 4, 4, 4, 16, 19, 17]
[2, 4, 2, 0, 6, 4, 4, 9, 4, 9, 12, 14, 14, 9, 4]
[13, 3, 1, 1, 4, 1, 9, 9, 6, 13, 13, 13, 0, 13, 17, 17, 13, 17, 20, 18, 20, 24, 24, 21, 27, 27, 24, 13]
[2, 5, 5, 5, 0, 5, 5, 9, 16, 16, 16, 14, 14, 11, 16, 5, 5]
[2, 0, 4, 2, 6, 2, 2, 2, 10, 2, 12, 10, 17, 17, 17, 17, 12, 17, 20, 17, 26, 26, 22, 22, 26, 17, 2]
[2, 0, 6, 5, 6, 2, 6, 9, 7, 9, 15, 15, 15, 15, 10, 15, 15, 21, 21, 21, 15, 2]
[3, 3, 8, 3, 8, 8, 8, 0, 8]
[5, 5, 5, 3, 16, 5, 6, 7, 10, 7, 7, 13, 7, 16, 16, 0, 16, 17, 18, 16]
[5, 4, 4, 5, 11, 7, 5, 11, 10, 11, 0, 11, 11, 17, 17, 17, 13, 11]
[3, 3, 11, 3, 4, 3, 8, 3, 8, 9, 0, 11, 12, 15, 13, 11]
[3, 3, 0, 3, 6, 4, 3, 9, 10, 3, 10, 14, 14, 11, 14, 15, 3]
[2, 4, 4, 0, 4, 4, 4, 4, 10, 4, 16, 15, 15, 15, 16, 4, 16, 16, 18, 4]
[7, 3, 1, 7, 7, 7, 0, 18, 10, 18, 10, 13, 11, 10, 16, 14, 18, 7, 18, 18, 18, 18, 18, 23, 23, 27, 23, 18, 30, 28, 7]
[2, 15, 11, 5, 11, 5, 6, 7, 7, 11, 2, 15, 15, 15, 0, 15, 18, 16, 20, 18, 22, 20, 25, 25, 20, 25, 30, 30, 30, 26, 15]
[5, 5, 4, 5, 0, 5]
[2, 14, 2, 5, 2, 2, 2, 13, 10, 13, 13, 13, 2, 0, 17, 17, 14, 14, 20, 22, 20, 18, 14]
[3, 3, 8, 3, 6, 4, 8, 0, 8, 11, 9, 8, 15, 15, 8, 15, 15, 22, 22, 22, 22, 17, 22, 23, 24, 25, 26, 29, 26, 8]
[6, 6, 6, 6, 6, 0, 9, 9, 6, 11, 9, 9, 9, 17, 16, 17, 13, 17, 6, 6, 25, 25, 25, 25, 29, 29, 29, 29, 33, 29, 32, 29, 6, 35, 33, 33, 38, 33, 40, 38, 42, 44, 44, 40, 6]
[3, 3, 0, 12, 12, 12, 6, 7, 10, 8, 12, 3, 14, 12, 16, 14, 16, 16, 22, 22, 22, 18, 22, 25, 23, 3]
[0, 1, 7, 7, 4, 4, 2, 2, 2, 12, 12, 9, 12, 12, 14, 18, 18, 15, 26, 24, 24, 23, 24, 26, 26, 2, 28, 26, 1]
[4, 4, 4, 11, 4, 7, 5, 7, 7, 11, 0, 11, 12, 15, 20, 15, 18, 20, 20, 13, 11]
[3, 3, 7, 7, 7, 7, 0, 7, 8, 7]
[2, 0, 2, 6, 6, 2, 2, 9, 2, 12, 12, 9, 14, 12, 2]
[4, 3, 4, 0, 4, 7, 4, 7, 10, 7, 4]
[2, 0, 4, 2, 6, 7, 4, 2, 10, 2, 14, 14, 14, 10, 2]
[2, 0, 4, 7, 7, 7, 2, 7, 7, 7, 12, 10, 12, 12, 2]
[3, 3, 0, 3, 15, 8, 8, 15, 12, 12, 12, 8, 12, 15, 4, 15, 15, 19, 17, 3]
[0, 3, 6, 6, 6, 1, 6, 9, 7, 1, 1, 13, 1, 16, 14, 13, 16, 17, 18, 1]
[2, 12, 2, 5, 8, 5, 8, 3, 12, 12, 12, 0, 12, 12, 12, 15, 12]
[5, 5, 5, 5, 0, 5]
[2, 0, 2, 5, 2, 2]
[12, 3, 12, 3, 9, 9, 9, 9, 4, 9, 10, 0, 27, 17, 14, 17, 27, 17, 17, 21, 19, 21, 22, 23, 23, 17, 12, 27, 12]
[3, 3, 18, 5, 3, 8, 8, 5, 13, 13, 13, 13, 8, 13, 13, 18, 18, 0, 20, 18, 18, 25, 25, 25, 18, 18]
[2, 0, 4, 2, 6, 4, 6, 4, 8, 11, 4, 13, 11, 15, 13, 13, 16, 19, 17, 21, 13, 23, 21, 25, 23, 2]
[2, 5, 2, 3, 0, 5, 10, 10, 10, 6, 5, 18, 18, 18, 14, 14, 18, 5, 18, 22, 22, 19, 22, 25, 27, 25, 23, 5]
[2, 0, 2, 3, 4, 8, 8, 4, 2]
[7, 3, 1, 5, 7, 7, 0, 7, 7, 20, 12, 10, 20, 20, 17, 17, 20, 17, 20, 7, 20, 21, 7]
[3, 3, 0, 3, 7, 7, 3, 7, 8, 7, 7, 3, 18, 18, 18, 18, 18, 3, 20, 18, 22, 20, 26, 25, 26, 20, 3]
[3, 1, 4, 0, 7, 7, 4, 4, 10, 8, 10, 10, 10, 13, 17, 17, 4, 17, 21, 21, 18, 21, 24, 22, 24, 25, 4]
[4, 3, 4, 18, 4, 5, 6, 7, 11, 11, 8, 18, 18, 18, 18, 15, 16, 0, 18]
[2, 4, 4, 0, 6, 7, 4, 7, 13, 13, 13, 13, 8, 15, 13, 7, 7, 7, 18, 23, 23, 23, 19, 23, 26, 24, 4]
[3, 3, 5, 5, 0, 5, 9, 9, 11, 11, 5, 5, 5, 15, 30, 17, 15, 17, 18, 21, 19, 21, 24, 22, 15, 28, 28, 30, 30, 5, 30, 33, 30, 5]
[2, 0, 4, 2, 2, 2]
[3, 3, 0, 3, 7, 7, 3, 7, 8, 3, 14, 14, 14, 3, 14, 17, 15, 17, 21, 21, 18, 21, 21, 3]
[4, 4, 4, 0, 6, 4, 6, 10, 10, 7, 10, 13, 10, 4]
[3, 3, 0, 3, 3]
[2, 19, 2, 2, 2, 2, 8, 2, 19, 12, 12, 19, 14, 12, 14, 17, 15, 19, 0, 21, 19, 19]
[2, 0, 4, 2, 4, 4, 6, 9, 7, 4, 15, 15, 15, 15, 10, 15, 15, 17, 20, 18, 2]
[2, 0, 2, 6, 6, 3, 6, 9, 7, 2, 2, 11, 11, 2]
[3, 3, 0, 3, 10, 10, 6, 6, 10, 4, 10, 13, 11, 15, 13, 15, 19, 19, 16, 3]
[2, 3, 0, 3, 7, 7, 4, 3, 10, 16, 16, 16, 16, 16, 16, 3, 16, 17, 18, 25, 20, 23, 25, 25, 19, 3]
[18, 6, 6, 5, 6, 18, 10, 10, 10, 6, 6, 13, 11, 18, 18, 18, 18, 0, 21, 21, 18, 21, 24, 21, 26, 24, 28, 26, 28, 28, 18]
[2, 0, 4, 5, 2, 2]
[9, 9, 6, 6, 6, 9, 9, 9, 0, 9, 9, 9, 9, 16, 16, 20, 20, 20, 20, 9, 9]
[6, 6, 6, 6, 6, 0, 6, 6, 10, 6, 14, 14, 14, 10, 14, 15, 6]
[0, 1, 5, 5, 2, 1, 6, 15, 10, 15, 10, 10, 10, 10, 7, 15, 19, 19, 16, 1]
[6, 6, 2, 5, 2, 0, 6, 9, 7, 9, 9, 9, 15, 15, 9, 15, 16, 17, 17, 6]
[5, 5, 5, 5, 0, 8, 8, 5, 8, 8, 8, 11, 19, 19, 19, 17, 19, 19, 12, 19, 20, 5]
[3, 3, 0, 3, 3, 7, 5, 7, 11, 11, 7, 7, 3]
[3, 1, 16, 3, 4, 7, 5, 5, 10, 8, 10, 11, 14, 12, 16, 0, 16]
[7, 7, 2, 5, 2, 7, 0, 9, 7, 11, 9, 9, 9, 15, 13, 7]
[4, 4, 4, 0, 10, 10, 8, 6, 10, 4, 10, 10, 14, 10, 10, 10, 16, 16, 16, 22, 22, 19, 4]
[21, 11, 4, 11, 4, 9, 9, 9, 5, 11, 21, 11, 14, 12, 21, 17, 21, 21, 21, 21, 0, 21, 21]
[2, 4, 4, 0, 4, 7, 5, 10, 10, 4, 12, 10, 10, 10, 18, 17, 18, 14, 18, 18, 18, 18, 4]
[5, 5, 5, 5, 0, 5, 8, 5, 10, 8, 12, 10, 14, 12, 10, 18, 18, 10, 5]
[7, 7, 7, 7, 4, 7, 0, 7, 11, 11, 8, 7]
[2, 9, 4, 5, 2, 9, 9, 7, 0, 11, 9, 18, 18, 18, 18, 18, 18, 11, 11, 11, 20, 20, 27, 25, 27, 27, 22, 9]
[3, 3, 0, 5, 3, 7, 5, 5, 11, 11, 8, 11, 15, 15, 11, 15, 16, 15, 20, 15, 20, 23, 21, 3]
[3, 3, 0, 9, 6, 9, 9, 9, 3, 9, 13, 13, 10, 3, 18, 17, 18, 3, 18, 21, 22, 18, 22, 18, 26, 29, 29, 29, 18, 3]
[3, 3, 11, 3, 11, 7, 11, 11, 11, 11, 0, 11, 12, 11]
[5, 5, 5, 5, 0, 5, 8, 5, 8, 11, 9, 14, 14, 11, 5]
[3, 3, 0, 5, 3, 7, 5, 10, 10, 5, 12, 14, 12, 10, 10, 5, 16, 19, 17, 25, 25, 25, 25, 25, 19, 25, 28, 29, 25, 29, 32, 29, 29, 29, 36, 34, 3]
[9, 9, 9, 9, 9, 9, 9, 9, 0, 9]
[0, 1, 5, 5, 2, 5, 9, 7, 6, 1]
[2, 5, 2, 5, 20, 5, 8, 5, 8, 11, 17, 11, 17, 15, 17, 15, 9, 20, 20, 0, 23, 23, 20, 20]
[4, 4, 4, 0, 4]
[2, 18, 2, 2, 4, 7, 5, 4, 10, 4, 10, 13, 4, 13, 16, 13, 13, 0, 21, 21, 18, 21, 25, 23, 22, 18, 18, 29, 18, 29, 29, 33, 31, 29, 36, 34, 36, 40, 40, 37, 18]
[2, 5, 5, 5, 0, 5, 8, 6, 5, 9, 10, 10, 12, 10, 17, 17, 10, 20, 18, 17, 20, 20, 20, 25, 20, 20, 28, 20, 20, 20, 33, 33, 20, 33, 34, 5]
[14, 3, 1, 5, 3, 8, 6, 5, 14, 11, 14, 14, 14, 0, 14]
[2, 4, 4, 0, 4, 8, 8, 10, 10, 4, 4, 14, 14, 16, 16, 4, 16, 16, 4]
[2, 5, 5, 5, 9, 9, 9, 9, 0, 11, 14, 11, 14, 9, 14, 17, 14, 9, 21, 21, 18, 21, 25, 25, 22, 25, 28, 26, 28, 31, 33, 31, 28, 35, 9, 9]
[11, 4, 4, 1, 4, 5, 6, 6, 11, 11, 0, 13, 11, 13, 14, 11]
[7, 3, 7, 7, 7, 7, 0, 7, 10, 8, 7]
[2, 11, 7, 7, 7, 7, 2, 11, 11, 11, 0, 11, 11]
[0, 4, 4, 1, 4, 8, 8, 5, 1, 12, 12, 9, 12, 15, 13, 1, 21, 21, 21, 21, 1, 21, 22, 21, 1]
[7, 1, 7, 7, 7, 7, 0, 9, 7, 11, 9, 9, 14, 9, 14, 18, 18, 14, 7]
[3, 3, 0, 3, 6, 4, 6, 10, 10, 7, 3, 15, 15, 15, 3, 15, 16, 17, 17, 3]
[4, 3, 4, 10, 6, 4, 10, 9, 10, 0, 10, 13, 10, 15, 17, 17, 13, 17, 18, 18, 10]
[25, 3, 1, 3, 8, 7, 8, 11, 8, 9, 3, 16, 16, 16, 16, 11, 16, 19, 17, 25, 25, 25, 25, 25, 0, 25]
[3, 3, 4, 0, 7, 7, 4, 9, 7, 11, 9, 13, 4, 16, 16, 13, 4]
[8, 3, 8, 3, 3, 8, 8, 24, 12, 11, 12, 8, 12, 12, 14, 24, 19, 19, 24, 19, 22, 20, 22, 0, 24, 25, 26, 29, 26, 29, 29, 26, 24]
[21, 5, 5, 5, 1, 5, 10, 7, 8, 5, 10, 10, 14, 12, 14, 15, 5, 19, 21, 21, 0, 21, 21, 27, 27, 27, 23, 21, 21, 31, 29, 31, 32, 21]
[3, 3, 5, 5, 0, 8, 8, 5, 8, 9, 5, 5, 12, 12, 20, 20, 16, 17, 20, 12, 5, 5, 25, 25, 5, 29, 29, 29, 25, 25, 32, 30, 5]
[16, 1, 4, 2, 1, 7, 1, 7, 8, 16, 13, 13, 16, 16, 16, 0, 16, 21, 21, 21, 17, 16, 22, 33, 33, 33, 33, 33, 33, 29, 30, 33, 23, 35, 33, 33, 38, 36, 38, 42, 42, 39, 16]
[2, 0, 2, 9, 9, 9, 8, 9, 2, 9, 12, 10, 9, 9, 16, 14, 16, 16, 16, 19, 2]
[2, 0, 4, 2, 2, 7, 2, 9, 7, 13, 12, 13, 14, 9, 14, 2]
[5, 3, 5, 5, 0, 5, 8, 6, 13, 13, 13, 13, 15, 15, 5, 5]
[2, 4, 4, 0, 6, 4, 4, 4, 12, 12, 12, 4, 12, 12, 12, 12, 19, 19, 16, 4]
[3, 3, 12, 3, 3, 9, 9, 9, 5, 3, 12, 0, 14, 12, 12, 20, 20, 17, 17, 15, 12]
[2, 0, 2, 2, 2]
[2, 9, 6, 6, 6, 2, 9, 9, 0, 12, 10, 9, 12, 18, 18, 18, 18, 13, 18, 22, 22, 19, 18, 27, 27, 27, 18, 9]
[3, 3, 0, 3, 6, 3, 3, 10, 10, 25, 10, 13, 11, 13, 16, 14, 16, 17, 20, 18, 25, 25, 25, 25, 3, 25, 26, 3]
[2, 3, 0, 5, 3, 3, 11, 11, 11, 11, 6, 11, 14, 12, 3]
[3, 3, 0, 3, 6, 4, 6, 9, 7, 6, 13, 13, 6, 13, 17, 17, 14, 3]
[2, 0, 2, 5, 3, 5, 8, 6, 8, 9, 9, 5, 5, 5, 14, 17, 15, 14, 20, 18, 20, 24, 24, 21, 2]
[4, 4, 4, 0, 4, 4, 9, 9, 4, 4]
[2, 3, 0, 3, 3, 7, 5, 7, 12, 9, 12, 8, 12, 15, 13, 3]
[3, 3, 0, 5, 3, 7, 5, 9, 7, 12, 12, 9, 9, 17, 16, 14, 9, 17, 17, 19, 20, 23, 21, 3]
[3, 3, 0, 3, 3, 3, 3, 9, 10, 7, 10, 10, 14, 10, 14, 15, 16, 17, 17, 21, 19, 21, 22, 3]
[2, 0, 2, 3, 9, 9, 6, 6, 4, 9, 12, 10, 12, 15, 13, 2, 2, 20, 20, 2, 20, 23, 21, 25, 29, 25, 29, 29, 31, 31, 23, 2]
[6, 6, 2, 5, 2, 0, 6, 9, 7, 9, 14, 14, 14, 9, 16, 14, 16, 16, 6]
[4, 4, 4, 0, 8, 8, 8, 4, 8, 9, 4]
[4, 4, 4, 0, 4, 8, 8, 12, 12, 12, 12, 4, 4]
[0, 1, 1, 1, 1, 1, 6, 9, 7, 9, 10, 1]
[3, 3, 4, 0, 8, 8, 8, 4, 4, 12, 12, 9, 4, 4, 16, 4, 18, 16, 18, 22, 22, 19, 16, 25, 16, 29, 29, 29, 25, 25, 32, 30, 32, 37, 37, 37, 33, 4]
[4, 4, 4, 0, 6, 4, 4, 4]
[4, 3, 4, 0, 4, 5, 4]
[0, 3, 1, 3, 8, 7, 8, 4, 1, 9, 12, 10, 15, 15, 12, 12, 18, 16, 1]
[7, 7, 7, 7, 7, 7, 0, 7, 8, 9, 9, 9, 14, 9, 7]
[4, 4, 4, 0, 6, 4, 6, 11, 11, 11, 7, 4]
[13, 5, 5, 5, 13, 13, 11, 11, 11, 11, 13, 13, 0, 15, 13, 13]
[3, 1, 6, 3, 4, 0, 9, 9, 6, 9, 10, 6, 17, 17, 14, 14, 6, 22, 22, 22, 22, 17, 24, 22, 6]
[6, 1, 6, 6, 6, 7, 0, 10, 10, 7, 14, 13, 14, 7, 7, 7, 22, 20, 20, 22, 22, 16, 22, 27, 26, 27, 23, 27, 28]
[2, 5, 5, 5, 0, 5, 5, 5, 8, 5, 5, 14, 14, 5, 14, 15, 5]
[9, 9, 9, 3, 9, 9, 9, 9, 0, 11, 9, 11, 14, 12, 9]
[2, 0, 4, 2, 4, 7, 5, 2, 2]
[6, 6, 6, 5, 6, 0, 6, 10, 10, 7, 6, 14, 14, 6, 16, 14, 14, 21, 21, 21, 17, 21, 24, 21, 6]
[4, 1, 1, 0, 6, 4, 6, 9, 7, 9, 12, 10, 6, 19, 19, 17, 19, 19, 6, 21, 19, 4]
[2, 6, 6, 6, 6, 0, 6, 7, 6, 9, 6]
[2, 4, 4, 0, 4, 7, 4, 11, 11, 11, 7, 11, 15, 15, 12, 15, 16, 19, 17, 19, 20, 4]
[6, 1, 1, 6, 6, 0, 6, 12, 12, 12, 12, 6, 6]
[3, 3, 5, 5, 0, 5, 6, 7, 7, 5, 13, 13, 26, 13, 13, 15, 16, 21, 18, 21, 16, 13, 13, 26, 26, 5, 26, 27, 5]
[3, 3, 0, 9, 9, 9, 9, 9, 3, 9, 14, 14, 14, 9, 18, 18, 18, 14, 18, 18, 23, 23, 20, 23, 26, 24, 3]
[2, 0, 5, 5, 2, 7, 5, 7, 12, 11, 12, 8, 12, 18, 18, 18, 18, 13, 12, 12, 23, 23, 12, 23, 24, 25, 2]
[13, 7, 7, 5, 7, 7, 13, 7, 13, 13, 13, 13, 0, 13]
[5, 5, 5, 5, 13, 7, 9, 7, 5, 13, 12, 13, 0, 17, 17, 17, 13, 25, 24, 24, 24, 24, 24, 25, 13, 27, 25, 27, 27, 29, 29, 29, 32, 36, 36, 33, 38, 39, 36, 39, 40, 13]
[2, 0, 4, 2, 4, 8, 8, 5, 11, 11, 8, 14, 14, 11, 16, 11, 18, 16, 16, 19, 22, 20, 26, 26, 26, 22, 2]
[8, 8, 4, 8, 8, 7, 8, 0, 10, 8, 10, 13, 11, 13, 14, 17, 13, 17, 22, 22, 22, 18, 8]
[4, 4, 4, 0, 4, 4, 4, 9, 7, 11, 9, 4, 4, 15, 4, 15, 15, 19, 17, 19, 4]
[2, 3, 0, 6, 6, 3, 6, 7, 3]
[2, 3, 0, 8, 8, 8, 8, 3, 3, 3, 12, 21, 12, 13, 14, 14, 14, 20, 18, 14, 3, 23, 21, 3]
[2, 5, 5, 5, 0, 5, 6, 5]
[2, 4, 4, 0, 4, 7, 9, 9, 4, 4]
[2, 7, 2, 6, 6, 3, 0, 9, 7, 11, 9, 11, 12]
[7, 1, 4, 2, 7, 7, 0, 7, 10, 11, 7, 11, 11, 7]
[3, 3, 0, 5, 3, 7, 5, 5, 10, 8, 5, 13, 5, 13, 16, 14, 3]
[4, 4, 4, 0, 4, 5, 6, 7, 8, 14, 14, 14, 14, 4, 16, 14, 18, 14, 4, 4, 20, 20, 20, 20, 26, 20, 26, 29, 27, 4]
[5, 5, 5, 5, 0, 5]
[0, 3, 1, 3, 8, 8, 8, 4, 3, 12, 12, 3, 12, 16, 16, 13, 1]
[3, 3, 0, 3, 6, 4, 6, 6, 11, 11, 6, 14, 14, 11, 16, 14, 14, 20, 20, 17, 20, 24, 24, 21, 3]
[2, 11, 11, 5, 11, 5, 11, 11, 11, 9, 0, 11]
[4, 3, 4, 0, 4, 5, 9, 9, 6, 12, 12, 9, 9, 13, 4]
[9, 5, 5, 5, 1, 9, 9, 9, 0, 9, 9, 13, 11, 9]
[3, 3, 0, 5, 8, 8, 8, 3, 3, 3, 3, 28, 12, 13, 19, 15, 19, 19, 14, 19, 20, 21, 24, 21, 28, 27, 28, 3, 28, 29, 30, 33, 31, 3]
[2, 0, 4, 2, 2, 5, 2, 9, 7, 2]
[2, 30, 2, 8, 8, 8, 8, 3, 2, 11, 2, 11, 16, 16, 16, 12, 2, 2, 2, 19, 27, 27, 27, 27, 27, 27, 20, 2, 30, 0, 30, 30, 30, 33, 30]
[3, 3, 16, 3, 10, 7, 9, 7, 10, 4, 12, 10, 16, 15, 16, 0, 18, 16, 21, 21, 18, 21, 16]
[10, 5, 2, 5, 10, 5, 8, 9, 5, 22, 17, 17, 17, 17, 17, 17, 10, 22, 20, 22, 22, 0, 22, 26, 26, 23, 29, 29, 26, 29, 32, 30, 29, 29, 34, 35, 40, 40, 40, 36, 42, 40, 42, 22]
[18, 6, 6, 6, 6, 1, 6, 9, 7, 9, 10, 11, 10, 13, 18, 18, 18, 0, 20, 23, 23, 23, 18, 18]
[5, 3, 5, 5, 7, 7, 0, 7, 7, 7]
[2, 0, 2, 8, 8, 8, 8, 2, 2, 11, 9, 13, 2, 15, 13, 2]
[5, 5, 5, 5, 0, 5, 9, 9, 6, 5]
[0, 3, 1, 5, 1, 12, 10, 10, 8, 12, 10, 5, 5, 5, 17, 17, 14, 17, 20, 18, 20, 23, 21, 25, 26, 23, 28, 26, 26, 31, 29, 1]
[0, 1, 2, 1, 4, 4, 8, 4, 8, 9, 12, 13, 14, 9, 8, 8, 18, 8, 18, 19, 19, 23, 19, 1]
[2, 0, 4, 2, 2, 2, 9, 9, 2, 2, 14, 14, 14, 2, 14, 19, 19, 19, 15, 19, 2]
[8, 1, 4, 2, 4, 4, 8, 0, 8, 11, 9, 8]
[7, 4, 4, 7, 4, 7, 0, 9, 7, 7, 12, 7, 15, 15, 12, 7]
[2, 0, 4, 2, 4, 5, 6, 7, 10, 8, 10, 13, 11, 2]
[2, 11, 2, 2, 2, 2, 11, 11, 11, 11, 0, 11, 11, 16, 14, 17, 11, 20, 20, 17, 20, 23, 21, 11]
[12, 12, 12, 12, 6, 4, 12, 11, 11, 11, 12, 23, 23, 17, 14, 17, 23, 17, 22, 19, 19, 18, 0, 25, 23, 25, 28, 23, 23]
[2, 0, 4, 2, 6, 2, 6, 6, 6, 6, 6, 14, 14, 2, 14, 20, 20, 20, 20, 15, 2]
[6, 6, 6, 5, 6, 0, 6, 9, 6, 9, 12, 10, 10, 10, 14, 22, 22, 20, 20, 22, 20, 15, 6]
[0, 1]
[3, 3, 0, 5, 3, 7, 5, 7, 8, 11, 8, 8, 8, 8, 3]
[4, 4, 4, 7, 7, 7, 0, 15, 15, 12, 10, 9, 15, 15, 7, 18, 18, 15, 18, 21, 19, 15, 15, 25, 23, 25, 26, 7]
[6, 6, 2, 5, 2, 0, 6, 12, 12, 12, 12, 7, 12, 17, 17, 17, 7, 20, 20, 17, 6]
[4, 4, 4, 15, 8, 8, 8, 4, 15, 15, 15, 15, 15, 15, 0, 15, 19, 19, 15, 19, 22, 19, 15]
[9, 9, 2, 7, 7, 7, 2, 9, 24, 9, 13, 11, 10, 24, 24, 15, 21, 19, 21, 21, 15, 24, 24, 0, 27, 27, 29, 27, 31, 31, 24, 39, 35, 35, 39, 35, 39, 39, 31, 39, 24]
[9, 9, 2, 2, 2, 7, 2, 9, 0, 9]
[2, 0, 2, 3, 3, 3, 3, 7, 8, 7, 7, 11, 12, 2, 17, 17, 2, 17, 17, 21, 19, 21, 25, 25, 21, 27, 25, 21, 21, 21, 2]
[2, 0, 2, 3, 6, 4, 8, 6, 8, 8]
[2, 0, 6, 6, 6, 2, 9, 9, 6, 9, 13, 13, 9, 6, 14, 2]
[2, 0, 14, 14, 7, 7, 4, 7, 11, 11, 7, 14, 14, 2, 17, 17, 14, 17, 17, 19, 2]
[0, 1, 11, 11, 4, 7, 4, 4, 4, 11, 2, 13, 11, 1]
[6, 6, 2, 5, 2, 0, 6]
[7, 7, 2, 2, 2, 2, 0, 7, 10, 8, 10, 10, 12, 12, 12, 12, 12, 12, 7]
[3, 3, 0, 13, 13, 13, 6, 7, 11, 11, 8, 13, 3, 13, 14, 17, 15, 17, 17, 17, 24, 24, 24, 20, 24, 25, 3]
[4, 4, 4, 0, 4, 8, 8, 5, 8, 13, 13, 13, 9, 4]
[2, 0, 2, 5, 3, 2]
[4, 3, 4, 8, 4, 7, 5, 0, 10, 8, 8, 14, 14, 11, 14, 15, 16, 16, 8]
[18, 1, 5, 5, 2, 5, 6, 7, 10, 8, 18, 13, 18, 18, 16, 18, 18, 0, 22, 22, 22, 18, 18]
[2, 10, 10, 10, 10, 10, 10, 10, 10, 0, 10, 11, 10, 10, 23, 23, 23, 23, 21, 21, 23, 21, 10, 23, 27, 27, 24, 27, 28, 27, 30, 27, 35, 35, 27, 27, 39, 39, 27, 10]
[2, 5, 2, 5, 6, 0, 6, 12, 12, 12, 12, 6, 12, 6]
[7, 7, 7, 7, 7, 7, 0, 9, 7, 14, 14, 14, 14, 9, 7]
[5, 5, 2, 2, 13, 5, 9, 9, 6, 9, 12, 9, 0, 13, 17, 17, 14, 13]
[3, 3, 0, 5, 3, 7, 8, 5, 8, 12, 12, 8, 8, 8, 14, 14, 18, 16, 8, 3]
[3, 3, 0, 7, 4, 7, 3, 9, 7, 3]
[9, 4, 4, 9, 9, 9, 9, 9, 0, 9]
[3, 3, 0, 3, 3, 3, 3, 3, 10, 3, 3, 13, 11, 13, 16, 14, 16, 17, 18, 21, 19, 3]
[0, 3, 1, 3, 4, 8, 8, 5, 8, 11, 9, 1]
[5, 5, 5, 5, 0, 5, 9, 9, 6, 13, 13, 13, 5, 13, 5]
[5, 5, 5, 5, 0, 9, 9, 9, 5, 9, 12, 9, 12, 12, 12, 12, 19, 19, 12, 5]
[2, 0, 2]
[5, 5, 5, 5, 0, 5, 5, 5, 11, 11, 8, 11, 14, 12, 14, 14, 5]
[2, 0, 2, 2, 2]
[4, 4, 4, 0, 4, 4, 9, 9, 6, 4, 4, 19, 14, 12, 19, 18, 16, 19, 4, 22, 22, 19, 22, 26, 26, 23, 4]
[3, 1, 7, 7, 7, 7, 0, 7]
[2, 4, 4, 0, 4, 8, 8, 5, 8, 14, 12, 14, 14, 9, 4]
[2, 0, 4, 2, 7, 7, 4, 9, 7, 4, 4, 13, 11, 20, 18, 18, 18, 20, 20, 13, 20, 20, 20, 25, 20, 2]
[4, 4, 4, 5, 0, 7, 5, 5, 10, 8, 5]
[2, 4, 4, 0, 9, 9, 9, 9, 4, 9, 10, 14, 14, 11, 4]
[3, 3, 4, 0, 8, 8, 8, 4, 4]
[4, 4, 4, 0, 8, 8, 8, 4, 8, 4, 12, 10, 10, 10, 10, 19, 18, 19, 15, 4, 4, 23, 4, 29, 27, 27, 29, 29, 23, 31, 29, 33, 31, 39, 36, 39, 36, 36, 33, 47, 40, 43, 47, 47, 47, 47, 39, 4]
[2, 0, 4, 2, 4, 7, 5, 2, 2, 12, 12, 28, 14, 12, 16, 14, 18, 16, 18, 19, 28, 23, 28, 23, 24, 28, 28, 2, 28, 32, 32, 29, 2]
[3, 3, 8, 3, 7, 7, 4, 0, 12, 12, 12, 8, 8, 15, 13, 8]
[2, 0, 2, 5, 3, 5, 8, 5, 5, 11, 5, 14, 14, 2, 14, 14, 2]
[8, 1, 2, 8, 8, 8, 8, 0, 10, 8, 12, 10, 12, 15, 13, 8, 22, 22, 18, 18, 22, 16, 24, 22, 16, 16, 29, 29, 26, 32, 32, 29, 32, 36, 36, 33, 8]
[8, 4, 4, 1, 8, 7, 8, 0, 13, 13, 13, 13, 8, 13, 13, 8]
[2, 5, 5, 5, 0, 5, 9, 9, 5, 9, 12, 10, 15, 15, 9, 15, 18, 16, 18, 22, 22, 19, 5]
[23, 1, 4, 2, 1, 7, 1, 7, 11, 11, 8, 23, 14, 16, 14, 23, 16, 19, 17, 23, 23, 23, 0, 23, 30, 27, 30, 27, 27, 24, 30, 33, 31, 33, 36, 33, 23]
[0, 4, 4, 1, 4, 8, 8, 5, 12, 12, 12, 4, 12, 12, 12, 15, 16, 17, 21, 21, 18, 1]
[3, 3, 0, 3, 7, 7, 4, 7, 10, 8, 10, 13, 10, 18, 14, 18, 16, 13, 18, 18, 20, 18, 22, 25, 23, 25, 3]
[2, 10, 2, 3, 7, 7, 4, 9, 10, 0, 10, 10, 15, 15, 12, 15, 18, 15, 18, 21, 18, 23, 21, 25, 23, 27, 25, 27, 28, 27, 10]
[2, 0, 2, 5, 3, 5, 6, 7, 2, 2, 12, 18, 12, 16, 16, 12, 18, 2, 20, 22, 22, 18, 22, 25, 23, 27, 28, 25]
[3, 3, 21, 6, 6, 3, 6, 10, 10, 7, 10, 13, 10, 21, 21, 17, 21, 21, 21, 21, 0, 25, 25, 25, 21, 27, 25, 29, 27, 31, 29, 21]
[10, 4, 4, 1, 10, 7, 10, 10, 10, 0, 10, 14, 14, 11, 10, 10, 10, 17, 20, 18, 20, 21, 22, 23, 23, 23, 23, 10]
[8, 8, 8, 8, 8, 7, 8, 0, 8, 11, 9, 8]
[3, 1, 4, 0, 6, 4, 6, 6, 6, 14, 12, 14, 14, 9, 4]
[0, 3, 1, 3, 4, 5, 1, 1, 8, 9, 8, 8, 14, 12, 16, 14, 16, 19, 17, 21, 19, 21, 21, 21, 27, 27, 19, 27, 1]
[4, 4, 4, 15, 6, 4, 6, 10, 10, 7, 15, 13, 15, 15, 0, 15, 15, 19, 17, 19, 22, 20, 19, 25, 19, 25, 28, 26, 15]
[0, 3, 5, 5, 1, 1]
[3, 3, 10, 6, 6, 3, 6, 10, 10, 0, 10, 13, 11, 13, 16, 14, 16, 26, 26, 26, 26, 21, 26, 26, 26, 27, 16, 27, 30, 28, 30, 31, 10]
[2, 3, 0, 6, 6, 3, 8, 6, 8, 12, 12, 6, 12, 15, 13, 15, 16, 15, 21, 21, 18, 3]
[7, 1, 7, 5, 7, 7, 0, 7, 8, 12, 12, 9, 7, 7, 14, 14, 18, 16, 18, 21, 22, 19, 26, 26, 26, 18, 26, 27, 27, 29, 32, 30, 7]
[18, 1, 2, 3, 4, 4, 8, 6, 8, 11, 9, 18, 14, 18, 18, 18, 18, 0, 18, 19, 20, 20, 20, 20, 18]
[2, 4, 2, 6, 6, 0, 6, 6, 6, 6, 12, 27, 14, 12, 12, 12, 18, 16, 18, 23, 23, 23, 19, 12, 27, 27, 6, 27, 30, 27, 6]
[2, 10, 2, 2, 2, 2, 2, 9, 7, 0, 13, 13, 10, 10, 14, 10]
[3, 3, 0, 3, 3, 3, 3, 3, 10, 11, 3, 13, 14, 11, 19, 17, 19, 19, 14, 3]
[2, 0, 2, 5, 3, 2, 2, 12, 12, 12, 12, 2, 12, 17, 14, 14, 13, 2]
[3, 3, 0, 3, 3, 3, 10, 10, 10, 3, 3, 13, 3, 13, 3]
[6, 3, 1, 6, 6, 0, 6, 6, 8, 9, 9, 6]
[4, 3, 4, 0, 6, 4, 6, 6, 11, 11, 8, 6, 6, 15, 19, 15, 18, 16, 13, 19, 23, 23, 20, 4]
[8, 4, 4, 8, 4, 8, 8, 0, 8, 11, 9, 8, 18, 18, 16, 18, 18, 8, 18, 18, 18, 23, 24, 18, 27, 27, 24, 24, 28, 31, 28, 8]
[4, 4, 4, 14, 4, 7, 4, 4, 10, 4, 14, 14, 14, 0, 14, 14, 14, 14, 18, 19, 18, 18, 22, 22, 14]
[6, 1, 1, 5, 6, 0, 8, 6, 8, 12, 12, 9, 21, 21, 21, 21, 19, 19, 21, 19, 12, 6, 6]
[2, 0, 2, 3, 6, 2, 6, 2, 2, 9, 10, 10, 10, 15, 10, 15, 16, 2]
[3, 3, 0, 6, 6, 3, 6, 6, 10, 6, 3]
[2, 0, 4, 5, 6, 2, 2, 2, 11, 11, 2, 11, 14, 12, 2]
[4, 3, 4, 0, 4, 8, 8, 4, 13, 13, 13, 13, 8, 17, 17, 17, 13, 17, 18, 22, 22, 24, 22, 19, 4]
[3, 3, 4, 0, 8, 7, 8, 4, 4, 11, 4, 11, 11, 4, 4, 22, 18, 22, 18, 21, 18, 15, 22, 26, 26, 23, 4]
[6, 6, 2, 2, 6, 0, 20, 10, 10, 20, 10, 13, 10, 16, 16, 13, 16, 10, 20, 6, 23, 23, 20, 6]
[2, 0, 2, 6, 6, 2, 6, 9, 7, 9, 10, 2]
[2, 5, 5, 5, 0, 5, 9, 9, 5, 11, 9, 13, 11, 11, 19, 18, 18, 19, 11, 21, 19, 23, 21, 5]
[4, 4, 4, 0, 7, 7, 4, 7, 4, 9, 10, 11, 14, 12, 4]
[3, 3, 0, 6, 6, 3, 6, 3, 10, 8, 12, 14, 14, 10, 16, 14, 14, 19, 21, 21, 14, 23, 21, 3]
[2, 0, 2, 3, 3, 5, 11, 11, 11, 11, 6, 3, 3, 15, 13, 15, 16, 2]
[2, 0, 2, 5, 2, 9, 9, 9, 5, 12, 12, 9, 12, 13, 13, 17, 15, 2]
[4, 4, 4, 0, 4]
[3, 3, 0, 5, 3, 7, 5, 5, 5, 11, 5, 3]
[3, 3, 24, 3, 4, 5, 5, 5, 5, 11, 9, 11, 12, 24, 19, 19, 19, 19, 24, 24, 24, 24, 24, 0, 24, 25, 26, 26, 26, 26, 24]
[0, 1, 1, 1, 1, 1, 8, 1, 1]
[3, 3, 0, 3, 6, 9, 6, 9, 4, 9, 12, 9, 3, 3, 16, 21, 16, 21, 20, 21, 3, 3]
[3, 3, 27, 5, 3, 7, 5, 12, 10, 12, 12, 7, 12, 16, 16, 12, 7, 21, 21, 21, 27, 27, 27, 27, 27, 27, 0, 27]
[0, 1, 7, 7, 7, 7, 2, 7, 8, 1]
[4, 4, 4, 18, 4, 7, 4, 9, 7, 9, 10, 7, 14, 12, 14, 18, 18, 0, 20, 22, 22, 18, 22, 23, 24, 25, 18]
[6, 6, 6, 6, 6, 0, 6, 6, 11, 11, 6, 6]
[3, 3, 5, 3, 0, 7, 5, 5, 11, 11, 8]
[2, 0, 2, 2, 6, 4, 6, 10, 10, 7, 2, 11, 16, 16, 16, 12, 16, 16, 18, 21, 19, 21, 26, 26, 26, 22, 2, 2]
[6, 6, 6, 6, 6, 0, 6]
[19, 1, 2, 5, 8, 5, 8, 3, 8, 9, 8, 11, 19, 15, 19, 19, 19, 19, 0, 19, 20, 19]
[2, 12, 2, 5, 3, 5, 8, 10, 8, 5, 12, 0, 14, 12, 12, 17, 15, 19, 17, 19, 19, 19, 12, 12, 12, 31, 31, 29, 31, 31, 12, 34, 34, 31, 31, 40, 40, 40, 40, 35, 12]
[3, 3, 0, 5, 3, 3, 9, 9, 6, 9, 9, 9, 15, 15, 9, 18, 18, 9, 3]
[2, 4, 2, 13, 4, 5, 4, 10, 10, 4, 10, 11, 0, 16, 16, 13, 16, 19, 21, 19, 17, 13]
[7, 1, 1, 1, 6, 1, 0, 7]
[2, 14, 2, 5, 2, 2, 9, 9, 6, 14, 12, 14, 12, 0, 19, 19, 19, 19, 14, 19, 24, 23, 24, 20, 24, 25, 29, 29, 24, 14]
[24, 1, 4, 6, 4, 2, 6, 7, 8, 11, 8, 8, 14, 8, 24, 18, 18, 24, 18, 18, 18, 23, 21, 0, 24, 24]
[7, 1, 5, 5, 1, 7, 0, 7, 10, 7, 12, 10, 10, 17, 17, 17, 13, 7]
[10, 1, 1, 1, 7, 7, 4, 10, 10, 0, 15, 15, 15, 15, 10, 10, 10, 19, 17, 17, 20, 10]
[2, 7, 2, 5, 3, 7, 0, 7, 10, 7, 7]
[7, 7, 7, 7, 4, 4, 0, 7, 8, 9, 9, 13, 7, 13, 13, 17, 15, 17, 7]
[7, 3, 7, 7, 6, 7, 0, 7]
[2, 3, 0, 3, 6, 9, 8, 9, 3, 9, 3]
[3, 3, 0, 3, 7, 7, 4, 7, 8, 9, 7, 13, 7, 7, 7, 7, 18, 7, 3, 3, 22, 23, 3, 23, 27, 27, 23, 3]
[2, 0, 4, 2, 4, 7, 5, 2]
[2, 3, 0, 3, 4, 3, 8, 6, 3, 12, 12, 3, 14, 12, 3]
[5, 5, 5, 5, 0, 5, 10, 7, 7, 5, 13, 13, 10, 5, 16, 17, 5, 17, 20, 18, 20, 23, 20, 5]
[0, 4, 4, 1, 4, 5, 6, 6, 10, 1, 1, 14, 14, 1, 14, 17, 15, 21, 21, 21, 17, 25, 25, 25, 21, 25, 1]
[9, 3, 7, 3, 7, 7, 9, 9, 22, 9, 9, 9, 9, 9, 16, 9, 22, 22, 18, 21, 19, 0, 25, 25, 22, 22, 26, 22]
[0, 1, 1, 1, 1, 1, 8, 1, 1]
[2, 6, 6, 6, 6, 0, 6, 6, 13, 13, 13, 13, 6, 6]
[4, 4, 4, 15, 9, 7, 9, 9, 4, 4, 12, 10, 15, 15, 0, 15, 15, 21, 21, 21, 17, 23, 24, 21, 15]
[2, 0, 2, 5, 2, 2]
[5, 5, 2, 2, 0, 7, 5, 9, 7, 9, 12, 9, 9, 9, 16, 9, 20, 20, 20, 16, 20, 24, 24, 20, 24, 27, 25, 5]
[2, 0, 2, 3, 3, 5, 6, 11, 11, 11, 7, 11, 12, 12, 2]
[4, 4, 4, 0, 4, 4, 9, 9, 6, 4, 4, 22, 14, 17, 14, 17, 12, 22, 21, 21, 22, 4, 4]
[2, 0, 2, 5, 3, 5, 8, 5, 5, 12, 12, 5, 2]
[0, 1, 5, 5, 2, 5, 12, 12, 12, 12, 12, 6, 1]
[2, 0, 2, 6, 6, 3, 6, 11, 11, 11, 7, 11, 14, 11, 16, 14, 16, 17, 2]
[3, 3, 0, 6, 6, 3, 3, 9, 3, 11, 9, 11, 14, 12, 14, 17, 15, 3]
[2, 0, 4, 2, 4, 4, 8, 11, 8, 11, 6, 11, 14, 12, 2]
[2, 0, 5, 5, 2, 2, 2, 9, 7, 9, 10, 11, 11, 11, 11, 7, 20, 19, 20, 16, 20, 23, 21, 2]
[7, 1, 1, 1, 7, 7, 11, 11, 11, 11, 0, 11, 11, 11, 11, 11, 18, 11, 21, 21, 11, 31, 22, 25, 23, 25, 26, 25, 30, 28, 21, 31, 34, 32, 11]
[0, 1, 4, 2, 1, 7, 1, 7, 11, 11, 7, 1]
[3, 3, 0, 3, 6, 4, 3, 3, 8, 12, 12, 9, 3]
[3, 3, 12, 3, 9, 9, 9, 9, 4, 12, 12, 0, 15, 15, 12, 15, 23, 23, 23, 19, 22, 19, 16, 12]
[3, 3, 5, 5, 0, 5, 5, 5, 5, 12, 12, 5, 14, 12, 14, 17, 15, 14, 14, 22, 22, 14, 22, 22, 5]
[6, 6, 6, 6, 6, 0, 6, 6, 8, 8, 8, 11, 12, 13, 14, 17, 14, 6]
[3, 3, 4, 0, 6, 4, 4, 10, 10, 7, 10, 11, 4, 4, 16, 18, 16, 23, 18, 21, 18, 18, 4, 25, 23, 23, 28, 23, 28, 32, 32, 29, 4]
[7, 7, 7, 7, 7, 7, 0, 7, 7, 12, 12, 7, 12, 13, 16, 14, 16, 20, 18, 17, 7, 7, 24, 29, 29, 29, 28, 29, 7, 29, 32, 30, 32, 35, 33, 7]
[3, 3, 11, 3, 4, 11, 10, 10, 10, 11, 0, 11, 14, 11, 14, 15, 11]
[12, 1, 1, 1, 1, 5, 6, 12, 12, 12, 12, 0, 14, 12, 17, 17, 14, 17, 18, 19, 19, 12]
[9, 9, 9, 3, 3, 3, 8, 3, 0, 11, 9, 9, 19, 19, 14, 14, 14, 14, 12, 9]
[2, 8, 2, 5, 3, 8, 8, 0, 8, 9, 10, 13, 10, 16, 16, 13, 8]
[5, 4, 4, 5, 0, 7, 5, 9, 7, 11, 9, 11, 11, 13, 14, 14, 14, 14, 5]
[2, 0, 2, 5, 2, 2, 9, 9, 6, 9, 10, 10, 12, 2]
[6, 3, 1, 6, 6, 0, 8, 6, 11, 11, 8, 13, 11, 15, 13, 11, 11, 17, 20, 18, 22, 20, 6]
[2, 5, 2, 5, 0, 5, 9, 9, 6, 5]
[3, 3, 0, 5, 3, 7, 9, 7, 5, 5, 10, 11, 11, 3, 16, 3, 18, 16, 18, 19, 20, 3]
[3, 3, 10, 5, 3, 10, 8, 10, 10, 0, 10, 10, 10]
[3, 3, 0, 3, 4, 3, 6, 6, 6, 6, 10, 11, 12, 13, 13, 15, 15, 15, 18, 19, 3]
[4, 3, 4, 0, 7, 7, 4, 7, 10, 7, 7, 13, 7, 7, 21, 19, 19, 19, 21, 21, 4, 23, 21, 4]
[14, 3, 1, 3, 6, 10, 6, 10, 10, 4, 14, 14, 14, 0, 16, 14, 16, 17, 17, 19, 24, 24, 24, 20, 24, 25, 25, 27, 28, 28, 24, 24, 24, 36, 36, 24, 38, 36, 38, 39, 48, 48, 42, 48, 48, 48, 48, 40, 14]
[3, 3, 0, 9, 9, 8, 8, 9, 3, 12, 12, 9, 15, 15, 12, 15, 15, 17, 18, 12, 20, 21, 25, 25, 21, 3]
[2, 3, 0, 6, 6, 3, 8, 6, 8, 11, 13, 13, 8, 15, 13, 15, 16, 17, 18, 19, 3]
[5, 5, 5, 5, 9, 9, 9, 9, 0, 9, 10, 11, 16, 16, 16, 11, 10, 10, 21, 21, 10, 21, 22, 9]
[2, 0, 6, 6, 6, 2, 6, 16, 10, 16, 16, 14, 14, 16, 14, 7, 2, 2]
[21, 21, 5, 5, 2, 5, 6, 9, 5, 9, 10, 13, 11, 9, 21, 18, 18, 21, 21, 21, 0, 21, 21, 23, 29, 29, 29, 29, 24, 31, 29, 31, 32, 21]
[2, 0, 7, 7, 7, 7, 2, 7, 10, 7, 12, 10, 12, 21, 21, 21, 21, 17, 20, 21, 13, 2]
[6, 6, 2, 5, 2, 0, 6, 7, 8, 9, 10, 16, 16, 13, 14, 11, 16, 20, 20, 16, 16, 16, 25, 25, 16, 25, 30, 27, 30, 26, 6]
[0, 1, 6, 6, 6, 2, 6, 10, 10, 7, 6, 16, 16, 16, 16, 6, 16, 20, 20, 17, 25, 25, 25, 25, 20, 25, 29, 29, 26, 29, 30, 31, 31, 1]
[8, 4, 4, 1, 8, 7, 8, 0, 8, 8, 12, 10, 12, 15, 12, 8]
[2, 0, 2, 2, 9, 9, 9, 9, 2, 2]
[6, 6, 6, 6, 6, 10, 10, 7, 7, 0, 10, 13, 11, 13, 16, 13, 10, 10, 10, 19, 19, 23, 21, 23, 28, 28, 28, 24, 10]
[13, 4, 4, 1, 4, 4, 6, 7, 13, 13, 10, 11, 0, 15, 13, 13]
[3, 3, 0, 3, 4, 3, 3, 13, 13, 13, 13, 13, 3, 13, 18, 18, 18, 14, 3]
[3, 3, 0, 3, 3, 3, 3, 9, 3, 9, 18, 18, 18, 18, 18, 18, 18, 9, 20, 18, 20, 24, 24, 21, 3]
[14, 3, 8, 3, 6, 8, 8, 14, 14, 14, 14, 11, 14, 29, 14, 15, 14, 19, 17, 19, 23, 23, 20, 29, 28, 28, 28, 29, 0, 29, 30, 31, 29]
[4, 3, 4, 0, 6, 4, 9, 9, 6, 9, 12, 10, 14, 6, 19, 17, 18, 19, 14, 19, 20, 4]
[4, 4, 4, 0, 4, 8, 8, 5, 4, 12, 12, 4, 16, 13, 16, 12, 12, 12, 12, 21, 19, 21, 27, 25, 27, 27, 21, 27, 27, 31, 29, 33, 27, 35, 33, 4]
[2, 0, 6, 6, 6, 2, 6, 9, 11, 9, 7, 6, 6, 13, 18, 15, 18, 14, 14, 14, 23, 21, 20]
[18, 18, 4, 2, 4, 8, 8, 5, 10, 8, 18, 16, 16, 13, 16, 18, 18, 0, 20, 18, 25, 23, 25, 25, 18, 18, 18]
[3, 3, 0, 3, 6, 4, 6, 9, 7, 3]
[3, 3, 0, 7, 7, 7, 3, 3]
[2, 3, 0, 3, 6, 4, 3, 12, 12, 12, 12, 3, 14, 12, 14, 19, 19, 19, 15, 12, 23, 23, 20, 3]
[2, 4, 4, 0, 6, 8, 8, 4, 4, 15, 15, 15, 15, 15, 9, 4, 4, 25, 25, 25, 25, 25, 22, 22, 4, 29, 29, 29, 25, 31, 29, 33, 31, 33, 4]
[0, 1, 2, 1, 1, 8, 8, 5, 8, 13, 10, 13, 9, 1]
[22, 1, 6, 6, 6, 2, 6, 6, 11, 11, 8, 8, 16, 15, 16, 12, 16, 16, 22, 21, 22, 0, 22, 22, 22, 22, 28, 29, 26, 22]
[3, 3, 0, 5, 3, 8, 8, 5, 8, 13, 13, 13, 9, 15, 13, 18, 18, 15, 18, 19, 3]
[0, 1, 4, 2, 1, 1, 9, 9, 6, 6, 10, 11, 1]
[0, 1, 7, 6, 6, 7, 2, 9, 1, 9, 9, 14, 14, 11, 1]
[7, 4, 4, 1, 7, 7, 0, 7, 10, 7, 13, 13, 10, 7, 19, 15, 19, 19, 14, 19, 20, 7]
[2, 4, 4, 0, 4, 4, 4, 7, 4]
[2, 18, 2, 5, 3, 2, 8, 9, 2, 9, 10, 18, 18, 18, 18, 18, 18, 0, 18, 19, 22, 20, 24, 26, 26, 22, 29, 29, 26, 18]
[7, 3, 7, 3, 6, 3, 0, 7, 8, 7]
[5, 1, 4, 1, 0, 5]
[5, 1, 4, 2, 0, 7, 8, 5, 8, 11, 9, 5, 17, 17, 17, 17, 5, 19, 17, 19, 22, 19, 17, 17, 27, 27, 17, 27, 27, 34, 34, 34, 34, 27, 36, 34, 38, 34, 38, 5]
[2, 0, 2, 3, 6, 2, 9, 9, 6, 11, 9, 2]
[5, 5, 5, 5, 0, 5, 8, 6, 5, 12, 12, 9, 12, 15, 13, 17, 15, 22, 20, 22, 22, 17, 25, 25, 22, 25, 26, 5, 5]
[0, 1, 6, 6, 6, 2, 1, 1, 8, 8, 10, 11, 14, 12, 20, 17, 20, 20, 20, 10, 22, 20, 20, 27, 27, 27, 29, 27, 23, 8, 8, 8, 35, 35, 40, 38, 38, 35, 38, 32, 40, 41, 1]
[24, 1, 4, 5, 24, 5, 10, 9, 10, 5, 12, 5, 12, 16, 16, 13, 12, 24, 20, 24, 24, 24, 24, 0, 24, 29, 29, 29, 24, 31, 29, 33, 31, 35, 33, 24]
[6, 6, 6, 6, 6, 0, 6]
[3, 1, 7, 7, 7, 7, 0, 7, 10, 7, 7]
[7, 7, 4, 7, 4, 4, 9, 9, 0, 9]
[7, 7, 7, 7, 7, 7, 0, 7]
[0, 1, 1]
[2, 0, 2, 5, 3, 2, 8, 2, 10, 8, 15, 15, 15, 15, 10, 22, 22, 22, 22, 22, 22, 15, 26, 26, 26, 22, 26, 27, 30, 28, 33, 33, 30, 33, 37, 37, 34, 2]
[9, 9, 2, 3, 9, 9, 9, 9, 0, 9, 13, 13, 10, 9, 14, 19, 19, 19, 15, 9]
[2, 9, 2, 5, 2, 9, 8, 9, 0, 9, 9, 14, 14, 11, 9, 17, 9, 19, 17, 17, 23, 23, 20, 23, 23, 28, 28, 23, 28, 31, 29, 31, 32, 9]
[6, 4, 2, 6, 6, 16, 16, 10, 10, 16, 10, 14, 14, 11, 16, 0, 19, 19, 16, 16]
[7, 7, 7, 7, 7, 7, 0, 9, 7, 9, 15, 13, 15, 15, 9, 7]
[3, 3, 0, 3, 8, 7, 8, 3, 8, 9, 10, 10, 3, 3, 14, 17, 14, 3]
[5, 5, 5, 5, 0, 5, 5, 19, 8, 12, 12, 9, 12, 15, 12, 19, 19, 19, 5, 22, 22, 25, 25, 25, 19, 27, 25, 5]
[3, 3, 0, 3, 6, 9, 9, 9, 12, 11, 12, 4, 12, 13, 16, 14, 14, 19, 17, 14, 14, 24, 24, 21, 3]
[5, 5, 5, 5, 0, 5, 6, 5]
[0, 1, 1, 1, 1, 1, 1, 1, 10, 1]
[4, 4, 4, 0, 4, 9, 9, 9, 5, 12, 12, 9, 12, 13, 14, 17, 14, 19, 17, 21, 19, 4]
[4, 1, 1, 0, 6, 4, 4, 12, 12, 9, 9, 20, 20, 17, 17, 17, 20, 20, 20, 4, 4]
[0, 4, 4, 1, 4, 7, 5, 1]
[7, 7, 5, 5, 7, 5, 0, 7]
[14, 3, 1, 14, 6, 14, 6, 13, 13, 13, 13, 13, 7, 0, 14, 15, 24, 24, 24, 24, 24, 24, 24, 14, 24, 25, 24, 30, 30, 24, 30, 31, 30, 30, 34, 37, 35, 37, 38, 14]
[2, 12, 2, 5, 2, 2, 8, 2, 2, 11, 12, 0, 12, 15, 12, 15, 18, 16, 20, 18, 22, 20, 12]
[2, 0, 2, 5, 3, 3, 2]
[2, 0, 4, 5, 2, 7, 9, 7, 5, 12, 12, 9, 5, 5, 5, 20, 18, 20, 20, 15, 22, 20, 22, 23, 28, 28, 28, 24, 20, 42, 42, 42, 42, 42, 37, 35, 34, 42, 42, 42, 42, 29, 2]
[3, 3, 30, 3, 6, 4, 3, 10, 10, 7, 10, 13, 10, 30, 30, 15, 18, 22, 18, 22, 22, 15, 15, 30, 30, 27, 30, 27, 27, 0, 30, 33, 31, 33, 34, 37, 38, 42, 38, 38, 42, 35, 30]
[2, 7, 2, 2, 6, 7, 0, 7, 10, 8, 7]
[2, 4, 4, 0, 4, 4, 8, 4, 10, 8, 8, 11, 16, 16, 16, 12, 16, 4]
[3, 3, 0, 3, 4, 5, 5, 3, 10, 8, 3, 15, 15, 15, 3, 15, 18, 16, 18, 18, 3]
[5, 5, 5, 5, 0, 5, 5, 9, 5, 9, 10, 11, 12, 18, 16, 18, 18, 9, 18, 21, 22, 18, 5]
[2, 6, 2, 2, 6, 10, 6, 9, 6, 0, 14, 14, 14, 10, 10]
[2, 4, 4, 0, 4, 8, 6, 5, 8, 8, 4]
[3, 3, 0, 3, 6, 4, 9, 9, 13, 9, 12, 9, 6, 18, 18, 17, 18, 13, 3]
[2, 13, 2, 5, 3, 5, 8, 11, 8, 11, 6, 13, 0, 13, 14, 15, 20, 20, 20, 15, 22, 20, 22, 26, 26, 23, 29, 29, 26, 37, 30, 33, 31, 33, 36, 34, 29, 37, 13]
[0, 3, 5, 3, 1, 1, 8, 6, 1, 11, 1, 13, 11, 13, 14, 13, 19, 19, 13, 1]
[2, 0, 6, 6, 6, 2, 11, 9, 11, 11, 6, 14, 14, 6, 14, 17, 15, 6, 6, 25, 25, 25, 25, 25, 6, 2]
[5, 1, 5, 5, 12, 5, 8, 5, 8, 11, 8, 0, 14, 12, 14, 19, 19, 19, 15, 12, 12, 23, 25, 25, 12, 25, 29, 29, 26, 12]
[19, 5, 4, 5, 1, 1, 12, 12, 8, 11, 8, 6, 19, 19, 19, 19, 18, 19, 0, 19]
