[2, 4, 4, 0, 12, 12, 12, 10, 10, 12, 12, 4, 4, 16, 16, 4, 18, 16, 20, 18, 22, 20, 22, 29, 29, 29, 29, 29, 23, 29, 32, 29]
[2, 14, 4, 2, 2, 7, 5, 7, 11, 11, 8, 14, 14, 0, 22, 17, 22, 17, 18, 22, 22, 14, 22, 23, 30, 30, 30, 30, 30, 24, 30, 35, 35, 35, 31]
[7, 1, 1, 3, 6, 4, 0, 7, 8, 9, 10, 15, 15, 15, 7, 17, 18, 20, 20, 15, 20, 23, 21, 7, 27, 27, 29, 29, 7, 33, 33, 33, 29, 33, 36, 34]
[2, 0, 7, 3, 7, 7, 2, 7, 8, 9, 10, 10, 12]
[6, 3, 6, 6, 6, 0]
[5, 5, 5, 5, 0, 5, 6, 7, 10, 8, 10, 13, 11, 10, 18, 18, 18, 14, 20, 8, 20, 20, 20]
[3, 3, 0, 3, 4, 5, 6, 7, 10, 8, 7, 13, 11, 13, 14, 15, 18, 15]
[0, 1, 4, 2, 4, 5, 9, 9, 1, 11, 9, 9, 12, 13, 13]
[3, 3, 0, 5, 3, 5, 6]
[2, 0, 2]
[2, 0, 2, 3, 4, 8, 8, 5]
[3, 3, 0, 5, 3, 3, 6, 11, 11, 11, 3, 11, 12, 13, 12, 12, 18, 16, 11, 22, 22, 11]
[4, 1, 2, 0, 6, 4]
[3, 3, 0, 3, 4, 8, 8, 3, 8, 9, 9, 8, 14, 12, 16, 14, 16, 19, 20, 17]
[4, 4, 4, 0, 4, 4, 6, 10, 10, 7, 10, 10]
[6, 6, 6, 6, 6, 15, 6, 14, 8, 14, 14, 14, 12, 6, 0, 18, 18, 15, 20, 18, 22, 20, 20, 23, 24, 24]
[2, 0, 2, 3, 7, 7, 4, 2, 10, 8, 12, 16, 12, 13, 16, 10, 16, 19, 17, 19, 20, 21, 24, 22]
[3, 3, 14, 3, 8, 8, 8, 4, 14, 14, 14, 14, 14, 0, 14, 15, 14]
[0, 3, 1, 3, 6, 4]
[3, 3, 8, 3, 4, 7, 5, 0, 8, 11, 9, 8, 12, 12]
[3, 3, 0, 3]
[4, 4, 4, 0, 6, 4, 10, 10, 10, 6]
[3, 1, 0, 3, 8, 8, 8, 3]
[3, 3, 0, 3, 4, 7, 4, 4, 8, 9, 8, 8, 15, 15, 12]
[4, 4, 4, 10, 10, 10, 8, 9, 10, 0, 10, 10, 14, 10, 14, 15, 18, 14, 20, 14, 20, 20, 26, 26, 26, 20]
[3, 3, 0, 3, 6, 4, 8, 6, 10, 8, 3, 14, 14, 3, 14, 20, 20, 19, 20, 15]
[2, 4, 4, 0]
[2, 0, 4, 2, 4, 4, 8, 6, 8, 11, 9]
[2, 0, 4, 2, 11, 5, 11, 11, 11, 11, 16, 11, 12, 16, 16, 4, 16]
[4, 4, 4, 0, 4]
[3, 3, 0, 3, 3, 3, 6, 6, 3, 11, 9, 11, 14, 15, 12]
[11, 1, 1, 5, 3, 11, 11, 9, 11, 11, 0, 13, 11, 13, 13, 17, 15, 17, 21, 21, 18, 21, 25, 25, 22, 17, 29, 29, 26, 26, 33, 33, 30]
[3, 3, 0, 3, 6, 4, 6, 6, 3, 11, 3, 11]
[3, 3, 7, 3, 4, 7, 0, 7, 7, 12, 12, 9]
[3, 3, 0, 3, 4, 5, 5, 3, 12, 12, 12, 3]
[8, 3, 8, 3, 8, 8, 8, 0, 8, 12, 12, 9, 14, 16, 16, 8, 16, 16, 20, 16, 20, 20]
[6, 1, 5, 5, 2, 0, 6, 10, 10, 7, 10, 11, 12, 12]
[4, 4, 4, 7, 7, 7, 0]
[2, 10, 4, 2, 6, 4, 4, 10, 10, 0, 10, 11, 17, 17, 17, 17, 12, 19, 17, 21, 19, 21, 22, 27, 26, 27, 19]
[4, 1, 4, 0, 8, 8, 8, 4, 4, 13, 10, 10, 9, 13, 17, 17, 14, 4, 25, 22, 22, 25, 25, 25, 4, 25, 30, 30, 30, 26, 30, 30, 34, 30, 34, 35, 35, 35]
[0, 3, 1, 3, 9, 7, 9, 9, 4, 9]
[4, 1, 2, 0, 4, 9, 9, 9, 5, 9, 13, 13, 10]
[2, 3, 0, 5, 7, 7, 3, 3, 11, 11, 3, 13, 11, 13, 16, 14]
[2, 3, 0, 3, 12, 12, 6, 7, 7, 7, 12, 4, 12, 16, 16, 13]
[14, 5, 5, 5, 14, 14, 14, 9, 7, 12, 10, 14, 14, 22, 16, 22, 16, 19, 17, 22, 22, 0, 22]
[3, 3, 14, 14, 6, 4, 8, 14, 8, 11, 9, 14, 14, 0, 14, 18, 18, 15, 21, 19, 14, 21, 22, 22, 22, 25, 25, 25]
[0, 1, 2, 1, 12, 8, 8, 5, 10, 12, 12, 1, 15, 15, 12, 15, 16]
[2, 5, 2, 5, 0, 5, 8, 6, 8, 11, 9]
[4, 4, 4, 0, 4, 7, 5, 7, 10, 8, 10, 13, 11, 4, 4, 15, 15, 19, 17]
[2, 0, 4, 6, 6, 2, 6, 13, 10, 13, 13, 13, 7]
[9, 1, 4, 2, 9, 9, 9, 9, 0, 9, 16, 16, 14, 16, 16, 18, 18, 9, 21, 21, 18, 21]
[3, 3, 0, 5, 3, 7, 5, 7, 8, 12, 12, 3, 12, 15, 12, 12, 19, 19, 16, 22, 22, 12, 22]
[2, 0, 2, 6, 6, 12, 10, 10, 10, 12, 12, 2, 18, 18, 18, 18, 18, 12, 18, 19, 24, 24, 24, 20, 24, 29, 29, 29, 25, 25, 25, 31, 32, 33, 33, 33, 39, 39, 36]
[2, 15, 2, 2, 6, 4, 2, 2, 11, 11, 8, 11, 11, 15, 0, 19, 19, 19, 15, 21, 19, 21, 22, 21, 21, 27, 25, 27, 15]
[2, 0, 2, 2, 9, 9, 9, 9, 4, 2, 12, 2, 12, 17, 17, 17, 12, 17, 17, 17, 22, 20, 22, 25, 23]
[13, 1, 4, 2, 4, 4, 9, 9, 6, 13, 13, 13, 0, 13, 17, 17, 14, 13, 22, 22, 22, 13, 30, 28, 28, 28, 28, 30, 30, 22, 30, 30, 30, 35, 33, 35, 38, 35]
[2, 0, 2, 5, 3, 5, 10, 10, 10, 6, 12, 10, 14, 12, 18, 18, 18, 12, 18, 21, 19, 21, 22, 26, 26, 12, 28, 26, 28, 29, 32, 30, 12, 35, 12, 38, 38, 35, 40, 38, 43, 43, 40, 43]
[3, 3, 24, 3, 6, 4, 8, 6, 10, 8, 13, 13, 8, 15, 24, 24, 24, 24, 18, 18, 18, 23, 18, 0]
[4, 4, 4, 0, 4, 9, 9, 9, 4, 14, 14, 14, 14, 9, 14, 21, 21, 21, 21, 21, 15]
[2, 0, 2, 3, 7, 7, 4, 10, 10, 7, 10, 11, 15, 15, 12, 17, 15, 21, 21, 21, 17, 17, 17, 23, 27, 27, 24]
[12, 1, 4, 2, 4, 4, 8, 4, 10, 12, 12, 0, 12, 15, 13, 12, 19, 19, 16]
[4, 3, 4, 0, 4, 8, 8, 5, 5, 9, 10, 10]
[2, 3, 0, 5, 3, 5, 9, 9, 6, 11, 9, 11, 12, 13, 13, 17, 15, 17]
[3, 3, 0, 3, 6, 4, 10, 7, 8, 3, 10, 14, 14, 10]
[4, 4, 4, 5, 0, 5, 5, 9, 7, 12, 12, 5, 12, 13]
[0, 1, 1, 5, 3, 14, 14, 10, 10, 7, 10, 13, 11, 1, 14, 15]
[3, 3, 0, 3, 4, 7, 3, 7, 10, 8]
[2, 6, 6, 6, 6, 0, 6, 7, 7]
[2, 0, 2, 3, 7, 7, 4, 7, 8, 12, 12, 2, 12, 12, 16, 14]
[10, 1, 2, 5, 3, 7, 10, 10, 10, 0, 10, 11, 12, 13, 12, 12, 16, 19, 17]
[4, 4, 4, 10, 4, 7, 5, 10, 10, 0, 10, 13, 11]
[0, 1, 4, 1, 6, 4, 10, 10, 10, 6, 15, 14, 14, 15, 10, 6, 18, 6, 18, 19, 20, 23, 18]
[3, 3, 0]
[5, 5, 5, 5, 23, 5, 6, 7, 12, 12, 12, 5, 5, 16, 16, 5, 16, 17, 16, 19, 23, 23, 0, 23, 26, 24, 23]
[2, 4, 4, 0, 4, 9, 9, 9, 5, 9, 13, 13, 10, 13, 16, 14, 25, 19, 25, 19, 20, 23, 21, 25, 4, 25, 29, 29, 26]
[2, 3, 0, 3, 9, 9, 9, 9, 3]
[0, 5, 5, 5, 1, 5, 6, 1, 11, 11, 1, 13, 15, 15, 11, 17, 15, 19, 17]
[2, 7, 7, 7, 6, 7, 0, 7, 8]
[0, 1, 5, 5, 2, 8, 8, 10, 10, 5, 10, 14, 14, 11, 14, 15]
[3, 3, 6, 6, 6, 0, 10, 10, 10, 6]
[2, 0, 2, 5, 9, 9, 9, 9, 2, 13, 13, 13, 9, 16, 16, 9, 16, 17, 20, 18, 16, 23, 21, 25, 23, 25, 28, 26, 25, 29, 30, 31, 31]
[5, 5, 5, 5, 17, 5, 9, 9, 6, 9, 5, 13, 11, 17, 16, 17, 0, 20, 20, 17, 20, 23, 21, 20, 24, 27, 25, 27, 28, 29, 33, 33, 29]
[8, 5, 5, 5, 1, 8, 8, 0, 10, 12, 12, 8, 8, 15, 8, 17, 15, 19, 17, 21, 19, 23, 21, 23, 24, 24, 26, 27, 27, 26, 24, 33, 24, 35, 33, 33, 39, 39, 36, 39, 40]
[2, 5, 5, 5, 0, 5, 9, 9, 6, 9, 10, 14, 14, 5, 16, 17, 14, 19, 17]
[4, 3, 4, 0, 4, 4]
[0, 1, 5, 5, 2, 5, 8, 5, 11, 11, 8, 11, 12, 20, 18, 18, 18, 20, 20, 13, 20, 24, 24, 21, 26, 24, 24, 29, 24]
[6, 3, 1, 6, 6, 0, 6, 9, 7]
[2, 3, 0, 3, 6, 3]
[10, 7, 4, 7, 7, 7, 10, 10, 10, 0, 12, 10, 15, 15, 12, 15]
[4, 1, 1, 0, 6, 4, 6, 9, 7]
[2, 0, 5, 5, 2, 5, 6, 9, 7, 5, 12, 10, 14, 12, 12]
[3, 3, 0, 3, 8, 8, 8, 4, 8, 9, 10, 11, 14, 15, 9, 17, 15]
[3, 3, 0, 3, 4, 7, 5, 10, 10, 7, 12, 10, 14, 12, 7, 19, 19, 19, 7, 19, 22, 20, 22, 25, 23, 19, 30, 30, 30, 26, 33, 33, 3, 33, 33, 40, 40, 40, 40, 35]
[2, 0, 2, 2, 6, 2, 8, 6, 8, 14, 14, 11, 11, 9, 14, 18, 18, 15, 18, 23, 23, 23, 9]
[4, 4, 4, 9, 9, 9, 9, 9, 0, 9, 12, 10, 12, 15, 13, 20, 16, 20, 20, 15]
[2, 3, 0, 5, 3, 3, 8, 6, 3, 11, 3, 11, 14, 11, 14, 15, 16, 22, 22, 22, 22, 11, 22, 22, 24]
[4, 4, 4, 9, 4, 7, 5, 9, 0, 9, 9, 13, 9, 15, 13, 15, 15]
[3, 3, 0]
[2, 0, 4, 6, 6, 2, 6, 7, 8, 11, 2, 11, 15, 15, 16, 12, 20, 20, 20, 16]
[2, 4, 4, 0, 4, 4, 4, 7, 11, 11, 19, 11, 14, 11, 17, 17, 19, 19, 8]
[5, 5, 5, 5, 0, 5, 8, 6, 8, 8, 8, 13, 11]
[14, 1, 4, 2, 4, 9, 9, 9, 5, 9, 12, 9, 14, 0, 14, 17, 15, 20, 20, 17, 20, 25, 25, 25, 21]
[2, 0, 4, 2, 2, 7, 2, 9, 7, 7, 10, 7, 12, 15, 17, 17, 12, 17, 20, 18, 20, 23, 21, 26, 26, 17, 26, 30, 28, 27]
[3, 3, 0, 5, 3, 3]
[2, 0, 4, 6, 6, 2, 8, 9, 6, 9, 9]
[0, 1, 7, 7, 7, 7, 2, 7, 10, 8, 1, 14, 14, 11, 14, 15, 16, 19, 17]
[2, 0, 2, 5, 3, 7, 5, 7, 8, 9, 12, 10, 12, 15, 13, 7, 7, 20, 20, 17, 20, 20, 22]
[2, 3, 0, 3, 6, 4, 6, 9, 7, 3, 3, 11, 14, 11]
[0, 5, 5, 5, 1, 1, 1, 10, 10, 7, 10, 14, 14, 11]
[0, 1, 1]
[3, 3, 0, 5, 3, 7, 5, 7, 10, 8, 10, 10, 15, 15, 12]
[2, 3, 0, 7, 7, 7, 3, 7, 7, 7, 10, 10, 12]
[2, 7, 5, 5, 2, 7, 0]
[2, 4, 4, 0, 4, 8, 8, 5, 14, 11, 14, 14, 14, 4]
[3, 3, 11, 10, 7, 7, 10, 10, 10, 3, 0, 14, 14, 11, 11, 17, 15, 19, 17, 24, 24, 24, 24, 27, 26, 27, 19, 29, 27, 32, 32, 29]
[8, 3, 1, 6, 6, 3, 8, 0, 10, 8, 10, 11, 10, 15, 13, 15, 20, 20, 20, 16, 22, 10, 24, 25, 22, 25, 28, 25]
[12, 1, 2, 7, 7, 7, 3, 12, 12, 12, 12, 0, 14, 12, 16, 14, 16, 16, 16, 16, 20, 23, 21, 23, 24, 28, 28, 23, 28, 31, 28, 33, 31]
[3, 3, 8, 8, 8, 8, 8, 0, 8, 11, 8]
[10, 4, 4, 1, 4, 9, 9, 9, 5, 0, 10, 13, 10, 16, 16, 13, 18, 16]
[4, 4, 4, 7, 7, 7, 0, 7, 12, 12, 12, 8, 12, 13, 14, 14]
[6, 6, 6, 6, 6, 0, 6, 9, 10, 7, 10, 17, 15, 15, 17, 17, 11, 6, 18, 19, 22, 20, 22, 25, 22]
[2, 4, 4, 0, 6, 4, 4, 9, 4, 19, 19, 15, 14, 15, 11, 17, 19, 19, 9, 21, 19, 21, 22, 23, 24, 24, 31, 29, 30, 31, 26]
[3, 3, 6, 6, 6, 0, 8, 6, 8, 9]
[5, 1, 5, 5, 0, 5, 8, 6, 5, 9, 10, 13, 11]
[2, 5, 5, 5, 0, 5, 6, 6, 5, 11, 9, 13, 11, 15, 13]
[0, 3, 1, 6, 6, 3, 8, 11, 11, 11, 6, 11, 11]
[2, 0, 4, 2, 4, 4, 4, 12, 12, 12, 12, 7, 12, 13, 13, 13, 19, 19, 16]
[4, 4, 4, 0, 7, 7, 4, 10, 10, 7, 7, 13, 7, 13, 14, 14, 18, 16]
[5, 5, 5, 5, 0, 5, 6]
[16, 4, 4, 16, 8, 8, 8, 4, 4, 4, 13, 13, 10, 13, 14, 0, 18, 16, 21, 21, 16, 21]
[0]
[2, 4, 4, 0, 4, 4, 8, 6, 10, 8, 13, 13, 10, 13, 16, 14, 16, 19, 17, 4, 22, 23, 4, 23, 27, 27, 24]
[16, 3, 1, 3, 7, 7, 4, 3, 10, 3, 16, 16, 16, 16, 16, 0, 16, 19, 16, 21, 19, 21, 25, 25, 22, 25, 21, 31, 31, 31, 27, 31, 32, 36, 36, 31]
[2, 0, 6, 5, 6, 2, 2, 9, 7, 9, 12, 14, 14, 9, 9, 15]
[2, 0, 4, 2, 4, 5, 6, 9, 7, 9, 10, 13, 11]
[3, 3, 0, 3, 3, 8, 8, 5, 8, 11, 3, 13, 11, 15, 13, 15, 18, 13, 18, 21, 19]
[6, 6, 6, 6, 6, 13, 6, 11, 11, 11, 6, 13, 0, 15, 13, 15, 15, 19, 17, 19, 19, 21, 24, 22, 13, 25, 25]
[2, 7, 4, 2, 7, 7, 0, 9, 7, 7, 10, 14, 14, 11, 7, 7, 16, 19, 17, 19, 20]
[2, 0, 4, 2, 2, 9, 9, 9, 2]
[3, 3, 0, 5, 3, 5, 3, 7, 8, 11, 9, 8, 14, 15, 12]
[2, 16, 6, 5, 6, 2, 2, 11, 11, 11, 7, 11, 14, 12, 16, 0, 16, 17, 18, 19]
[3, 3, 0, 5, 3, 5, 6, 3, 10, 3]
[4, 4, 4, 8, 4, 8, 8, 0, 8, 11, 9]
[4, 1, 4, 0, 4, 4, 8, 6]
[2, 0, 4, 2]
[3, 3, 0, 3, 9, 8, 8, 5, 3, 9, 10, 13, 11, 9, 14, 18, 18, 15, 18, 21, 19]
[3, 3, 0, 9, 9, 9, 9, 9, 3, 14, 14, 13, 14, 9, 14, 17, 15, 19, 17, 21, 19]
[2, 3, 0, 3, 6, 3, 8, 6, 10, 8]
[3, 3, 0, 3, 3, 10, 8, 6, 10, 5, 3, 13, 20, 13, 16, 14, 16, 19, 17, 3, 20, 21, 22, 22, 22]
[2, 5, 2, 2, 0, 5, 8, 6, 12, 12, 12, 8, 16, 15, 16, 12, 18, 16, 8, 23, 23, 23, 8, 23, 24, 27, 25, 25, 30, 28]
[2, 5, 5, 5, 0, 8, 8, 5, 8, 12, 12, 8, 8, 17, 16, 17, 8]
[4, 4, 4, 12, 6, 4, 6, 6, 8, 12, 12, 0, 12, 13, 17, 17, 14, 17, 18]
[2, 9, 2, 3, 9, 9, 9, 9, 0, 17, 17, 17, 17, 17, 17, 17, 9]
[2, 4, 4, 0, 4, 7, 5]
[0, 4, 4, 1, 6, 4, 6, 6, 8, 9]
[5, 5, 5, 5, 0, 7, 5, 7, 8, 8]
[2, 3, 0, 5, 3, 5, 9, 9, 6, 3, 10, 16, 12, 15, 12, 11, 16, 19, 17]
[0, 1, 4, 2, 12, 12, 12, 12, 12, 12, 12, 4, 16, 16, 16, 12, 16, 19, 17, 16]
[7, 7, 7, 7, 7, 7, 0, 7, 14, 14, 14, 14, 14, 7, 14, 17, 20, 17, 20, 15]
[2, 0, 2]
[2, 0, 2]
[2, 0, 9, 9, 9, 8, 8, 9, 2, 13, 13, 13, 2, 13, 16, 14]
[5, 1, 4, 2, 0, 7, 5, 7, 7, 9, 10]
[2, 0, 4, 2, 2, 7, 5, 7, 8, 14, 14, 14, 14, 9, 16, 22, 16, 21, 21, 21, 17, 7, 22, 26, 26, 23]
[3, 3, 0, 3, 6, 4]
[3, 3, 0, 3, 3, 3, 8, 3, 11, 11, 3, 11, 15, 15, 12, 15, 16]
[2, 0, 4, 2, 6, 10, 6, 6, 10, 4, 10, 10, 10, 13, 18, 18, 18, 14]
[5, 1, 1, 5, 0, 7, 5]
[3, 3, 9, 3, 6, 4, 9, 9, 0, 9, 10, 13, 11, 13, 14, 17, 15, 19, 13, 19]
[2, 3, 0, 3, 3, 8, 8, 5, 10, 3, 12, 10, 12, 13, 16, 14, 16, 17, 14, 21, 14, 23, 21, 23, 26, 23, 23, 30, 30, 27]
[3, 3, 0, 3, 4, 7, 3, 9, 7, 9, 12, 10, 20, 13, 16, 20, 20, 20, 20, 12, 3]
[2, 0, 2, 2, 2, 9, 9, 9, 5, 9, 10, 2]
[2, 0, 2, 2, 6, 4, 6, 9, 6, 2, 13, 13, 10]
[4, 4, 4, 0, 4, 8, 8, 5]
[0, 1, 1, 1, 1, 1, 13, 13, 13, 12, 12, 13, 1, 1]
[2, 3, 0, 3, 3, 3, 8, 6]
[2, 5, 5, 5, 0, 12, 6, 6, 12, 12, 12, 5, 14, 12]
[2, 3, 0, 6, 6, 3, 6, 7, 10, 8]
[2, 0, 2]
[2, 0, 2, 3, 7, 7, 4, 7, 2, 16, 13, 13, 10, 16, 16, 2]
[3, 3, 4, 0, 7, 7, 4, 7, 10, 8, 15, 15, 15, 15, 7, 18, 18, 15, 4, 24, 24, 23, 24, 4]
[6, 4, 4, 1, 6, 0, 11, 11, 11, 11, 6, 13, 11, 6, 16, 14, 16, 21, 21, 21, 17, 21, 21, 6, 26, 6, 29, 29, 26, 29, 32, 30]
[10, 5, 5, 5, 1, 7, 10, 10, 10, 0]
[7, 3, 1, 5, 3, 7, 0, 9, 10, 7, 7, 14, 14, 7, 16, 14, 16, 17]
[3, 3, 17, 3, 6, 4, 8, 6, 10, 8, 12, 10, 8, 8, 14, 17, 0, 17, 21, 21, 18]
[4, 4, 4, 0, 4, 5, 9, 9, 6, 19, 19, 11, 12, 12, 16, 14, 16, 17, 9, 21, 19, 21, 22, 23, 23, 27, 25, 23, 31, 31, 23, 33, 31]
[2, 0, 4, 2, 4, 4, 8, 6, 8, 8, 8, 13, 11, 13, 13]
[6, 4, 4, 6, 6, 0, 6, 9, 7, 13, 12, 13, 9, 15, 6, 18, 16, 21, 21, 21, 15, 21, 22]
[3, 3, 7, 3, 6, 4, 0, 10, 10, 7, 12, 10, 10, 15, 13, 15, 16, 17, 18, 18, 23, 23, 20, 23, 24, 27, 23, 32, 32, 32, 32, 27]
[2, 5, 5, 5, 0, 7, 9, 9, 5, 9, 13, 13, 10, 9, 17, 17, 14, 17, 21, 21, 18]
[2, 0, 4, 2, 2, 11, 11, 11, 11, 11, 2, 11, 14, 12, 2, 18, 18, 2, 21, 21, 18]
[8, 1, 5, 5, 2, 8, 8, 0, 8, 12, 12, 9, 12, 15, 12, 8, 19, 19, 20, 8, 20, 23, 20, 25, 23, 25, 28, 26]
[7, 3, 1, 6, 6, 7, 0, 13, 13, 9, 12, 9, 7, 13, 17, 17, 14, 19, 13, 7, 24, 24, 24, 7, 24, 27, 25, 27, 27, 31, 29]
[0, 1, 4, 1, 4, 7, 5]
[7, 3, 1, 5, 7, 7, 0, 7, 10, 8, 10, 11, 7, 15, 13, 15, 16, 19, 17, 13, 13, 24, 24, 21, 26, 24, 28, 26, 24, 29, 33, 33, 30, 33, 36, 34, 36, 37]
[5, 5, 2, 2, 8, 5, 5, 0, 8, 11, 9]
[0, 1, 4, 2]
[0, 3, 7, 5, 7, 5, 1, 7, 11, 11, 7]
[4, 4, 4, 0, 6, 4, 9, 9, 6]
[2, 3, 0, 5, 3, 7, 3, 11, 11, 11, 7, 13, 11]
[3, 3, 0, 3, 6, 4, 3, 9, 7, 9, 9]
[5, 5, 4, 5, 0, 5, 9, 9, 6]
[2, 0, 2, 6, 6, 3, 9, 9, 6, 9, 12, 10, 12, 16, 16, 9, 9, 19, 17, 19, 19]
[2, 0, 4, 2, 4, 7, 5, 9, 10, 2, 10, 10, 14, 12, 14, 15, 2, 20, 20, 22, 22, 2]
[2, 13, 2, 7, 7, 7, 3, 13, 13, 13, 12, 13, 0, 18, 18, 18, 18, 13]
[2, 3, 0, 3, 7, 7, 4, 11, 10, 11, 3, 11, 12]
[7, 1, 5, 5, 1, 7, 0, 7, 8, 8, 8, 8, 14, 12]
[3, 3, 0, 3, 6, 4, 3, 9, 10, 3, 3, 3, 14, 3, 16, 14, 16, 19, 17]
[2, 0, 2, 3, 4, 3, 3, 7, 12, 12, 12, 8, 26, 26, 14, 17, 15, 17, 23, 23, 23, 23, 18, 26, 26, 2, 26, 30, 30, 27, 30, 34, 34, 31]
[4, 4, 4, 0, 4, 8, 8, 5]
[0, 1, 2, 1, 1, 7, 5, 5, 10, 8, 10, 14, 14, 11]
[5, 5, 5, 5, 0, 8, 8, 5]
[2, 4, 4, 0]
[8, 8, 4, 2, 8, 7, 8, 0, 10, 8, 10, 14, 14, 11, 16, 14, 22, 22, 22, 22, 22, 16]
[2, 3, 0, 6, 6, 3]
[0, 3, 1, 6, 6, 3]
[4, 3, 4, 11, 4, 8, 8, 10, 10, 5, 0, 14, 14, 11]
[0, 3, 1, 5, 3, 7, 5, 10, 10, 7, 10, 10, 10, 15, 13, 7, 19, 19, 16]
[2, 0, 2]
[2, 0, 7, 7, 6, 7, 2, 7, 8, 7, 12, 16, 12, 16, 16, 10]
[0, 4, 4, 1, 4, 7, 5, 7, 7, 7, 12, 10]
[3, 3, 8, 8, 8, 8, 8, 0, 8, 11, 9]
[2, 7, 7, 7, 7, 7, 0]
[6, 6, 6, 6, 6, 0, 11, 11, 11, 11, 6, 6, 14, 6, 16, 19, 19, 19, 14, 19, 22, 20]
[4, 4, 4, 12, 6, 4, 6, 10, 10, 6, 12, 0, 14, 12]
[3, 3, 0, 3, 10, 5, 8, 10, 10, 4, 10, 16, 16, 16, 16, 17, 11, 20, 20, 17, 20, 24, 24, 20]
[4, 4, 4, 14, 4, 7, 5, 14, 10, 14, 10, 10, 14, 0, 14, 20, 16, 20, 20, 14, 22, 20, 22, 26, 26, 22, 22, 30, 30, 22, 30, 33, 30]
[2, 4, 4, 0]
[0, 3, 1, 3, 4, 8, 8, 3, 8, 9, 9, 13, 11, 13, 14, 15, 16, 16, 18]
[5, 3, 5, 5, 0, 5, 8, 9, 6, 9, 13, 13, 10, 13, 14, 9, 16, 17, 17, 21, 19, 21, 24, 21, 26, 21, 26, 27, 27, 29, 30]
[0, 1, 4, 1, 4, 7, 5, 7, 11, 11, 8, 13, 11, 16, 16, 13, 19, 19, 16, 22, 22, 19, 24, 22]
[4, 4, 4, 8, 7, 7, 8, 0, 11, 11, 8, 11, 11, 16, 16, 13, 16, 19, 17]
[2, 8, 2, 3, 4, 8, 8, 0, 10, 8, 12, 13, 10, 8, 23, 15, 16, 21, 20, 21, 17, 23, 8, 23, 26, 24, 26, 8]
[5, 5, 5, 5, 0, 5, 5, 9, 5, 9, 12, 10, 5, 15, 13, 5, 19, 19, 5, 23, 22, 23, 19, 23, 27, 27, 24]
[2, 0, 5, 5, 2, 5, 9, 9, 5]
[7, 3, 1, 5, 7, 7, 0, 9, 11, 9, 7, 14, 14, 11, 7, 15]
[24, 1, 4, 2, 7, 7, 1, 7, 7, 7, 12, 7, 12, 13, 17, 17, 14, 17, 18, 24, 24, 24, 24, 0, 24, 27, 25, 24, 30, 28]
[4, 3, 4, 0, 4, 9, 8, 9, 5, 9, 4, 13, 4, 13, 13, 15, 18, 16, 18, 21, 18, 23, 21, 23, 24]
[0, 1, 4, 2, 4, 7, 4, 1, 11, 11, 1, 11, 14, 12, 16, 14, 16, 16, 18]
[0, 1, 5, 5, 2, 5, 9, 9, 6, 9, 9, 11, 15, 15, 12, 15, 15, 1]
[6, 4, 4, 1, 6, 0, 9, 9, 6, 9, 13, 13, 10, 13, 13, 13, 16, 17, 18]
[2, 7, 5, 5, 2, 7, 0]
[2, 10, 2, 5, 3, 5, 6, 9, 7, 0, 12, 10, 12, 15, 13]
[2, 0, 2, 3, 4, 2, 8, 6]
[4, 3, 4, 18, 4, 9, 6, 6, 5, 9, 12, 10, 18, 15, 18, 15, 16, 0, 20, 18, 20, 23, 21]
[3, 3, 12, 5, 3, 8, 8, 5, 10, 12, 12, 0, 12, 12, 17, 17, 14, 19, 17, 26, 26, 21, 24, 26, 26, 19]
[0, 6, 6, 6, 6, 8, 8, 1, 8, 9, 12, 10, 10, 16, 16, 13, 16, 20, 20, 17]
[5, 3, 5, 5, 11, 5, 6, 10, 10, 7, 0, 11, 14, 12, 11, 11, 11, 17, 17, 21, 19, 21, 21]
[2, 3, 4, 0, 7, 7, 4]
[0, 1, 4, 2, 1, 8, 8, 1, 8, 11, 9, 13, 8, 13, 13, 17, 15, 17, 20, 17, 20, 23, 21]
[5, 5, 5, 5, 0, 9, 9, 9, 5, 11, 9, 13, 11, 16, 16, 13]
[2, 0, 2, 3, 6, 9, 9, 9, 4, 2, 2, 11, 12, 13, 13, 15, 18, 16, 20, 18, 20, 24, 24, 21, 18, 25, 31, 30, 30, 31, 25, 31, 32, 35, 33, 35, 39, 39, 36, 39, 43, 43, 39]
[4, 4, 4, 0, 4, 5, 4, 9, 7]
[6, 3, 6, 6, 6, 0, 8, 6, 10, 8, 12, 10, 14, 12, 16, 14, 14, 19, 14, 21, 19, 21, 27, 27, 27, 27, 21]
[16, 6, 6, 6, 6, 1, 6, 10, 10, 7, 12, 16, 16, 15, 16, 0, 16, 17, 20, 16, 20, 20, 22, 25, 20, 31, 31, 31, 31, 31, 25, 25, 35, 35, 32, 35, 40, 40, 40, 36]
[2, 0, 2, 8, 8, 8, 8, 2, 8, 13, 10, 10, 9, 13, 13]
[2, 0, 2, 8, 4, 4, 8, 3, 2, 13, 13, 13, 2, 13, 18, 17, 18, 14]
[4, 1, 4, 13, 4, 7, 5, 9, 10, 4, 12, 10, 0, 16, 16, 13, 16, 17, 16, 19, 22, 20, 24, 22, 28, 27, 28, 24, 28, 31, 29]
[0, 1, 2]
[6, 6, 6, 6, 6, 9, 9, 9, 0, 9, 12, 9, 9]
[5, 5, 5, 5, 0]
[3, 3, 18, 3, 6, 4, 6, 10, 10, 7, 3, 15, 15, 15, 11, 17, 18, 0, 22, 22, 22, 18, 22, 26, 26, 23, 26, 29, 27, 31, 29, 33, 31, 35, 33]
[5, 5, 5, 5, 16, 7, 5, 7, 11, 11, 7, 5, 12, 16, 16, 0, 16, 17, 16, 23, 23, 23, 16, 26, 26, 23, 26, 29, 27, 29, 33, 33, 30, 29, 38, 38, 38, 34]
[3, 3, 7, 3, 6, 3, 0, 11, 11, 11, 7, 11, 14, 12]
[9, 1, 4, 2, 4, 4, 9, 9, 0, 11, 9]
[8, 1, 5, 5, 2, 8, 8, 0, 10, 8, 10, 10]
[3, 3, 0, 5, 9, 5, 5, 9, 3]
[4, 4, 4, 0, 4]
[3, 3, 0, 3, 3]
[4, 1, 2, 0, 8, 8, 8, 4, 4, 15, 10, 11, 15, 15, 4, 15, 16, 17]
[2, 15, 4, 2, 8, 8, 8, 4, 4, 14, 14, 13, 11, 4, 0, 17, 15]
[13, 1, 4, 2, 1, 5, 10, 10, 10, 1, 13, 13, 0, 13, 17, 17, 14, 19, 13, 21, 19, 21, 28, 23, 26, 24, 28, 22, 19, 29]
[2, 0, 2, 16, 16, 7, 5, 10, 10, 16, 10, 11, 16, 16, 16, 2, 16, 17, 21, 21, 18]
[4, 4, 4, 12, 4, 7, 5, 7, 10, 8, 12, 0, 14, 12, 12, 18, 18, 15, 20, 18]
[4, 4, 4, 5, 0, 5, 5, 9, 7, 12, 12, 9, 12, 15, 13, 7, 19, 19, 20, 16, 20, 28, 28, 23, 26, 24, 28, 20, 30, 28]
[2, 5, 5, 5, 0, 5, 6, 5, 11, 11, 5]
[2, 0, 2, 7, 7, 7, 3, 9, 2, 9, 12, 10, 9, 13, 13, 13]
[5, 5, 5, 5, 0]
[7, 7, 7, 5, 7, 7, 0, 7, 11, 11, 7, 13, 11, 15, 13, 13, 16, 19, 17]
[4, 4, 4, 8, 8, 8, 8, 0, 8, 14, 14, 14, 14, 8]
[5, 5, 4, 5, 0, 5, 6, 12, 12, 12, 12, 7, 14, 6, 16, 14, 16, 22, 20, 22, 22, 17]
[2, 4, 4, 0, 7, 7, 4, 4, 10, 12, 12, 4, 14, 12, 16, 14, 16]
[2, 0, 6, 5, 6, 2, 6, 7, 12, 11, 9, 8, 15, 15, 12, 2, 22, 19, 17, 21, 22, 2, 25, 25, 22]
[3, 3, 0, 6, 6, 9, 9, 9, 3]
[2, 3, 0, 9, 6, 9, 9, 9, 3, 14, 14, 14, 14, 9, 24, 24, 16, 17, 17, 17, 17, 24, 24, 14, 24, 25, 3]
[6, 1, 2, 6, 6, 0, 6, 9, 7, 9, 15, 15, 15, 15, 10]
[2, 0, 4, 2, 6, 2]
[2, 0, 2, 3, 3, 7, 3, 7, 7, 11, 9, 11, 17, 13, 14, 17, 12, 20, 20, 11, 20, 20, 22, 22, 26, 24]
[5, 5, 2, 2, 0, 5, 8, 6, 5, 5, 10, 13, 11]
[3, 3, 0, 6, 6, 3, 6, 7, 8, 8, 14, 14, 14, 6, 18, 18, 18, 14]
[13, 1, 1, 5, 1, 8, 8, 13, 8, 9, 10, 10, 0, 13, 13, 18, 18, 15]
[12, 3, 1, 3, 6, 4, 9, 9, 12, 12, 12, 0, 15, 15, 12, 15, 20, 20, 20, 16, 20, 25, 25, 25, 21]
[6, 6, 6, 6, 6, 0]
[3, 3, 0, 3, 7, 7, 3, 9, 10, 7, 7, 13, 11, 11, 11, 15, 19, 19, 15]
[3, 3, 5, 5, 0, 7, 5, 10, 10, 7, 10, 11, 12, 10, 16, 21, 16, 20, 20, 16, 10, 21]
[3, 3, 0, 5, 3, 8, 8, 5, 11, 11, 5, 15, 15, 15, 11, 11, 18, 16, 11, 11, 24, 24, 24, 20]
[4, 1, 1, 0, 7, 7, 4, 7, 11, 11, 8, 13, 11, 13, 13, 17, 15]
[3, 3, 5, 5, 0, 5, 8, 6, 8, 9]
[0, 5, 5, 5, 8, 7, 8, 1, 1]
[2, 3, 0, 3, 6, 4, 6, 9, 7, 3, 12, 3, 14, 12, 14, 18, 18, 15, 21, 21, 12, 24, 24, 21, 24, 25, 24, 27]
[2, 0, 5, 5, 2, 2, 9, 9, 6, 9, 18, 18, 14, 18, 16, 14, 18, 10, 23, 23, 23, 23, 18, 27, 27, 27, 23, 29, 27, 32, 32, 29]
[17, 4, 4, 1, 4, 8, 8, 5, 17, 17, 14, 14, 14, 17, 14, 14, 0, 20, 20, 17, 20, 17, 22, 23, 27, 27, 24, 32, 30, 32, 32, 27]
[4, 4, 4, 0, 7, 7, 4, 4, 10, 8, 4, 13, 15, 15, 4]
[0, 3, 1, 5, 3, 5, 8, 6]
[3, 3, 0, 3, 6, 4, 6, 12, 12, 9, 9, 6, 6, 6, 14, 15, 16, 17, 17]
[0, 1, 5, 5, 1]
[9, 4, 4, 1, 9, 9, 9, 9, 0, 13, 13, 13, 9, 9, 9, 18, 18, 15]
[3, 3, 0, 5, 3, 7, 5, 5, 11, 11, 8, 13, 5, 16, 16, 13, 16, 19, 17]
[3, 3, 0, 3, 6, 7, 4, 3, 10, 3]
[2, 3, 0, 5, 3, 5, 9, 9, 6, 12, 12, 5, 12, 13, 14, 14]
[3, 3, 0, 5, 3, 5, 9, 9, 6, 9, 12, 9, 9, 15, 17, 17, 13, 17, 18, 18]
[3, 3, 11, 3, 9, 9, 6, 6, 3, 11, 0, 11, 17, 17, 17, 17, 12]
[2, 5, 5, 5, 0, 7, 5]
[3, 3, 0, 3, 3]
[2, 3, 0, 3, 6, 4, 6, 10, 10, 7, 14, 14, 14, 10, 14, 15, 14, 14, 20, 14, 4, 4, 24, 22, 26, 29, 26, 26, 24, 31, 29, 31, 34, 32, 36, 29, 29, 39, 29, 41, 39, 43, 41]
[3, 3, 8, 3, 6, 4, 8, 0, 8, 9]
[3, 3, 7, 7, 7, 7, 0, 9, 7]
[3, 3, 11, 3, 8, 7, 5, 3, 10, 11, 0, 11, 11, 16, 16, 13, 16, 16, 18, 22, 22, 19]
[4, 4, 4, 0, 6, 4, 6, 7, 10, 8, 10, 13, 11, 10, 10, 17, 15, 4, 27, 21, 19, 27, 27, 27, 27, 27, 4, 27, 30, 27, 32, 27, 32]
[2, 4, 4, 0, 4, 4, 9, 9, 6, 4, 20, 13, 11, 20, 20, 15, 15, 15, 15, 4, 22, 20, 24, 22, 24, 28, 28, 25]
[0, 3, 1, 5, 3]
[3, 3, 10, 5, 3, 5, 5, 7, 10, 0]
[2, 6, 6, 6, 6, 0]
[5, 5, 5, 5, 0, 5, 8, 6, 8, 11, 9]
[2, 3, 0, 5, 3, 3, 3, 9, 7, 9, 7]
[5, 5, 5, 5, 0, 7, 5, 7, 11, 11, 8, 11, 14, 11, 14, 19, 19, 19, 15, 19, 22, 20]
[2, 3, 0, 5, 3, 9, 9, 9, 5, 3, 12, 3, 15, 15, 12, 15, 3, 22, 22, 22, 22, 3, 22, 25, 23]
[3, 3, 0, 3]
[0, 4, 4, 1, 6, 4]
[2, 3, 0, 3, 3, 7, 5, 7, 11, 11, 8, 11, 17, 17, 14, 15, 12, 17, 23, 23, 23, 23, 18, 26, 26, 23, 26, 30, 30, 27, 30, 33, 31, 33, 38, 37, 38, 34]
[4, 4, 4, 7, 4, 4, 0, 7, 8, 11, 9]
[2, 4, 4, 7, 4, 5, 0, 10, 10, 11, 7, 7, 14, 12, 14, 17, 15]
[2, 0]
[3, 3, 0]
[2, 4, 4, 0]
[0]
[2, 0, 4, 2, 7, 7, 4, 7, 10, 8, 2, 13, 2, 13, 13, 19, 19, 19, 15, 19, 22, 20, 22, 25, 23]
[4, 4, 4, 0, 4, 7, 5, 4, 10, 8, 8, 17, 17, 17, 17, 17, 8]
[4, 4, 4, 0, 4, 7, 4, 9, 7, 13, 13, 13, 7, 15, 13]
[4, 4, 4, 0, 7, 7, 4, 7, 7, 7, 10, 13, 11, 11, 16, 14]
[2, 0, 4, 6, 6, 2, 8, 10, 10, 6, 10, 13, 10]
[2, 7, 4, 2, 7, 7, 0, 9, 7, 7, 10, 14, 14, 10, 14, 18, 18, 15]
[2, 3, 0, 3, 4, 4, 3, 13, 8, 9, 9, 13, 7, 15, 13, 15, 19, 19, 16, 19, 23, 23, 20, 23, 23]
[7, 1, 5, 5, 2, 7, 0, 7, 7, 7, 10, 11, 14, 12, 16, 14, 14, 19, 14, 21, 19]
[0]
[10, 4, 4, 1, 4, 4, 8, 6, 10, 0, 14, 13, 14, 10, 14, 15]
[5, 5, 5, 5, 0, 5, 10, 9, 10, 6, 10, 11, 14, 12, 16, 14, 16, 14, 20, 14]
[0, 3, 8, 6, 6, 8, 8, 1, 10, 8, 10, 11, 12, 13]
[3, 3, 0, 5, 6, 7, 9, 9, 3, 9, 9, 9, 14, 12, 18, 18, 18, 14, 18]
[19, 4, 4, 1, 4, 7, 5, 4, 8, 9, 10, 11, 14, 12, 19, 17, 19, 19, 0]
[3, 3, 0, 3, 7, 7, 4]
[2, 4, 4, 0, 4, 7, 4]
[3, 3, 0, 3, 6, 4, 3, 12, 10, 12, 12, 3, 15, 15, 12, 15, 18, 16, 16, 16, 22, 20, 22]
[4, 4, 4, 27, 4, 7, 5, 7, 10, 8, 10, 4, 17, 16, 16, 17, 4, 17, 20, 18, 20, 21, 24, 22, 27, 27, 0]
[7, 1, 2, 1, 1, 5, 0, 10, 10, 7, 12, 10, 12, 17, 17, 17, 13, 17, 21, 21, 17, 17, 24, 22]
[0, 4, 4, 1, 12, 8, 8, 12, 10, 8, 12, 1, 12, 13, 14, 15, 16, 16]
[3, 3, 5, 5, 0, 5, 6]
[4, 4, 4, 14, 4, 5, 6, 4, 4, 9, 12, 10, 14, 0, 14, 15]
[2, 4, 4, 7, 6, 4, 0, 7, 10, 8, 10, 10, 14, 7, 17, 17, 14, 17, 17, 14, 22, 27, 22, 25, 22, 27, 14]
[5, 1, 1, 5, 6, 0, 6, 6, 10, 8]
[2, 7, 2, 7, 7, 7, 0, 10, 10, 7, 12, 10, 12, 15, 10]
[2, 9, 2, 5, 2, 8, 8, 9, 0, 9, 12, 9, 12]
[2, 0, 5, 5, 2, 5, 9, 9, 6, 9, 5, 11, 14, 12]
[3, 3, 0, 3, 6, 4, 6, 9, 6, 3, 12, 10, 12, 15, 13, 15, 16]
[2, 0, 6, 6, 6, 2]
[3, 3, 0, 3, 10, 10, 8, 10, 10, 4, 10, 10]
[4, 4, 4, 23, 6, 4, 6, 10, 10, 7, 10, 11, 12, 12, 12, 15, 12, 23, 23, 23, 23, 23, 0]
[8, 3, 1, 3, 8, 8, 8, 0, 12, 11, 12, 8, 12, 16, 16, 12, 16, 19, 16, 19, 19, 16, 25, 25, 16]
[7, 1, 5, 5, 2, 1, 0, 12, 12, 12, 12, 7, 12, 13]
[2, 0, 5, 5, 7, 7, 2, 9, 7, 9, 12, 10, 12, 12]
[2, 5, 4, 5, 0, 5, 5, 9, 5, 9, 9]
[4, 1, 1, 0, 4, 5]
[7, 7, 7, 7, 6, 7, 14, 7, 14, 14, 14, 11, 11, 0]
[9, 1, 4, 2, 4, 7, 4, 9, 0, 9, 10, 11, 9, 9, 14, 14, 16, 17, 20, 17, 20, 24, 24, 21]
[3, 3, 9, 3, 9, 9, 9, 9, 0]
[2, 0, 4, 6, 6, 2, 8, 6, 12, 12, 12, 8, 12, 12]
[3, 3, 4, 0, 4, 5, 5, 9, 7, 9, 13, 13, 9, 4, 4, 17, 20, 20, 20, 4, 22, 20]
[3, 3, 0, 3, 12, 7, 12, 7, 11, 11, 7, 3, 3, 16, 16, 13, 16, 19, 16]
[3, 3, 6, 6, 6, 0, 8, 6]
[7, 7, 7, 6, 6, 7, 0, 9, 7, 7, 13, 13, 7, 13, 13, 17, 15, 20, 20, 17, 22, 20, 22, 25, 23]
[2, 8, 2, 2, 8, 8, 8, 0, 8, 8, 13, 13, 10, 8, 17, 17, 8]
[2, 15, 2, 7, 7, 7, 3, 2, 11, 11, 8, 15, 15, 15, 0, 21, 21, 20, 20, 21, 15, 23, 21]
[3, 3, 5, 3, 0, 5, 9, 9, 5, 5, 12, 5, 12, 15, 13]
[2, 8, 8, 8, 6, 8, 8, 0, 8, 11, 9, 8, 14, 12, 12, 17, 8, 20, 20, 17]
[2, 0, 5, 5, 2, 5, 10, 10, 10, 6, 12, 10, 14, 12, 16, 14, 14, 19, 14]
[3, 3, 0, 3, 3]
[2, 0, 2]
[2, 0, 2, 2, 6, 4, 2, 7, 11, 11, 8, 11, 15, 15, 12, 15, 16, 20, 18, 17, 20, 21]
[2, 0, 5, 5, 2, 2, 2, 9, 7, 11, 7, 13, 11, 13, 14, 17, 15, 15]
[2, 0, 5, 5, 2, 5, 5, 9, 13, 13, 13, 13, 7, 13, 16, 14]
[3, 3, 4, 0, 7, 7, 4, 7, 10, 8, 10, 11, 12, 12, 20, 17, 20, 20, 20, 7]
[0, 1, 4, 1, 4, 4, 8, 6, 8, 9, 10, 14, 14, 10, 10, 19, 19, 19, 15]
[8, 8, 2, 7, 7, 7, 3, 22, 10, 8, 8, 14, 12, 11, 11, 15, 16, 20, 20, 22, 22, 0, 24, 22, 24, 24, 29, 29, 26]
[2, 3, 0, 3, 6, 4, 6, 10, 10, 7]
[3, 3, 0, 5, 3, 5, 6, 13, 13, 9, 13, 13, 7, 13, 16, 14, 16, 16, 18]
[14, 3, 1, 3, 7, 5, 4, 7, 10, 7, 14, 14, 12, 0, 14, 15, 16, 17, 20, 18, 20, 26, 26, 26, 26, 21, 29, 29, 14]
[2, 6, 6, 6, 6, 0, 6, 10, 10, 7]
[0]
[0, 1, 1, 1, 9, 9, 9, 9, 4, 9, 14, 14, 14, 10]
[2, 0, 5, 5, 2]
[2, 0, 2]
[0, 4, 4, 1, 6, 4, 8, 6, 8, 11, 9]
[2, 6, 6, 6, 6, 0, 6, 10, 10, 6, 14, 14, 14, 10, 14, 17, 15]
[2, 4, 4, 0, 8, 8, 8, 4]
[4, 4, 4, 0, 7, 7, 4]
[4, 4, 4, 0, 4, 4, 6, 9, 7, 14, 12, 14, 14, 6, 14, 17, 15, 14, 14, 19, 22, 20, 20, 23, 24, 28, 26, 25, 28]
[4, 4, 4, 0]
[2, 0, 4, 2, 4, 5, 5, 4, 8, 9, 14, 14, 14, 10, 17, 17, 4, 20, 20, 17, 20, 23, 21, 23, 24]
[2, 5, 5, 5, 0, 5, 6, 5, 10, 5, 10]
[5, 3, 5, 5, 0, 7, 5, 7, 7, 9, 5]
[8, 8, 8, 5, 8, 8, 8, 0]
[13, 5, 5, 5, 1, 5, 9, 9, 12, 12, 12, 6, 0, 17, 17, 17, 21, 20, 20, 21, 13, 23, 21, 26, 26, 23, 26]
[2, 3, 0, 6, 6, 3]
[3, 3, 0, 3, 6, 4, 3, 9, 3, 11, 9]
[2, 12, 2, 7, 4, 4, 3, 7, 7, 9, 12, 0, 14, 12, 14, 17, 15, 19, 14, 19, 20, 21, 26, 23, 24, 22, 28, 26, 28, 32, 32, 29, 32, 32, 12]
[3, 3, 4, 0, 7, 7, 4, 10, 10, 7]
[3, 1, 0, 7, 7, 7, 3, 3, 11, 11, 8, 3, 3, 13, 16, 14, 16, 19, 20, 16, 22, 16, 22, 22, 24, 25, 28, 26]
[8, 3, 8, 3, 6, 3, 8, 22, 8, 11, 8, 8, 14, 8, 17, 17, 14, 17, 20, 18, 22, 0, 27, 26, 26, 27, 22]
[3, 3, 15, 6, 6, 3, 8, 6, 8, 9, 10, 13, 10, 15, 0, 15, 16, 17]
[3, 3, 4, 0, 4, 7, 5, 13, 11, 11, 13, 13, 4, 13, 14, 15, 19, 19, 13, 19, 24, 23, 24, 20]
[3, 3, 0, 3, 3, 5, 3, 9, 10, 3, 10, 11, 10, 16, 16, 13, 16, 17]
[6, 3, 6, 6, 6, 0, 10, 10, 10, 6, 10, 14, 14, 11]
[2, 3, 0, 6, 6, 3, 6, 9, 7, 3, 12, 10, 12, 15, 12, 12, 16, 17]
[2, 4, 4, 0, 9, 7, 9, 9, 4, 9]
[5, 5, 5, 5, 0, 5, 5, 7]
[4, 3, 4, 0, 8, 7, 8, 4]
[2, 4, 4, 0, 7, 7, 4, 7, 10, 8, 4, 17, 12, 12, 17, 17, 4, 17, 20, 18, 20, 20, 24, 20]
[4, 3, 4, 0, 6, 4, 10, 10, 10, 6, 10, 14, 14, 10, 18, 18, 18, 10, 18, 19]
[3, 3, 9, 3, 6, 3, 9, 9, 0, 9, 12, 10, 14, 12, 17, 17, 14, 17, 18]
[0, 1, 5, 5, 2, 1, 8, 6, 1, 12, 12, 9, 1, 16, 16, 1, 16, 20, 20, 16, 20, 26, 26, 26, 26, 21, 28, 26, 31, 31, 28, 28, 32, 28, 36, 34, 34, 34, 38, 39, 40, 41, 38, 1]
[3, 3, 11, 3, 6, 4, 11, 11, 11, 11, 0, 11, 16, 16, 16, 12, 18, 16, 18, 22, 22, 19]
[14, 3, 1, 3, 3, 8, 8, 3, 8, 8, 14, 14, 14, 0]
[5, 4, 4, 1, 0, 5, 6, 11, 11, 11, 7, 7, 12, 15, 13]
[0, 1, 1, 3, 4, 5, 6, 7, 1, 11, 1, 16, 14, 16, 16, 11, 1]
[3, 3, 6, 6, 6, 0, 6, 6]
[4, 3, 4, 0, 4, 5, 6, 9, 7, 9, 14, 14, 14, 10]
[3, 3, 7, 3, 4, 7, 0, 7, 8, 9, 10, 14, 14, 11, 17, 17, 7, 17, 18, 19, 19, 17, 24, 22, 17, 27, 25]
[3, 3, 0, 7, 7, 7, 3]
[3, 3, 12, 3, 3, 8, 8, 5, 12, 12, 12, 0, 15, 15, 12]
[2, 0, 4, 2, 4, 4, 4]
[4, 3, 4, 0, 6, 4, 9, 9, 6, 9, 12, 6, 12, 12, 14, 15, 19, 19, 16]
[0, 3, 1, 3, 7, 7, 4, 9, 10, 1, 10, 13, 11, 15, 10, 20, 20, 20, 20, 15, 20, 24, 24, 21]
[5, 3, 5, 5, 0, 5, 6, 5, 12, 12, 12, 5, 12]
[2, 0, 2, 3, 4, 4, 3, 9, 7]
[2, 8, 4, 2, 8, 7, 8, 0, 8, 12, 12, 9, 12, 16, 16, 13, 18, 16, 12, 12, 20, 21, 24, 22, 24, 24]
[4, 3, 4, 11, 4, 4, 10, 10, 10, 4, 0, 13, 11, 13, 14, 14, 14]
[4, 4, 4, 10, 4, 8, 8, 4, 10, 0, 12, 10, 14, 12, 14, 15, 12, 12, 18, 12, 20, 25, 24, 25, 21, 25, 31, 31, 28, 28, 26]
[3, 3, 0, 3, 6, 3, 6, 9, 7, 9, 9, 6, 14, 12]
[6, 6, 4, 6, 6, 0, 6, 10, 10, 7, 13, 13, 6, 15, 13, 15, 16]
[3, 3, 0, 6, 6, 3, 6, 6]
[2, 9, 2, 6, 6, 3, 9, 9, 0, 9, 12, 9, 14, 12, 14, 17, 15]
[2, 5, 5, 5, 0, 5, 11, 11, 11, 11, 6]
[5, 5, 5, 5, 0, 5, 9, 9, 6, 9, 12, 10, 5, 5, 17, 17, 14, 17, 20, 18]
[3, 3, 4, 0, 4, 7, 4, 12, 10, 12, 12, 7, 14, 12]
[2, 3, 0, 6, 6, 3, 3, 3, 10, 3, 12, 10, 12, 15, 13, 13, 18, 16, 18, 21, 19]
[3, 3, 0, 3, 4, 3, 8, 3, 8, 9, 10, 11, 3, 15, 3]
[2, 4, 4, 0]
[0, 1, 4, 2, 4, 8, 8, 4, 10, 4, 12, 4, 12, 12]
[5, 4, 4, 5, 7, 7, 0, 7, 10, 15, 13, 13, 15, 15, 8]
[2, 0, 2, 3, 2, 5, 6, 2, 12, 12, 12, 2, 12, 15, 12, 17, 15, 19, 17, 23, 23, 23, 19]
[3, 3, 17, 3, 4, 5, 6, 10, 10, 7, 13, 13, 17, 17, 17, 17, 0, 17, 20, 17]
[3, 3, 4, 0, 4]
[2, 0, 2, 2, 6, 4]
[5, 5, 5, 5, 0, 5, 8, 6, 8, 8]
[3, 3, 5, 5, 0, 10, 8, 10, 10, 5, 15, 15, 15, 15, 10]
[0, 1, 1, 5, 3, 3, 8, 3, 8, 12, 12, 9, 15, 15, 12, 15, 18, 16, 18, 21, 23, 23, 18]
[3, 3, 0, 3, 7, 7, 4, 7, 10, 7]
[2, 4, 4, 0, 4, 5, 6, 10, 10, 4, 10, 13, 11, 10, 10, 15, 18, 15, 18, 19, 33, 23, 33, 25, 23, 27, 28, 25, 25, 29, 33, 33, 18, 33, 33]
[5, 5, 5, 5, 0, 8, 8, 5, 12, 9, 9, 15, 15, 15, 5, 17, 19, 19, 15, 5, 24, 24, 24, 5]
[3, 3, 8, 5, 3, 8, 8, 0, 11, 11, 8, 11, 12, 16, 16, 13]
[4, 4, 4, 0, 4, 10, 10, 10, 10, 4, 10, 11, 11, 15, 10, 17, 15, 19, 17, 23, 20, 23, 19, 25, 23, 27, 25]
[2, 9, 2, 7, 7, 7, 3, 9, 0, 9, 12, 10, 16, 13, 13, 12]
[2, 4, 4, 0, 4, 10, 10, 10, 10, 5]
[2, 0, 4, 2, 4, 7, 5, 7]
[2, 0, 2, 5, 8, 7, 8, 3]
[2, 13, 4, 5, 2, 5, 10, 9, 10, 6, 13, 13, 0, 13, 14, 17, 18, 15]
[0, 1, 1, 1, 6, 4, 6, 9, 10, 7, 12, 6, 15, 15, 12, 20, 20, 20, 20, 15]
[3, 3, 5, 5, 0]
[3, 3, 5, 5, 0, 8, 8, 5, 8, 8, 10, 11]
[3, 3, 0, 3, 7, 7, 4]
[0, 3, 1]
[6, 3, 6, 5, 6, 0]
[3, 3, 0, 3, 7, 7, 4, 7, 7, 12, 12, 7, 19, 15, 19, 19, 18, 19, 24, 19, 22, 20, 24, 12, 30, 25, 30, 30, 30, 24, 30, 31]
[15, 3, 1, 10, 8, 7, 8, 10, 10, 15, 12, 10, 14, 15, 0, 15, 19, 19, 16, 25, 23, 23, 25, 25, 15, 28, 28, 25, 25]
[3, 1, 0, 9, 9, 5, 8, 5, 3, 3, 13, 13, 10, 13, 16, 14, 13, 20, 20, 17, 22, 20, 25, 25, 22]
[2, 0, 4, 2, 7, 7, 4, 7, 10, 8, 12, 10, 14, 12, 16, 14, 16, 16, 16, 22, 22, 19, 2, 26, 26, 2, 28, 26, 30, 32, 32, 28, 34, 32, 36, 34, 34, 37, 40, 38, 43, 43, 34]
[2, 3, 0, 3, 3, 8, 8, 5, 8, 9, 13, 13, 10]
[3, 3, 0, 3, 4, 5, 5, 5, 10, 5, 10, 13, 11]
[2, 7, 4, 7, 7, 7, 0, 9, 7, 9, 12, 10, 12, 15, 12]
[5, 5, 5, 5, 15, 10, 6, 7, 10, 5, 10, 15, 15, 15, 0, 18, 18, 15, 18, 19, 22, 20, 22, 22, 29, 29, 29, 29, 18, 31, 29, 31]
[2, 0, 2, 5, 2]
[4, 4, 4, 0, 6, 4, 8, 6, 11, 11, 8, 11, 11, 8, 16, 14, 16, 19, 17]
[4, 4, 4, 0, 4, 4, 9, 9, 4]
[3, 3, 9, 5, 3, 7, 5, 9, 0, 12, 12, 9]
[2, 5, 5, 5, 0, 5, 11, 9, 11, 11, 6, 11, 14, 12, 16, 11]
[3, 3, 0, 6, 6, 3, 9, 9, 6, 3, 13, 13, 3, 13, 13, 15, 13, 19, 17, 19, 20, 20, 22, 25, 23]
[4, 4, 4, 0, 6, 4, 12, 12, 12, 12, 12, 6, 16, 16, 16, 12, 20, 20, 20, 12]
[2, 0, 6, 6, 6, 2, 6, 6, 6, 11, 9, 15, 15, 15, 6, 15, 2, 19, 2, 22, 22, 19]
[3, 3, 4, 0, 4, 5, 8, 6, 8, 11, 9, 11, 12, 6, 17, 17, 14, 17, 21, 21, 18]
[4, 4, 4, 0, 4, 9, 9, 9, 5, 9, 12, 9, 12, 13, 14]
[2, 5, 5, 5, 0]
[2, 0, 4, 2, 4, 7, 5, 4, 8, 9, 10, 9, 16, 13, 13, 12, 19, 19, 9, 22, 22, 19, 22, 25, 23, 2]
[4, 4, 4, 5, 0, 5, 9, 9, 6, 5, 12, 5, 14, 12, 14, 17, 15, 12, 20, 18]
[2, 3, 0, 3, 3, 3, 8, 9, 3, 9, 13, 13, 10, 16, 16, 13]
[2, 0, 4, 2, 2, 2, 13, 9, 13, 13, 13, 13, 19, 13, 16, 14, 19, 19, 2, 21, 19, 19, 25, 25, 22]
[0, 1, 4, 2, 2, 8, 8, 5, 8, 11, 9]
[14, 5, 5, 5, 1, 7, 5, 9, 7, 12, 12, 14, 14, 0, 17, 17, 14, 17, 18]
[5, 5, 5, 5, 0, 7, 5, 7, 7, 11, 9]
[5, 5, 5, 5, 17, 5, 9, 9, 5, 9, 12, 10, 12, 13, 14, 17, 0, 17, 18, 19, 19, 18, 22, 25, 23]
[2, 0, 2, 3, 4, 7, 5, 5, 10, 8, 15, 15, 12, 12, 10, 15, 18, 15, 24, 24, 24, 24, 24, 18]
[6, 3, 1, 6, 6, 0, 6, 13, 13, 13, 13, 13, 6]
[2, 12, 2, 3, 4, 4, 2, 12, 10, 12, 12, 0, 14, 12, 14, 20, 16, 20, 20, 15]
[6, 4, 4, 6, 6, 13, 6, 11, 11, 11, 7, 13, 0, 17, 17, 17, 13, 20, 20, 13, 23, 23, 20, 23, 26, 24, 26, 29, 31, 31, 27, 31]
[2, 7, 7, 7, 7, 7, 0, 7, 12, 12, 12, 8, 12, 12, 14]
[3, 3, 0, 5, 3, 8, 8, 5, 8, 9, 10, 10, 10, 10, 10, 17, 10, 17, 18, 18]
[2, 3, 0, 3, 3, 8, 8, 5, 11, 11, 3, 13, 17, 13, 16, 13, 11, 20, 20, 3, 22, 20, 24, 22, 24, 24, 28, 24]
[2, 16, 2, 5, 2, 5, 8, 6, 10, 8, 16, 16, 15, 15, 16, 0, 19, 19, 16, 23, 23, 23, 19, 23, 24, 25, 25, 29, 27]
[2, 3, 0, 3, 3, 7, 9, 9, 3, 9, 9, 14, 14, 11]
[8, 1, 2, 5, 3, 8, 8, 0, 8, 9, 13, 13, 10, 13, 17, 17, 14, 17, 20, 18, 8]
[13, 3, 1, 3, 6, 4, 9, 9, 13, 13, 12, 13, 0]
[0, 1, 5, 5, 2, 5, 6, 6, 8, 14, 14, 14, 14, 1]
[0, 7, 7, 3, 6, 3, 1, 7, 8]
[2, 0, 6, 6, 6, 2]
[2, 5, 5, 5, 0, 9, 9, 9, 5, 12, 12, 9, 5, 16, 16, 5, 16, 19, 17, 19, 22, 33, 22, 25, 23, 25, 28, 25, 28, 31, 29, 33, 19, 33]
[6, 6, 6, 5, 6, 15, 6, 6, 6, 6, 12, 15, 15, 15, 0, 15, 18, 16, 22, 22, 22, 16, 24, 25, 15, 27, 25]
[3, 3, 5, 5, 0, 5]
[6, 6, 6, 3, 6, 0, 6, 10, 10, 7, 6, 13, 17, 13, 17, 17, 6]
[2, 11, 8, 8, 8, 8, 8, 2, 11, 11, 0, 11, 12, 13, 16, 14, 13, 19, 17]
[3, 3, 0, 5, 3, 5, 10, 10, 10, 6, 3, 3, 14, 12, 3]
[2, 3, 0, 3, 6, 4, 6, 6, 6, 6, 12, 10]
[8, 4, 4, 8, 8, 8, 8, 17, 8, 12, 12, 9, 17, 13, 16, 14, 0, 17, 17, 19]
[13, 4, 4, 1, 4, 7, 4, 7, 11, 11, 8, 13, 0, 13, 18, 17, 18, 14, 23, 21, 23, 23, 18, 23, 28, 28, 28, 24, 23, 32, 32, 29]
[2, 9, 9, 9, 9, 9, 9, 9, 0, 9, 14, 14, 14, 10]
[3, 3, 5, 5, 0, 5, 9, 9, 6, 9, 12, 10, 5, 15, 13, 15, 19, 19, 16, 15, 22, 20, 15, 23, 26, 24]
[3, 3, 0, 3, 3, 9, 9, 9, 5, 9, 9, 11, 14, 12, 14, 15, 18, 16, 18]
[7, 3, 7, 7, 7, 7, 10, 10, 10, 0, 12, 10, 10, 16, 16, 10, 18, 16]
[3, 3, 6, 3, 4, 0, 6, 7, 8, 11, 9, 11, 15, 15, 12]
[2, 0, 13, 12, 12, 12, 12, 9, 12, 12, 12, 13, 2, 20, 20, 20, 20, 20, 20, 21, 13, 21, 21, 25, 23, 25, 28, 26, 21, 29, 30, 34, 34, 31]
[0, 3, 1, 6, 6, 3, 11, 10, 10, 11, 3, 11, 12, 17, 17, 15, 13]
[0, 1, 1, 6, 6, 3, 3, 3, 3, 9]
[2, 4, 4, 8, 4, 7, 5, 0, 10, 8, 10]
[5, 1, 1, 5, 0, 5, 8, 5, 8, 9, 10, 14, 14, 11]
[8, 8, 8, 8, 7, 7, 8, 0, 10, 8, 14, 13, 14, 10, 16, 26, 16, 16, 26, 26, 26, 26, 24, 26, 26, 14, 26, 29, 27, 8, 33, 33, 8, 40, 40, 40, 40, 39, 40, 33]
[6, 6, 6, 6, 6, 0]
[2, 0, 2, 7, 7, 7, 3, 2, 12, 12, 12, 2, 17, 17, 17, 17, 12, 19, 17, 19, 22, 19]
[3, 3, 0, 3, 6, 4, 3, 9, 3, 12, 12, 9, 16, 15, 16, 12, 16, 20, 20, 17, 16, 21, 22, 22]
[0, 1, 4, 1, 4, 5, 4, 10, 8, 4, 10, 13, 10, 13, 14]
[2, 0, 7, 7, 7, 7, 2, 7, 8, 11, 9]
[4, 4, 4, 0, 4, 5, 8, 6, 8, 12, 10, 9, 8, 13, 14]
[5, 1, 1, 5, 0, 5, 9, 9, 6, 11, 9, 11, 14, 12, 5, 17, 5, 21, 21, 19, 17, 24, 24, 21, 24, 27, 25, 29, 21, 31, 29]
[7, 7, 7, 7, 7, 7, 0]
[0, 1, 4, 1]
[4, 4, 4, 0]
[2, 6, 2, 2, 6, 7, 0, 9, 7, 7, 10, 16, 16, 15, 16, 11, 16, 19, 21, 19, 17, 11, 24, 22, 24, 29, 29, 29, 24, 29, 32, 30]
[0, 3, 1, 3, 3, 3]
[2, 0, 4, 2, 2, 7, 5, 2, 2, 9, 17, 17, 17, 17, 17, 17, 9]
[2, 0, 4, 2, 4, 4, 8, 10, 10, 6, 12, 10, 6, 6, 16, 14, 18, 16, 18, 22, 22, 19, 26, 25, 26, 16, 26, 26, 31, 31, 28, 31, 34, 32]
[2, 0, 4, 2]
[2, 12, 2, 2, 7, 7, 2, 2, 12, 12, 12, 0, 12, 15, 13, 15, 16]
[2, 4, 4, 0]
[3, 3, 0, 3, 4, 5, 9, 9, 6, 11, 9, 13, 3, 13]
[4, 4, 4, 0, 4, 5, 4]
[5, 5, 5, 5, 0, 9, 9, 9, 5, 9, 9, 13, 9]
[2, 0, 9, 9, 9, 5, 5, 9, 2, 11, 9, 14, 14, 11]
[7, 7, 7, 7, 7, 7, 12, 7, 10, 8, 12, 0, 12, 17, 16, 17, 13, 17, 20, 18]
[6, 5, 5, 5, 6, 20, 9, 9, 6, 9, 9, 11, 9, 15, 13, 15, 18, 16, 20, 0, 22, 20, 22, 23, 24, 24, 24, 24]
[8, 3, 1, 5, 8, 8, 8, 0]
[4, 3, 4, 11, 8, 8, 8, 4, 11, 11, 0, 14, 14, 11, 14, 14, 18, 16, 18, 18, 18, 21, 22, 27, 27, 27, 23, 27, 30, 28]
[7, 1, 1, 7, 7, 7, 0, 10, 10, 7, 18, 11, 11, 18, 18, 18, 18, 10, 10, 22, 22, 19]
[0, 1, 4, 2, 4, 7, 4, 7, 10, 8, 12, 1, 20, 15, 20, 20, 20, 19, 20, 12, 20, 23, 21]
[2, 3, 4, 15, 4, 4, 6, 9, 7, 9, 12, 10, 15, 15, 0, 15, 15]
[5, 3, 5, 5, 23, 5, 9, 9, 6, 23, 16, 16, 16, 13, 13, 23, 18, 16, 18, 19, 19, 23, 0]
[2, 5, 5, 5, 0, 7, 5]
[2, 6, 2, 2, 4, 0, 9, 9, 6, 6, 13, 13, 10, 13, 16, 17, 14]
[4, 4, 4, 12, 4, 7, 5, 4, 8, 11, 12, 0, 14, 12, 12]
[4, 4, 4, 0, 4, 8, 6, 5, 8, 9]
[0, 1, 4, 2, 4, 7, 4, 9, 7, 9, 9, 11, 9]
[4, 4, 4, 6, 6, 0, 6, 9, 6, 12, 12, 9, 12, 12, 17, 17, 6, 17, 20, 17, 20, 23, 20, 23, 26, 23, 26, 27]
[5, 5, 5, 5, 0, 5, 6, 5, 12, 12, 12, 8, 12, 13, 17, 17, 14, 19, 17, 19, 20]
[2, 6, 2, 5, 2, 0, 9, 9, 6, 9, 13, 13, 9, 6, 16, 14, 16, 20, 20, 17]
[3, 3, 0, 3, 7, 7, 4, 11, 11, 11, 7, 11, 16, 16, 16, 12]
[3, 3, 0, 3, 8, 8, 8, 4, 14, 11, 14, 14, 14, 8]
[2, 4, 4, 0, 4, 8, 8, 5, 10, 8, 10, 13, 4, 20, 20, 20, 20, 20, 20, 4]
[6, 3, 6, 6, 6, 0]
[3, 3, 0, 3, 4, 9, 9, 9, 5]
[4, 4, 4, 0]
[0, 1, 5, 5, 2, 5, 9, 9, 6, 9, 12, 10, 1, 13, 18, 18, 18, 14, 13, 13, 20, 23, 21]
[2, 0, 4, 2]
[2, 0, 6, 6, 6, 2, 6, 9, 7, 9, 10, 11, 18, 15, 18, 17, 18, 12, 20, 18, 20, 24, 24, 21, 24, 24, 26, 27]
[0, 4, 4, 5, 1, 7, 8, 5, 12, 11, 12, 8, 12, 15, 12, 12, 18, 16, 18, 18, 18, 24, 24, 21, 18, 28, 28, 18, 28, 28, 33, 33, 28]
[2, 0, 10, 10, 10, 10, 10, 10, 10, 2, 10, 13, 11, 13, 14]
[10, 1, 7, 7, 7, 7, 2, 10, 10, 0, 10, 11, 18, 16, 16, 18, 18, 12, 20, 18, 23, 23, 20, 20, 26, 24]
[2, 4, 4, 0, 4, 7, 5]
[0]
[2, 3, 0, 5, 3, 7, 3, 7, 10, 8, 12, 10, 14, 12, 24, 24, 24, 19, 24, 19, 19, 23, 19, 3, 24, 24, 28, 26, 28]
[2, 0, 2, 5, 3, 2, 8, 18, 18, 12, 12, 18, 14, 18, 14, 14, 18, 2, 18, 25, 22, 25, 25, 25, 19, 25, 26, 30, 30, 27]
[7, 1, 2, 6, 6, 7, 0, 9, 7, 11, 14, 14, 14, 9]
[3, 3, 6, 6, 6, 0, 6, 9, 7, 6, 15, 15, 15, 15, 6, 18, 18, 15, 20, 18, 20, 23, 21, 18, 28, 27, 28, 29, 18, 31, 29, 34, 34, 29, 34, 37, 35]
[6, 3, 6, 6, 6, 20, 6, 6, 11, 11, 8, 11, 14, 12, 6, 17, 6, 20, 20, 0, 20, 27, 27, 23, 26, 23, 21, 27, 30, 28]
[3, 3, 0, 5, 3, 5, 5, 5, 8, 13, 13, 13, 5]
[2, 3, 0, 3, 3, 5, 6, 6, 11, 11, 6, 11, 12, 13, 18, 18, 18, 13, 21, 21, 13, 23, 21, 23, 23, 29, 29, 29, 25, 11, 34, 34, 34, 11, 38, 38, 38, 34]
[3, 3, 0, 3, 6, 4, 6, 9, 10, 7, 3]
[2, 9, 2, 6, 6, 2, 8, 6, 0, 9, 12, 10]
[0, 1, 2, 5, 3, 2, 6]
[2, 4, 4, 11, 4, 5, 8, 6, 11, 11, 0, 13, 11, 13, 13, 13, 16, 19, 17]
[2, 0, 4, 2, 2, 2, 8, 10, 10, 6]
[0, 3, 1, 1, 4, 1, 9, 9, 6, 1, 13, 13, 10, 1, 17, 17, 1, 17, 20, 18, 20, 24, 24, 21, 26, 24]
[2, 5, 5, 5, 0, 5, 5, 5, 10, 8, 5, 14, 14, 11, 5]
[2, 0, 2, 5, 3, 2, 8, 2, 10, 8, 15, 15, 15, 15, 10, 15, 18, 15, 15, 24, 20, 20, 24, 19]
[2, 0, 6, 5, 6, 2, 6, 10, 10, 7, 6, 15, 15, 15, 11, 15, 15, 19, 15]
[3, 3, 5, 5, 0, 9, 9, 9, 5]
[4, 4, 4, 14, 4, 5, 8, 6, 8, 11, 8, 14, 14, 0, 14, 15]
[6, 4, 4, 6, 6, 17, 8, 6, 11, 11, 17, 11, 17, 17, 17, 17, 0]
[3, 3, 0, 3, 4, 3, 8, 6, 8, 12, 12, 9, 12, 15, 13]
[3, 3, 0, 3, 6, 4, 8, 3, 3, 12, 12, 9, 12, 13]
[2, 4, 4, 0, 4, 4, 8, 4, 14, 13, 13, 13, 14, 4, 14, 14, 16]
[6, 3, 1, 6, 6, 0, 17, 9, 17, 9, 12, 10, 9, 15, 13, 17, 6, 21, 21, 21, 17, 21, 22, 22, 26, 22, 21, 29, 27]
[10, 10, 4, 10, 4, 5, 6, 6, 10, 13, 13, 13, 0, 13, 16, 14, 18, 16, 20, 18, 23, 23, 20, 23, 28, 28, 28, 24]
[3, 3, 0]
[4, 4, 4, 13, 4, 11, 11, 11, 11, 11, 4, 13, 0, 16, 16, 13, 13, 20, 20, 17]
[3, 3, 8, 3, 6, 4, 8, 0, 8, 11, 9, 14, 14, 8, 14, 14, 20, 20, 20, 16, 20, 21, 22, 23, 24, 27, 24]
[5, 5, 5, 5, 0, 8, 8, 5, 8, 11, 9, 8, 8, 17, 16, 17, 13, 17, 8, 22, 22, 23, 8, 23, 23, 23, 23, 27, 27, 23, 23, 31, 5, 5, 36, 34, 38, 40, 40, 36]
[3, 3, 0, 13, 13, 5, 6, 9, 7, 9, 5, 11, 3, 13, 14, 14, 21, 21, 18, 18, 16, 21, 22, 25, 14]
[0, 1, 4, 2, 1, 1, 6, 10, 10, 7, 10, 10, 10, 16, 16, 13, 22, 22, 22, 21, 22, 10, 22, 25, 22, 27, 25]
[4, 4, 4, 14, 4, 8, 8, 5, 8, 9, 14, 14, 14, 0]
[2, 6, 6, 6, 6, 0, 6, 7]
[2, 0, 2, 6, 6, 2, 8, 2, 11, 11, 8, 13, 11]
[2, 0, 5, 5, 2, 5, 8, 5]
[2, 0, 4, 2, 6, 7, 4, 9, 2, 13, 13, 13, 9]
[2, 0, 4, 7, 7, 7, 2, 7, 7, 7, 12, 10, 12, 12]
[2, 0, 2, 3, 3, 5, 16, 10, 10, 16, 12, 16, 16, 16, 16, 6]
[0, 3, 6, 6, 6, 1, 6, 11, 10, 11, 7, 1, 14, 1, 16, 14, 16, 17, 18]
[2, 11, 2, 5, 7, 7, 3, 11, 11, 11, 0, 11, 11, 13]
[4, 4, 4, 0]
[2, 0, 2, 2, 2]
[2, 10, 5, 5, 6, 2, 6, 7, 8, 0, 12, 22, 12, 12, 12, 17, 15, 17, 18, 19, 19, 10, 22]
[4, 4, 4, 16, 7, 7, 4, 10, 10, 7, 12, 10, 12, 12, 16, 0, 18, 16, 21, 21, 16, 16]
[0, 3, 1, 5, 3, 5, 5, 9, 7, 12, 12, 3, 14, 12, 16, 14, 14, 17, 20, 18, 22, 14, 24, 22, 26, 24]
[2, 5, 2, 3, 0, 5, 9, 9, 6, 17, 17, 17, 12, 12, 17, 17, 5, 17, 21, 21, 18, 21, 24, 22, 24]
[2, 0, 2, 2, 7, 7, 2]
[5, 5, 4, 5, 0, 5, 5, 14, 8, 14, 14, 14, 14, 5, 14, 15]
[3, 3, 0, 6, 6, 3, 6, 7, 7, 7, 16, 16, 16, 16, 16, 3, 16, 16, 18, 21, 19, 21, 25, 25, 22]
[0, 4, 4, 1, 1, 8, 8, 5, 8, 8, 10, 11, 14, 1, 14, 18, 18, 15, 18, 21, 19, 21, 22]
[3, 3, 0, 3, 4, 7, 5, 7, 11, 11, 8, 7, 14, 7, 14]
[2, 4, 4, 0, 6, 7, 4, 7, 13, 13, 13, 13, 8, 15, 13, 7, 7, 17, 22, 22, 22, 18, 22, 25, 23]
[2, 5, 2, 5, 0, 8, 8, 10, 10, 5, 5, 26, 14, 12, 14, 15, 18, 16, 18, 21, 19, 24, 24, 26, 26, 5, 26, 29, 26]
[2, 0, 4, 2, 2]
[0, 4, 4, 1, 4, 5, 10, 10, 10, 1, 10, 13, 11, 13, 16, 14, 16, 19, 17]
[3, 3, 0, 5, 3, 5, 9, 9, 6, 9, 12, 10]
[4, 4, 4, 0]
[2, 0, 2, 3, 4, 7, 4, 9, 2, 11, 9, 11, 14, 12, 16, 9]
[2, 0, 4, 2, 4, 4, 6, 9, 7, 4, 14, 14, 14, 10, 14, 14, 16, 19, 17]
[2, 3, 0, 3, 4, 5, 6, 7, 10, 8, 10, 13, 11, 17, 14, 17, 5]
[3, 3, 0, 3, 10, 10, 6, 6, 10, 4, 10, 13, 11, 15, 13, 15, 19, 19, 16]
[2, 13, 2, 7, 4, 4, 3, 13, 13, 13, 13, 13, 0, 13, 14, 15, 18, 19, 16]
[17, 3, 17, 9, 9, 9, 9, 9, 3, 9, 12, 10, 17, 17, 17, 17, 0, 19, 17, 21, 19, 23, 21, 25, 23, 25, 25]
[2, 0, 4, 6, 6, 2]
[9, 6, 6, 6, 6, 9, 9, 9, 0, 9, 13, 13, 14, 9, 9]
[5, 5, 5, 5, 0, 5, 8, 5, 12, 12, 12, 8, 12]
[0, 1, 5, 5, 2, 1, 6, 14, 10, 14, 14, 11, 11, 7, 14, 18, 18, 15]
[10, 10, 6, 5, 6, 2, 6, 9, 7, 0, 10, 14, 14, 11, 14, 15, 16, 16]
[4, 4, 4, 0, 7, 7, 4, 7, 7, 9, 17, 17, 17, 15, 17, 17, 10, 17, 18]
[3, 3, 0, 3, 3, 7, 5, 5, 5, 12, 12, 9, 12]
[2, 0, 2, 5, 3, 2, 9, 9, 2, 12, 12, 9, 14, 12]
[7, 7, 2, 5, 2, 7, 0, 9, 7, 9, 9, 11, 14, 12]
[3, 3, 0, 7, 7, 7, 3, 9, 7, 9, 9, 13, 9, 9, 14, 14, 14, 19, 17]
[11, 11, 2, 7, 7, 7, 3, 11, 11, 11, 16, 13, 16, 16, 16, 0, 16]
[2, 4, 4, 0, 4, 7, 5, 10, 10, 4, 4, 13, 4, 4, 19, 17, 19, 19, 14, 19, 19]
[5, 5, 4, 5, 0, 5, 8, 5, 10, 8, 12, 10, 14, 12, 10, 17, 10, 17]
[7, 7, 7, 7, 7, 7, 0, 7, 10, 8]
[2, 0, 6, 6, 6, 2, 8, 6, 15, 15, 15, 15, 15, 15, 8, 8, 8, 17, 17, 23, 22, 23, 19, 23, 26, 23]
[0, 1, 4, 1, 6, 4, 4, 10, 10, 7, 10, 14, 14, 10, 14, 15, 18, 16, 18, 19]
[3, 3, 0, 9, 6, 9, 9, 9, 3, 9, 12, 10, 16, 15, 16, 3, 18, 19, 16, 19, 20, 23, 21, 25, 26, 23]
[0, 1, 2, 5, 1, 11, 9, 9, 11, 11, 5]
[6, 6, 6, 3, 3, 0, 9, 9, 6, 11, 9, 14, 14, 11]
[3, 3, 0, 5, 3, 7, 5, 10, 10, 5, 12, 10, 12, 12, 14, 17, 15, 22, 22, 22, 22, 17, 22, 26, 26, 22, 28, 22, 28, 28, 32, 30]
[6, 6, 6, 6, 6, 0]
[0, 1, 6, 6, 6, 2]
[2, 3, 0, 3, 3, 7, 3, 3, 13, 13, 13, 13, 8, 13, 13, 17, 3, 17, 18, 19]
[4, 4, 4, 0]
[2, 18, 2, 2, 4, 7, 5, 9, 2, 9, 2, 11, 15, 15, 11, 17, 11, 0, 21, 21, 18, 21, 22, 23, 24, 18, 18, 27, 28, 31, 29, 28, 34, 32, 34, 38, 38, 35]
[2, 5, 5, 5, 0, 5, 8, 5, 10, 5, 10, 15, 15, 15, 11, 10, 16, 17, 21, 21, 17, 21, 21, 23, 17, 29, 28, 29, 17]
[11, 3, 1, 6, 6, 1, 8, 11, 11, 11, 0]
[2, 4, 4, 0, 7, 7, 9, 9, 4, 4, 13, 13, 15, 15, 4, 15, 15]
[3, 3, 5, 5, 9, 7, 9, 7, 0, 9, 10, 14, 14, 10, 9, 18, 18, 15, 18, 21, 19, 24, 24, 21, 24, 27, 25, 30, 30, 24]
[0, 6, 6, 6, 6, 1, 6, 9, 6, 13, 13, 13, 1]
[4, 3, 4, 5, 0, 5, 6, 7, 8, 9, 10]
[2, 10, 4, 2, 4, 8, 8, 10, 10, 0, 10]
[0, 4, 4, 1, 4, 8, 8, 5, 1, 13, 12, 13, 9, 13, 18, 18, 18, 14, 21, 21, 1, 21, 22]
[5, 1, 5, 5, 0, 7, 5, 9, 7, 7, 12, 7, 12, 16, 16, 12]
[3, 3, 14, 3, 6, 4, 6, 11, 11, 11, 7, 14, 14, 0, 14, 15]
[4, 3, 4, 9, 6, 4, 9, 9, 0, 11, 9, 13, 15, 15, 11, 15, 16, 16]
[7, 3, 1, 5, 7, 7, 0, 7, 8, 7, 12, 10, 14, 12, 14, 17, 15, 22, 18, 22, 22, 10, 22]
[3, 3, 0, 6, 6, 3, 8, 6, 10, 8, 10, 10, 10, 13, 16, 13]
[8, 3, 8, 3, 3, 8, 8, 24, 12, 11, 12, 8, 12, 12, 16, 14, 19, 19, 24, 19, 22, 20, 22, 0, 24, 25, 24, 27]
[18, 5, 5, 5, 1, 18, 6, 9, 7, 9, 12, 10, 12, 13, 16, 18, 18, 0, 18, 18, 24, 24, 24, 20, 24, 27, 25, 27, 28]
[3, 3, 5, 5, 0, 8, 8, 5, 8, 9, 5, 5, 12, 12, 20, 20, 16, 17, 20, 12, 5, 23, 5, 27, 27, 27, 23, 23, 30, 28]
[2, 19, 2, 5, 2, 2, 8, 2, 8, 9, 14, 14, 14, 16, 16, 19, 19, 19, 0, 19, 24, 24, 24, 20, 19, 25, 33, 33, 33, 31, 33, 31, 26, 33, 33, 37, 35, 40, 40, 37]
[7, 7, 7, 6, 6, 7, 0, 7, 10, 8, 7, 13, 11, 13, 13, 13, 16]
[2, 0, 4, 2, 6, 4, 8, 6, 12, 11, 12, 13, 8, 13]
[5, 3, 5, 5, 0, 9, 9, 9, 5, 9, 13, 13, 9]
[4, 4, 4, 0, 6, 4, 6, 6, 6, 12, 12, 9, 12, 16, 16, 13]
[3, 3, 11, 3, 9, 9, 9, 9, 4, 11, 0, 14, 14, 11, 11, 20, 20, 17, 17, 15]
[2, 0, 2, 2]
[8, 1, 6, 6, 6, 2, 8, 0, 10, 8, 10, 11, 17, 17, 17, 17, 12, 17, 20, 18, 17, 23, 17, 25, 23]
[2, 0, 2, 5, 2, 10, 10, 10, 10, 2, 10, 14, 14, 11, 14, 15, 16, 21, 21, 21, 16, 21, 22]
[2, 0, 8, 8, 8, 8, 8, 2, 8, 11, 9]
[2, 4, 4, 0, 4, 7, 5, 7, 11, 11, 8, 11, 15, 15, 11, 15, 19, 19, 16]
[2, 0, 2, 3, 4, 4, 8, 6, 2, 9, 12, 10, 9, 15, 13, 15, 19, 19, 16]
[3, 3, 0, 3, 3, 7, 8, 3]
[2, 4, 2, 0, 4, 9, 9, 9, 5, 9, 12, 10]
[2, 0, 4, 2, 6, 4, 8, 6, 12, 12, 12, 8, 8, 17, 16, 14, 8, 17, 17, 19, 20, 21, 21]
[2, 4, 4, 0, 6, 4, 6, 6, 10, 11, 8, 11, 11, 15, 11, 15, 16, 17, 18, 18, 22, 20, 22, 23]
[0, 1, 2, 6, 6, 7, 3, 7, 10, 8, 10, 13, 10, 1, 16, 1, 16, 19, 17, 19, 24, 24, 24, 19, 27, 27, 19]
[6, 6, 2, 2, 2, 0, 6, 7, 8, 7, 14, 14, 14, 7, 16, 14, 16, 16]
[3, 3, 0, 7, 7, 7, 3, 7, 8]
[0, 4, 4, 7, 7, 7, 1]
[4, 3, 1, 0, 4, 4, 6, 10, 10, 7]
[3, 3, 0, 3, 6, 4, 6, 9, 7, 3, 12, 3, 12, 13, 17, 17, 14, 19, 14, 22, 22, 19, 19, 23, 19, 27, 25, 27, 28, 29, 19]
[4, 4, 4, 0, 7, 7, 4]
[4, 3, 4, 0, 4, 5]
[0, 3, 1, 3, 6, 4, 8, 6, 6, 1, 10, 13, 11, 13, 14, 15, 13, 19, 17]
[2, 0, 2, 2, 4, 5, 8, 6, 8, 11, 8]
[4, 4, 4, 0, 6, 4, 6, 12, 12, 12, 12, 7]
[4, 4, 4, 11, 9, 9, 9, 9, 11, 11, 0, 11, 12]
[2, 5, 2, 3, 0, 8, 8, 5, 8, 9, 17, 17, 12, 12, 17, 17, 5, 19, 17, 19]
[4, 4, 4, 5, 0, 8, 8, 5, 12, 11, 12, 5, 12, 16, 16, 13, 16, 17, 22, 21, 22, 18, 22, 23]
[2, 4, 4, 0, 4, 4, 9, 9, 4, 9, 13, 13, 9, 13, 13]
[6, 6, 2, 6, 6, 0, 8, 6, 8, 11, 9]
[0, 3, 1, 3, 6, 4, 1]
[5, 5, 5, 5, 13, 5, 10, 9, 10, 6, 5, 13, 0, 15, 13, 18, 18, 15, 20, 18, 20, 20]
[3, 3, 0, 5, 3, 5, 8, 6, 6, 11, 9, 16, 16, 15, 16, 3, 16, 19, 17]
[2, 6, 6, 6, 6, 0, 9, 9, 6]
[2, 4, 4, 0, 6, 4, 10, 10, 10, 6, 10, 14, 14, 11, 14, 15, 19, 19, 15, 15, 20]
[7, 7, 7, 3, 3, 3, 0, 11, 11, 11, 7]
[3, 3, 5, 5, 0, 5, 6, 5, 10, 11, 5, 15, 15, 15, 19, 19, 18, 19, 11]
[3, 3, 0, 8, 8, 8, 8, 3, 11, 11, 8, 15, 15, 15, 11, 15, 15, 20, 20, 17, 20, 23, 21]
[0, 4, 4, 1, 6, 4, 6, 11, 10, 11, 7, 11, 16, 16, 16, 12, 11, 20, 20, 11, 20, 20, 22]
[12, 7, 7, 5, 7, 7, 12, 7, 12, 12, 12, 0]
[8, 8, 8, 8, 8, 7, 5, 0, 10, 11, 8, 15, 15, 15, 11, 22, 21, 21, 21, 21, 22, 11, 24, 22, 24, 24, 26, 26, 26, 29, 33, 33, 26, 35, 36, 33, 36, 37]
[0, 3, 1, 3, 7, 7, 4, 7, 8, 9, 13, 13, 9, 15, 1, 18, 18, 15, 18, 18, 22, 23, 25, 25, 18]
[7, 4, 4, 7, 6, 7, 0, 9, 7, 9, 10, 11, 11, 15, 13, 15, 18, 16, 18, 19]
[3, 3, 0, 3, 4, 7, 5, 9, 7, 3, 12, 3, 12, 15, 13, 15]
[3, 3, 4, 0, 7, 7, 4, 7, 8]
[2, 3, 0, 7, 7, 7, 3, 3, 10, 17, 10, 13, 11, 13, 13, 17, 3]
[2, 5, 5, 5, 0, 5, 6]
[2, 4, 4, 0, 4, 7, 5, 7, 10, 8]
[2, 7, 2, 5, 3, 5, 0, 7, 10, 7, 10]
[10, 1, 4, 2, 4, 7, 5, 9, 10, 0, 10, 10]
[3, 3, 0, 5, 3, 7, 5, 5, 10, 8, 5, 5, 12, 13]
[3, 3, 0, 3, 4, 5, 6, 7, 12, 12, 12, 3, 12, 12, 16, 14, 18, 16, 18, 21, 18, 23, 25, 25, 21]
[2, 0]
[2, 0, 2, 7, 7, 5, 3, 2, 11, 11, 2, 11, 16, 16, 16, 12]
[2, 0, 2, 5, 3, 5, 9, 9, 5, 12, 12, 9, 12, 13, 16, 14, 16, 17, 20, 18]
[2, 0, 5, 5, 2, 5, 9, 7, 5]
[3, 3, 0, 3, 4, 5, 9, 9, 6, 11, 9, 11, 14, 12, 11, 18, 18, 15]
[9, 5, 5, 5, 1, 7, 9, 9, 0, 9, 12, 10]
[3, 3, 0, 6, 6, 9, 9, 9, 3, 3, 24, 11, 12, 18, 14, 18, 18, 13, 18, 21, 19, 23, 24, 3, 24, 25, 26, 29, 27]
[2, 0, 4, 2, 2, 5, 2, 9, 7]
[18, 7, 7, 7, 7, 7, 1, 11, 11, 11, 7, 1, 12, 16, 16, 13, 18, 0, 18, 18, 18, 18, 22, 22]
[3, 3, 14, 3, 8, 7, 8, 4, 8, 11, 9, 13, 14, 0, 16, 14, 14, 14, 18]
[9, 4, 4, 9, 4, 7, 8, 4, 18, 14, 14, 14, 14, 9, 16, 18, 18, 0, 18, 22, 22, 19, 22, 25, 23, 18, 18, 27, 28, 33, 33, 33, 29, 35, 33]
[17, 4, 4, 1, 4, 4, 4, 9, 7, 9, 10, 11, 10, 13, 17, 17, 0, 19, 22, 22, 22, 17]
[5, 3, 5, 5, 7, 7, 0, 7, 7]
[5, 5, 5, 5, 0, 7, 5, 9, 5]
[4, 4, 4, 8, 8, 8, 8, 0]
[2, 0, 4, 2, 6, 4, 12, 12, 8, 9, 12, 6, 6, 6, 17, 17, 14, 17, 20, 18, 20, 23, 21, 20, 6, 27, 6, 29, 27, 27, 32, 30]
[0, 4, 4, 1, 4, 5, 6, 9, 11, 11, 6, 4, 15, 15, 4, 15, 15, 19, 17]
[2, 0, 4, 2, 2, 8, 8, 2, 12, 12, 12, 8, 8, 18, 16, 18, 18, 8, 18]
[0, 3, 1, 1, 1, 5, 6, 7, 10, 8]
[7, 4, 4, 7, 4, 7, 0, 9, 7, 11, 9, 14, 14, 9]
[2, 0, 2, 3, 2, 2, 6, 9, 7, 9, 10]
[11, 1, 2, 3, 8, 8, 8, 3, 11, 11, 0, 14, 14, 11, 14, 15]
[2, 21, 2, 5, 3, 7, 2, 9, 7, 9, 9, 14, 12, 21, 14, 19, 19, 19, 15, 21, 0, 21]
[0, 1, 4, 2, 4, 5, 9, 9, 6, 2, 13, 13, 10]
[6, 6, 6, 5, 6, 0, 8, 6, 8, 11, 9, 6, 6, 13, 16, 14, 16, 16, 18, 19]
[0]
[3, 3, 0, 5, 3, 7, 5, 7, 8, 8]
[4, 4, 4, 7, 7, 7, 0, 10, 10, 7, 10, 15, 14, 15, 10, 17, 15, 15, 15, 19, 20, 21]
[3, 3, 0, 3, 6, 7, 3, 7, 3, 14, 14, 14, 14, 9, 14, 15, 19, 19, 16]
[4, 4, 4, 14, 8, 8, 8, 4, 14, 14, 14, 14, 14, 0, 16, 14, 16, 16, 16]
[12, 7, 2, 2, 7, 7, 12, 7, 10, 7, 12, 15, 12, 15, 21, 17, 15, 17, 17, 21, 0, 25, 25, 25, 21, 27, 21, 34, 30, 34, 30, 34, 34, 27, 21]
[2, 0, 2, 2, 6, 8, 8, 2]
[2, 0, 2, 3, 3, 3, 6, 7, 6, 6, 10, 11, 14, 6, 14, 14, 18, 16, 21, 21, 14, 23, 21, 23, 2]
[2, 0, 2, 3, 6, 4, 8, 6]
[2, 0, 5, 5, 2, 8, 8, 5, 8, 12, 12, 8, 5, 13]
[2, 0, 13, 13, 7, 7, 4, 7, 12, 12, 12, 7, 2, 16, 16, 13, 16, 16, 18]
[0, 1, 10, 10, 6, 10, 6, 6, 10, 2, 12, 10]
[5, 5, 2, 2, 0]
[2, 6, 2, 5, 2, 0, 6, 10, 10, 7, 10, 10]
[5, 5, 5, 5, 12, 12, 6, 7, 11, 11, 8, 0, 12, 13, 16, 14, 16, 16, 16, 23, 23, 23, 19, 23, 24]
[0, 3, 1, 3, 8, 8, 8, 4, 1, 12, 12, 9, 12]
[2, 0, 2, 3]
[4, 3, 4, 0, 4, 7, 5, 9, 4, 9, 13, 13, 10, 13, 17, 17, 14]
[17, 1, 5, 5, 2, 5, 6, 5, 10, 8, 12, 17, 17, 17, 17, 17, 0]
[7, 7, 7, 7, 7, 7, 0, 7, 8, 7, 17, 17, 17, 17, 17, 17, 7, 17, 21, 21, 18, 21, 22, 23, 24, 28, 28, 21, 28, 31, 28]
[3, 3, 5, 5, 0, 5, 8, 6]
[4, 4, 4, 0, 7, 7, 4, 7]
[13, 1, 1, 1, 8, 8, 8, 4, 8, 12, 12, 8, 0, 13, 17, 17, 14]
[2, 0, 4, 2, 6, 4, 6, 7, 11, 11, 7, 7, 7, 13, 13, 17, 15, 7]
[3, 3, 0, 7, 4, 7, 3, 9, 7]
[7, 4, 4, 7, 7, 7, 0]
[3, 3, 0, 3, 3, 5, 5, 5, 10, 8, 10, 13, 11, 13, 14, 13, 18, 16]
[0, 3, 1, 3, 4, 8, 8, 5, 8, 11, 9]
[0, 1, 4, 2, 4, 8, 8, 5, 12, 12, 12, 4, 12, 13]
[4, 4, 4, 8, 4, 8, 8, 0, 8, 11, 8, 11, 11, 17, 17, 17, 11]
[0]
[4, 4, 4, 0, 4, 4, 9, 9, 6, 9, 12, 10, 12, 12]
[0, 1, 1, 3]
[3, 3, 0, 3, 3, 8, 8, 5, 3, 3, 12, 10, 15, 15, 12, 18, 18, 15, 18, 22, 22, 19]
[4, 4, 4, 0, 4, 7, 5]
[2, 4, 4, 0, 4, 8, 8, 5, 8, 14, 12, 14, 14, 9]
[0, 3, 1, 5, 3, 7, 5, 3, 10, 8, 16, 13, 16, 16, 16, 10, 18, 16]
[4, 4, 4, 5, 0, 7, 5, 7, 10, 8]
[2, 4, 4, 0, 8, 8, 8, 4, 8, 12, 12, 9]
[3, 3, 4, 0, 8, 8, 8, 4]
[3, 3, 0, 6, 6, 3, 6, 7, 8, 13, 12, 13, 9, 3, 16, 3, 23, 19, 23, 23, 23, 23, 16, 25, 23, 27, 25, 34, 31, 31, 34, 34, 34, 27, 38, 37, 38, 34, 38, 38]
[2, 0, 4, 2, 4, 7, 8, 5, 2, 17, 17, 11, 16, 16, 16, 11, 25, 17, 20, 25, 20, 21, 25, 25, 2, 25, 29, 29, 26]
[3, 3, 8, 3, 7, 7, 4, 0, 12, 12, 12, 8, 12, 13, 14]
[0, 1, 6, 6, 6, 2, 6, 6, 10, 6, 13, 13, 10, 13]
[7, 1, 2, 7, 7, 7, 0, 9, 7, 11, 9, 11, 14, 12, 7, 22, 22, 17, 20, 17, 22, 15, 22, 15, 15, 28, 28, 25, 31, 31, 28, 31, 35, 35, 32]
[7, 3, 1, 5, 7, 5, 0, 7, 11, 11, 7, 11, 11]
[2, 0, 5, 5, 2, 5, 8, 6, 8, 12, 12, 5, 12, 15, 13, 15, 15, 19, 15]
[3, 3, 12, 3, 6, 3, 12, 12, 12, 12, 12, 0, 12, 16, 16, 13, 20, 20, 20, 12, 20, 24, 24, 21, 24, 29, 29, 29, 24, 24]
[0, 4, 4, 1, 4, 8, 8, 5, 12, 12, 12, 4, 12, 12, 12, 15, 16, 17, 21, 21, 18]
[3, 3, 0, 3, 7, 7, 4, 7, 11, 11, 8, 11, 14, 11, 19, 15, 19, 17, 14, 19, 19, 21, 19, 23, 26, 24, 26]
[3, 3, 9, 3, 7, 7, 4, 9, 0, 9, 10, 11, 11, 17, 17, 17, 13, 19, 17, 19, 22, 19, 22, 25, 23, 27, 25, 27, 28, 27]
[2, 0, 2, 5, 3, 5, 6, 7, 2, 11, 14, 11, 11, 2, 19, 19, 19, 19, 14, 21, 23, 23, 19, 27, 27, 27, 23]
[3, 3, 0, 6, 6, 3, 6, 10, 10, 7, 10, 17, 17, 17, 17, 17, 10, 3, 21, 21, 3, 23, 21, 25, 23, 27, 25]
[8, 4, 4, 1, 6, 8, 8, 0, 8, 12, 12, 9, 8, 8, 14, 17, 15, 17, 18, 21, 19, 21, 21]
[3, 3, 9, 5, 3, 7, 5, 9, 0]
[3, 3, 4, 0, 6, 4, 6, 6, 6, 15, 12, 13, 15, 15, 9]
[3, 3, 6, 3, 4, 0, 6, 7, 10, 8, 10, 13, 11, 15, 13, 15, 18, 16, 11, 19, 10, 10, 25, 25, 22, 25]
[2, 14, 2, 6, 6, 3, 6, 10, 10, 6, 14, 14, 14, 0, 14, 14, 18, 16, 18, 21, 19, 18, 24, 18, 24, 27, 24]
[0, 3, 1, 3, 4]
[3, 3, 5, 5, 0, 8, 8, 5, 8, 11, 9, 11, 11, 15, 13, 18, 18, 11, 18, 19, 23, 23, 20, 25, 23, 25, 28, 26, 25, 29]
[3, 1, 0, 6, 6, 3, 8, 6, 8, 12, 12, 6, 12, 15, 13, 15, 16, 15, 21, 21, 18]
[6, 1, 4, 6, 6, 13, 6, 7, 11, 11, 8, 13, 0, 13, 16, 14, 16, 19, 20, 17, 24, 24, 24, 20, 24, 24, 26, 27, 28, 31, 29]
[17, 1, 2, 3, 4, 4, 8, 6, 8, 11, 9, 17, 12, 17, 17, 17, 0, 19, 17, 19, 19]
[2, 4, 4, 0, 4, 4, 4, 9, 23, 11, 9, 11, 14, 12, 14, 19, 19, 19, 15, 23, 23, 23, 4]
[3, 3, 13, 3, 4, 5, 8, 6, 8, 13, 13, 13, 0, 13, 14, 15]
[2, 0, 2, 2, 6, 7, 2, 9, 10, 7, 16, 13, 14, 16, 16, 10]
[2, 0, 2, 5, 3, 2, 8, 2, 8, 8, 10, 11, 12, 13, 16, 13]
[2, 0, 2, 8, 8, 8, 8, 2, 2, 2, 10]
[6, 3, 4, 1, 6, 0, 6, 7, 8, 9, 9]
[4, 3, 4, 0, 6, 4, 6, 6, 11, 11, 8, 6, 6, 15, 19, 15, 18, 16, 13, 19, 24, 23, 24, 20, 24]
[6, 3, 6, 6, 6, 0, 6, 10, 10, 7, 15, 13, 15, 15, 6, 15, 15, 19, 20, 15, 20, 23, 21, 20, 24, 27, 24]
[5, 5, 2, 5, 14, 5, 10, 7, 7, 5, 14, 14, 14, 0, 14, 14, 14, 17, 18, 17, 22, 20, 22, 22]
[4, 1, 1, 8, 8, 7, 8, 0, 10, 8, 10, 15, 15, 15, 11, 20, 20, 20, 20, 15]
[2, 0, 2, 5, 3, 5, 5, 7, 8, 8, 8, 14, 14, 11]
[3, 3, 0, 3, 3, 9, 9, 9, 5]
[2, 0, 4, 5, 6, 2, 2, 10, 10, 2, 10, 13, 11, 13]
[2, 3, 0, 6, 6, 3, 8, 10, 10, 3, 14, 14, 14, 10, 14, 20, 20, 20, 20, 15]
[3, 3, 14, 3, 6, 7, 4, 9, 14, 9, 9, 14, 14, 0, 14, 17, 14, 14, 14, 22, 22, 19]
[5, 5, 2, 2, 8, 8, 8, 0, 13, 11, 13, 13, 8, 13, 17, 17, 20, 17, 20, 14, 20, 20]
[2, 0, 5, 5, 2, 5, 8, 6, 8, 9]
[2, 5, 5, 5, 0, 8, 8, 5, 10, 8, 12, 10, 10, 18, 17, 17, 18, 8, 20, 18, 22, 20]
[4, 4, 4, 0, 6, 4, 4, 7, 8, 9, 12, 10]
[3, 3, 11, 11, 11, 5, 6, 9, 11, 11, 0, 13, 11, 16, 16, 13, 18, 13, 18]
[2, 0, 2, 3, 4, 8, 8, 5, 2, 9, 10, 13, 11]
[2, 0, 2, 5, 2, 8, 8, 5, 10, 8, 12, 8, 12, 13, 13, 17, 15]
[0]
[2, 0, 4, 2, 6, 4, 4, 9, 4]
[3, 3, 4, 0, 4, 5, 5, 9, 7, 9, 10, 15, 15, 15, 4, 15, 21, 19, 21, 21, 16, 21, 22, 23, 24, 24]
[0, 1, 2, 2, 2, 9, 9, 9, 2]
[6, 6, 6, 3, 6, 0, 6, 9, 13, 9, 13, 13, 6]
[5, 5, 5, 5, 22, 11, 11, 9, 11, 11, 5, 11, 14, 12, 18, 18, 18, 22, 22, 22, 22, 0]
[4, 1, 1, 0, 4, 5]
[5, 3, 5, 5, 18, 5, 8, 5, 10, 8, 10, 11, 8, 16, 16, 13, 18, 0, 20, 22, 22, 18, 22, 23, 24, 25]
[5, 5, 5, 5, 0, 5, 9, 9, 5]
[4, 4, 4, 0, 4, 5, 4, 10, 10, 7]
[2, 0, 2, 3, 7, 7, 4, 7, 8, 14, 14, 14, 14, 9, 14, 15, 16, 19, 17, 19, 23, 23, 20]
[4, 4, 4, 0]
[0, 1, 2, 7, 4, 7, 3, 7, 12, 9, 12, 8, 7, 17, 17, 17, 13]
[2, 11, 2, 5, 3, 5, 8, 9, 5, 11, 0, 13, 11, 11, 16, 14, 18, 16, 18, 18, 18, 11, 27, 25, 27, 27, 11, 30, 30, 27, 27, 36, 36, 36, 36, 31]
[3, 3, 0, 3, 3, 3, 3, 7, 3, 12, 12, 9, 12, 12, 17, 17, 12, 20, 20, 17]
[4, 4, 4, 14, 4, 5, 4, 10, 10, 4, 10, 11, 14, 0, 17, 17, 14, 17, 21, 19, 18]
[4, 4, 4, 0, 4, 4, 6]
[2, 13, 2, 5, 2, 2, 9, 9, 11, 11, 6, 11, 0, 18, 18, 18, 18, 13, 18, 25, 22, 25, 25, 25, 19, 25, 26, 29, 25, 13]
[11, 1, 5, 5, 2, 5, 6, 7, 8, 8, 0, 14, 14, 11, 14, 14, 11, 19, 20, 11, 20]
[7, 1, 5, 5, 1, 7, 0, 7, 10, 7, 10, 10, 12, 16, 16, 13]
[2, 8, 2, 6, 6, 3, 6, 0, 13, 13, 13, 13, 8, 13, 19, 15, 15, 19, 14, 8]
[2, 0, 2, 3, 2, 7, 2]
[8, 8, 8, 3, 3, 8, 8, 0, 10, 8, 10, 13, 11, 13]
[3, 3, 0, 3, 7, 7, 4]
[2, 3, 0, 3, 6, 9, 8, 9, 3]
[2, 0, 4, 2, 2, 7, 5, 7, 7, 7, 12, 7, 2, 15, 16, 2, 18, 16]
[2, 0, 4, 5, 2, 5, 8, 6]
[2, 3, 0, 5, 3, 5, 8, 6, 13, 13, 13, 13, 3]
[6, 6, 6, 6, 6, 0, 6, 9, 6, 12, 12, 9, 14, 12, 14, 12, 18, 16, 18, 21, 18]
[0, 4, 4, 1, 4, 5, 6, 6, 10, 1, 13, 13, 1, 13, 16, 14, 19, 19, 16, 23, 23, 23, 19, 23]
[6, 4, 4, 6, 6, 9, 8, 9, 0, 11, 9, 11, 12, 15, 13, 15, 16, 19, 16, 16, 20]
[3, 3, 0, 3, 6, 3]
[2, 6, 6, 6, 6, 0, 6, 9, 6, 9]
[3, 3, 12, 7, 6, 7, 3, 7, 10, 7, 12, 0, 12, 12, 18, 18, 18, 14, 20, 18, 20]
[2, 3, 0, 3, 6, 7, 3]
[4, 4, 4, 0, 9, 8, 8, 9, 4, 11, 9, 11, 14, 11, 18, 18, 18, 14, 18, 22, 22, 18, 22, 26, 26, 23]
[2, 4, 4, 0, 8, 8, 8, 4, 8, 8, 10, 10, 10]
[15, 4, 4, 1, 15, 15, 9, 7, 6, 9, 10, 14, 14, 15, 0]
[2, 0, 2, 5, 3, 7, 2, 2, 10, 2, 10]
[0, 1, 5, 5, 2, 1, 6, 11, 11, 11, 6]
[2, 0, 2, 6, 6, 3, 6, 11, 11, 11, 7, 11, 14, 12, 16, 14, 16, 17]
[0, 4, 4, 1, 1, 7, 1, 9, 7, 9, 10, 11, 11, 13, 16, 14]
[2, 0, 4, 2, 2, 5, 6, 9, 6, 9, 12, 10]
[2, 0, 5, 5, 2, 5, 8, 6, 8, 9, 10, 10, 2, 2, 17, 17, 14, 17, 20, 18]
[6, 1, 1, 6, 6, 9, 9, 9, 0, 9, 9, 9, 9, 9, 17, 17, 9, 20, 20, 9, 30, 21, 24, 22, 24, 25, 26, 29, 26, 20, 30, 33, 31]
[8, 1, 5, 5, 2, 5, 5, 0, 8, 11, 8]
[2, 0, 4, 2, 4, 8, 8, 5, 4, 9]
[3, 3, 12, 3, 3, 10, 10, 10, 10, 5, 12, 0, 14, 12, 14, 21, 21, 21, 18, 18, 15]
[3, 3, 4, 0, 4, 7, 5, 7, 11, 11, 7, 13, 11, 13, 16, 14, 13, 13, 18]
[5, 5, 5, 5, 0, 5, 6, 6, 5, 9, 10, 11, 12, 13, 13]
[3, 3, 4, 0, 6, 4, 4, 10, 10, 7, 10, 11, 4, 17, 17, 17, 18, 4, 20, 18, 22, 20, 22, 25, 23]
[8, 8, 8, 8, 8, 8, 8, 0, 8, 12, 12, 8, 12, 13, 16, 14, 16, 19, 17, 8, 22, 26, 26, 26, 26, 8, 26, 26, 32, 32, 32, 28]
[3, 3, 10, 3, 4, 8, 8, 3, 10, 0, 10, 13, 10, 13, 14]
[9, 1, 4, 1, 4, 5, 9, 9, 0, 11, 9, 14, 14, 11, 14, 15, 16, 16]
[3, 3, 7, 3, 6, 3, 0, 9, 7, 7, 14, 14, 14, 10]
[2, 8, 2, 5, 3, 8, 8, 0, 8, 9, 12, 10, 15, 15, 12]
[9, 4, 4, 1, 9, 9, 9, 9, 0, 9, 12, 13, 10]
[3, 3, 0, 3, 6, 3, 3, 11, 10, 11, 7, 11, 12, 12, 16, 14]
[5, 3, 1, 5, 0, 7, 5, 9, 7, 12, 12, 9, 14, 12, 16, 14, 16, 16, 16, 21, 19, 19]
[3, 3, 0, 3, 6, 3, 8, 6]
[3, 3, 0, 5, 3, 7, 5, 3, 10, 3, 10, 10, 3, 15, 3, 17, 15, 17, 18, 19]
[3, 3, 12, 7, 7, 7, 8, 3, 10, 12, 12, 0, 12, 13]
[2, 3, 0, 3, 6, 4, 6, 6, 8, 9, 10, 10, 12, 13]
[4, 3, 4, 0, 6, 4, 8, 6, 8, 11, 8, 19, 17, 17, 14, 14, 19, 17, 6, 21, 19]
[2, 13, 4, 2, 4, 10, 10, 10, 10, 5, 13, 13, 0, 15, 13, 15, 16, 17, 22, 22, 22, 18, 22, 23, 23, 29, 26, 26, 25, 16, 36, 34, 34, 36, 34, 16, 36, 37, 40, 45, 45, 45, 45, 45, 38]
[4, 3, 4, 0, 10, 10, 9, 9, 10, 4, 13, 13, 10, 16, 16, 13, 13, 17, 18, 21, 19, 21, 21, 25, 23]
[2, 3, 0, 6, 6, 3, 8, 6, 8, 11, 13, 13, 8, 13, 14, 15, 16, 17, 18]
[4, 4, 4, 6, 6, 0, 10, 9, 10, 6, 10, 15, 15, 15, 11, 17, 10, 17, 18]
[2, 0, 6, 6, 6, 2, 6, 9, 7, 9, 13, 13, 9, 13]
[21, 3, 1, 3, 4, 5, 6, 9, 3, 9, 10, 13, 14, 11, 9, 18, 18, 21, 21, 21, 0, 21, 21, 23, 29, 29, 29, 29, 24, 29, 30]
[2, 0, 6, 6, 6, 2, 6, 9, 6, 11, 9, 11, 15, 15, 12, 17, 15, 20, 20, 17]
[2, 8, 2, 2, 7, 7, 2, 0, 10, 8, 8, 11, 15, 15, 12, 15, 18, 16, 15, 22, 22, 15, 22, 26, 26, 22]
[2, 0, 6, 6, 6, 2, 6, 10, 10, 7, 6, 16, 16, 13, 16, 6, 16, 20, 20, 17, 25, 25, 25, 25, 20, 25, 29, 29, 26, 29, 30, 31, 31]
[8, 5, 5, 5, 1, 8, 8, 0, 8, 11, 14, 11, 11, 9]
[2, 0, 2, 7, 7, 7, 2]
[5, 5, 5, 5, 8, 7, 8, 0, 8, 11, 9, 8, 8, 13, 13, 17, 15, 17, 22, 22, 22, 18]
[11, 5, 5, 5, 1, 5, 8, 6, 8, 9, 0, 13, 11]
[3, 3, 0, 3, 4, 3, 11, 11, 11, 11, 3, 11, 16, 16, 16, 12]
[6, 3, 6, 3, 3, 0, 6, 6, 8, 11, 8, 11, 15, 15, 11, 17, 15, 17, 21, 21, 18]
[4, 3, 4, 22, 7, 7, 4, 4, 8, 11, 4, 13, 11, 17, 17, 17, 22, 22, 22, 22, 22, 0, 22, 22, 24]
[2, 6, 2, 6, 6, 0, 8, 6, 11, 11, 8, 11, 14, 12, 16, 8, 21, 19, 20, 21, 16, 21, 6]
[4, 4, 4, 0, 4, 9, 9, 9, 5, 12, 12, 4, 12, 16, 16, 13, 12, 12, 20, 18, 25, 23, 25, 25, 20, 25, 25, 29, 27, 31, 25, 33, 31]
[2, 0, 6, 6, 6, 2, 6, 10, 10, 7, 10, 11, 12, 7, 7, 18, 18, 15]
[14, 3, 1, 3, 7, 7, 4, 9, 7, 9, 12, 14, 14, 0, 16, 14, 21, 19, 21, 21, 14]
[2, 0, 2, 5, 2, 5, 8, 6]
[2, 0, 4, 2, 7, 7, 4]
[2, 4, 4, 0, 6, 4, 10, 10, 10, 4, 12, 10, 12, 16, 16, 13, 12, 20, 20, 17]
[2, 4, 4, 0, 6, 4, 4, 7, 8, 15, 10, 15, 15, 15, 8, 4, 23, 23, 23, 23, 20, 20, 4, 26, 26, 23, 28, 26, 30, 28, 30]
[0, 1, 2, 1, 1, 8, 8, 5, 8, 12, 12, 9]
[11, 1, 6, 6, 6, 2, 6, 9, 7, 9, 0, 11, 16, 16, 16, 12, 16, 16, 16, 21, 19, 21, 21, 21, 28, 28, 28, 24]
[5, 3, 5, 5, 0, 7, 5, 10, 10, 7, 10, 15, 15, 15, 11, 17, 15, 20, 20, 17, 20, 21]
[0, 1, 5, 5, 2, 7, 5, 11, 11, 11, 7, 7, 14, 12]
[0, 1, 7, 5, 7, 7, 2, 9, 1, 9, 9, 14, 14, 11]
[6, 4, 4, 1, 4, 0, 8, 10, 10, 6, 10, 13, 11, 11, 11, 15]
[2, 4, 4, 0, 4, 4, 8, 6]
[2, 0, 2, 11, 11, 5, 8, 9, 10, 5, 3, 17, 17, 17, 17, 17, 2, 17, 18, 21, 19, 23, 25, 25, 21, 28, 28, 25]
[5, 3, 5, 5, 0, 5, 6]
[5, 1, 4, 1, 0]
[5, 1, 4, 2, 0, 7, 8, 5, 11, 11, 8, 15, 15, 15, 5, 17, 15, 17, 20, 17, 15, 23, 15, 23, 29, 29, 29, 29, 23, 31, 29, 33, 29, 33]
[2, 0, 2, 6, 6, 3]
[2, 6, 6, 6, 6, 0, 6, 9, 7, 6, 13, 13, 10, 13, 16, 14, 18, 16, 22, 21, 22, 18, 22, 25, 23, 25, 26]
[8, 1, 7, 7, 7, 7, 2, 0, 8, 11, 8, 16, 14, 16, 16, 8, 18, 16, 16, 16, 24, 24, 24, 20, 16, 16, 32, 27, 28, 31, 32, 26, 32, 33]
[9, 1, 4, 9, 4, 8, 8, 4, 0, 9, 10, 14, 14, 11, 23, 17, 23, 23, 23, 23, 23, 23, 9, 23, 28, 28, 28, 23, 30, 28, 32, 30, 34, 32]
[4, 4, 4, 0]
[3, 3, 7, 7, 7, 7, 0, 7, 10, 7]
[8, 8, 8, 8, 8, 5, 5, 0]
[2, 0, 2]
[0, 1]
[2, 0, 2, 5, 3, 7, 2, 9, 7, 13, 13, 13, 9, 16, 16, 13, 13, 21, 21, 21, 17, 26, 26, 26, 26, 21, 26, 26, 17, 17, 32, 30, 34, 30, 34, 38, 38, 35]
[7, 1, 2, 7, 7, 7, 0, 7, 11, 11, 8, 7, 12, 17, 17, 17, 13]
[2, 5, 5, 5, 0, 7, 8, 5, 8, 8, 13, 13, 10, 5, 16, 5, 18, 16, 16, 22, 22, 19, 22, 22, 27, 27, 22, 27, 30, 28, 30, 31]
[5, 3, 5, 5, 0, 8, 8, 14, 8, 12, 12, 9, 14, 5, 17, 17, 14]
[5, 5, 5, 5, 0, 7, 5, 7, 10, 8, 10, 10, 12]
[7, 1, 1, 7, 6, 7, 0, 7, 8, 9, 12, 9, 9, 15, 9]
[5, 5, 5, 5, 0, 5, 16, 7, 11, 11, 8, 11, 14, 11, 11, 5, 19, 19, 22, 22, 22, 16, 25, 25, 22]
[3, 3, 0, 3, 6, 8, 8, 12, 11, 11, 12, 4, 12, 13, 16, 14, 14, 19, 17, 14, 14, 25, 25, 25, 21]
[2, 0, 4, 2, 4, 5]
[2, 3, 0, 3, 3, 3, 3, 9, 3]
[4, 4, 4, 0, 4, 7, 5, 11, 11, 11, 7, 11, 12, 11, 16, 11, 18, 16, 20, 18]
[2, 3, 0, 5, 3, 10, 10, 7, 7, 3, 15, 15, 15, 15, 10]
[3, 3, 0, 3, 6, 4]
[2, 0, 6, 6, 6, 2]
[13, 3, 1, 5, 13, 5, 12, 12, 12, 12, 12, 6, 0, 13, 14, 22, 22, 22, 22, 22, 22, 13, 25, 25, 22, 25, 26, 25, 25, 29, 32, 30, 32, 33]
[4, 4, 4, 0, 4, 4, 9, 9, 4, 11, 12, 4, 12, 15, 12, 15, 18, 16, 21, 21, 18, 21]
[0, 1, 4, 2, 4]
[2, 0, 4, 5, 2, 8, 6, 5, 11, 11, 8, 5, 5, 18, 16, 18, 18, 13, 18, 21, 19, 21, 26, 23, 26, 22, 19, 29, 27, 29, 29, 31, 32, 37, 37, 37, 32]
[3, 3, 25, 3, 6, 4, 3, 10, 10, 7, 10, 13, 10, 15, 3, 18, 18, 15, 25, 25, 22, 25, 22, 22, 0, 25, 28, 26, 28, 29, 32, 33, 36, 33, 33, 30]
[0, 4, 4, 1, 1, 7, 5]
[3, 3, 0, 3, 6, 3, 8, 6, 6, 9, 10, 10, 10, 13]
[3, 3, 15, 3, 4, 5, 5, 15, 10, 8, 15, 13, 14, 15, 0, 15, 18, 16, 18, 18]
[4, 4, 4, 0, 7, 7, 4, 4, 4, 9, 10, 11, 16, 16, 16, 12, 18, 19, 16, 16, 22, 16, 4]
[2, 3, 0, 7, 7, 7, 3, 7, 10, 11, 7]
[2, 5, 5, 5, 0, 5, 8, 6, 8, 8]
[4, 4, 4, 14, 4, 7, 5, 7, 10, 5, 10, 13, 10, 0, 21, 21, 18, 21, 18, 19, 14]
[2, 12, 2, 5, 3, 5, 10, 7, 10, 6, 12, 0, 12, 13, 17, 17, 14, 19, 17, 19, 22, 20, 22, 26, 26, 22, 26, 27, 30, 28, 30, 34, 34, 31]
[0, 3, 1, 1, 6, 4, 8, 1, 10, 8, 10, 11, 10, 13, 14, 15]
[2, 0, 6, 6, 6, 2, 11, 9, 11, 11, 6, 14, 14, 6, 14, 18, 18, 15, 2, 24, 24, 24, 24, 2]
[4, 4, 4, 11, 4, 4, 4, 4, 10, 8, 0, 14, 14, 11, 11, 17, 19, 19, 11, 19, 23, 23, 20]
[19, 5, 5, 5, 1, 1, 9, 9, 6, 19, 12, 19, 12, 13, 19, 19, 19, 19, 0]
