[2, 5, 2, 2, 14, 5, 9, 9, 6, 9, 13, 13, 9, 0, 17, 17, 14, 17, 20, 18, 17, 23, 17, 14]
[6, 4, 4, 6, 6, 0, 6]
[4, 4, 4, 5, 0, 9, 9, 9, 5, 9, 13, 13, 9, 18, 14, 18, 18, 9, 5]
[3, 3, 0, 3, 7, 7, 4, 9, 7, 9, 3]
[3, 1, 9, 3, 7, 7, 4, 9, 0, 9]
[2, 0, 4, 6, 6, 2, 6, 9, 7, 2, 14, 13, 14, 2, 14, 15, 20, 20, 20, 16, 20, 2]
[2, 4, 4, 0, 4, 10, 10, 9, 10, 5, 23, 14, 14, 23, 14, 19, 19, 19, 14, 19, 23, 23, 10, 25, 23, 29, 28, 29, 25, 32, 32, 29, 4]
[3, 3, 0, 3, 6, 4, 6, 3]
[5, 5, 5, 5, 0, 5]
[16, 3, 1, 1, 6, 4, 6, 7, 8, 8, 8, 8, 16, 16, 16, 0, 18, 16, 21, 21, 18, 21, 24, 22, 24, 28, 28, 24, 28, 31, 29, 16]
[3, 3, 0, 3, 7, 7, 4, 3, 13, 13, 13, 13, 3, 3]
[2, 12, 2, 12, 6, 12, 12, 12, 12, 12, 12, 0, 16, 16, 16, 12, 16, 19, 16, 12]
[3, 3, 0, 5, 3, 7, 5, 9, 7, 7, 12, 10, 12, 15, 13, 3]
[2, 0, 4, 2, 6, 4, 8, 6, 2]
[13, 1, 6, 5, 6, 2, 6, 7, 10, 8, 13, 13, 0, 13, 14, 17, 15, 20, 20, 17, 20, 26, 26, 25, 26, 21, 13]
[3, 3, 4, 0, 7, 7, 4, 4, 8, 9, 12, 9, 12, 15, 13, 15, 20, 20, 20, 16, 20, 21, 22, 22, 4]
[7, 3, 7, 3, 4, 7, 0, 10, 10, 7, 10, 14, 14, 11, 7, 7, 16, 17, 20, 17, 20, 20, 24, 22, 7]
[0, 1, 4, 8, 4, 4, 8, 2, 1, 15, 15, 11, 14, 11, 1, 15, 16, 1]
[2, 0, 2, 2, 6, 4, 2, 10, 10, 2, 13, 13, 10, 15, 13, 18, 18, 15, 2]
[5, 5, 5, 5, 0, 7, 5, 7, 8, 7, 13, 13, 10, 5]
[8, 3, 5, 3, 8, 8, 8, 23, 8, 11, 9, 11, 16, 16, 16, 12, 23, 23, 23, 23, 23, 23, 0, 25, 23, 23]
[8, 8, 4, 8, 8, 8, 8, 0, 8, 12, 12, 8, 12, 8]
[3, 3, 6, 6, 6, 0, 6, 9, 7, 9, 9, 9, 12, 13, 14, 15, 16, 17, 17, 21, 17, 24, 24, 26, 26, 21, 26, 26, 26, 26, 32, 26, 32, 33, 6]
[2, 0, 2, 2, 4, 5, 6, 6, 2, 11, 2, 13, 14, 11, 2]
[4, 4, 4, 27, 6, 4, 11, 9, 11, 11, 4, 11, 12, 11, 4, 17, 4, 22, 22, 22, 22, 23, 17, 27, 27, 27, 0, 29, 27, 27]
[4, 3, 4, 0, 4, 4, 11, 7, 10, 8, 6, 11, 14, 11, 11, 11, 22, 22, 18, 21, 18, 16, 22, 23, 24, 27, 24, 4]
[2, 8, 2, 8, 8, 8, 8, 0, 8, 9, 8]
[2, 3, 0, 5, 8, 5, 5, 3, 8, 12, 12, 9, 8, 15, 8, 15, 19, 19, 8, 19, 19, 23, 19, 3]
[0, 4, 4, 1, 4, 7, 4, 9, 4, 9, 13, 13, 9, 18, 16, 18, 18, 13, 1]
[15, 5, 5, 5, 1, 5, 8, 5, 15, 11, 15, 15, 15, 15, 0, 15, 20, 19, 20, 16, 20, 21, 15]
[4, 4, 4, 0, 6, 4, 6, 6, 4]
[2, 0, 2, 6, 6, 2, 6, 13, 13, 13, 13, 13, 7, 6, 16, 14, 2]
[11, 3, 11, 3, 4, 5, 5, 5, 5, 5, 0, 13, 14, 11, 17, 17, 18, 11, 11]
[6, 6, 6, 6, 6, 21, 6, 10, 10, 7, 10, 14, 14, 11, 16, 14, 18, 16, 16, 19, 0, 26, 26, 26, 26, 21, 21, 30, 30, 27, 21]
[23, 3, 1, 7, 7, 7, 3, 9, 7, 7, 10, 13, 17, 15, 17, 17, 11, 23, 20, 22, 20, 23, 0, 23, 27, 27, 24, 23]
[3, 3, 0, 6, 6, 3, 6, 6, 21, 12, 12, 21, 12, 13, 14, 17, 14, 14, 14, 14, 6, 3]
[5, 5, 5, 5, 0, 5, 8, 6, 8, 9, 10, 10, 10, 10, 10, 10, 23, 19, 23, 19, 23, 23, 8, 23, 27, 27, 24, 23, 5, 5, 32, 5, 32, 35, 33]
[4, 4, 4, 0, 4, 7, 5, 7, 11, 11, 7, 19, 19, 16, 14, 13, 19, 19, 4, 21, 19, 21, 24, 21, 19, 19, 26, 26, 4]
[3, 3, 0, 3, 3, 7, 9, 7, 12, 12, 12, 3, 12, 12, 3]
[4, 3, 4, 0, 4, 4, 6, 11, 11, 11, 7, 11, 6, 6, 6, 17, 6, 4]
[2, 7, 7, 7, 7, 7, 0, 7, 7, 9, 12, 10, 12, 13, 14, 14, 14, 14, 18, 18, 7]
[2, 5, 5, 5, 0, 5, 8, 6, 5]
[0, 3, 1, 3, 1, 8, 8, 5, 8, 9, 12, 14, 14, 10, 14, 18, 18, 15, 14, 21, 14, 23, 14, 1]
[5, 5, 5, 5, 0, 5, 5, 11, 10, 11, 5, 5]
[7, 3, 7, 7, 7, 7, 0, 7, 11, 11, 8, 7, 7]
[5, 5, 4, 5, 0, 5, 8, 6, 11, 11, 8, 11, 11, 15, 13, 15, 15, 11, 11, 22, 20, 19, 5]
[11, 1, 1, 1, 1, 1, 1, 1, 1, 1, 0, 11, 14, 12, 11, 11]
[5, 1, 2, 5, 0, 5, 5, 5, 10, 5, 10, 11, 5]
[4, 4, 4, 0, 4, 7, 5, 7, 7, 7, 12, 10, 15, 15, 12, 18, 18, 15, 4]
[3, 3, 0, 3, 6, 4, 3, 11, 11, 11, 7, 3]
[2, 11, 2, 11, 4, 4, 4, 4, 4, 11, 17, 11, 15, 15, 11, 11, 0, 19, 17, 19, 22, 20, 24, 22, 24, 25, 30, 30, 30, 19, 32, 30, 34, 30, 17]
[2, 0, 4, 2, 4, 2, 2, 2, 2, 12, 12, 18, 12, 17, 17, 17, 13, 2, 25, 25, 25, 25, 25, 25, 18, 18, 30, 30, 30, 26, 2]
[9, 9, 9, 9, 9, 9, 8, 9, 11, 11, 0, 11]
[2, 7, 2, 6, 6, 3, 0, 10, 10, 7, 10, 11, 14, 16, 14, 12, 7]
[7, 7, 5, 5, 7, 5, 0, 7, 10, 8, 10, 13, 11, 7]
[4, 4, 4, 0, 4, 7, 5, 4]
[2, 0, 2, 2, 6, 4, 6, 9, 10, 6, 10, 13, 14, 11, 2, 17, 2, 17, 21, 21, 18, 2]
[3, 3, 8, 3, 7, 7, 4, 0, 8, 11, 9, 15, 12, 15, 11, 15, 16, 19, 16, 8]
[17, 1, 2, 3, 4, 4, 17, 17, 10, 8, 10, 10, 10, 10, 10, 17, 0, 19, 17, 19, 22, 20, 17, 23, 24, 25, 25, 25, 25, 25, 17]
[2, 6, 6, 6, 6, 0, 6]
[2, 0, 2, 7, 7, 7, 3, 9, 2, 12, 12, 9, 12, 15, 13, 2]
[2, 0, 4, 2, 2, 8, 8, 5, 8, 11, 8, 8, 14, 8, 2]
[6, 6, 2, 2, 6, 0, 6, 9, 7, 6]
[3, 3, 10, 3, 6, 3, 10, 9, 10, 0, 10, 10, 10]
[2, 0, 9, 9, 9, 9, 6, 9, 2, 2]
[2, 0, 2, 5, 3, 5, 8, 11, 8, 11, 6, 11, 12, 16, 16, 13, 2]
[10, 1, 4, 2, 4, 5, 10, 10, 10, 0, 10, 11, 10, 10, 16, 14, 19, 19, 20, 16, 22, 23, 20, 26, 26, 23, 10]
[3, 3, 0, 5, 3, 5, 5, 5, 11, 11, 8, 3, 3, 18, 14, 14, 18, 3, 3]
[0, 3, 1, 3, 9, 9, 9, 9, 4, 11, 9, 11, 12, 1]
[0, 1, 1, 1, 1, 1]
[4, 4, 4, 0, 4, 4, 4, 10, 10, 13, 13, 13, 4, 15, 13, 4]
[0, 1, 4, 1, 4, 7, 5, 7, 7, 12, 12, 7, 21, 17, 17, 17, 13, 17, 20, 18, 12, 1]
[2, 4, 2, 0, 6, 4, 6, 9, 7, 4, 4, 11, 11, 16, 16, 11, 16, 20, 20, 17, 4]
[10, 3, 10, 3, 6, 3, 6, 9, 6, 0, 10, 11, 12, 12, 10]
[2, 6, 6, 6, 6, 0, 9, 9, 6, 6, 14, 14, 14, 6, 16, 14, 20, 20, 20, 16, 22, 20, 6]
[4, 4, 4, 12, 6, 4, 8, 6, 6, 9, 12, 0, 12, 15, 12, 19, 18, 19, 15, 15, 15, 21, 21, 25, 28, 25, 28, 23, 31, 31, 21, 12]
[3, 3, 4, 0, 4, 5, 4]
[8, 3, 8, 3, 6, 3, 8, 0, 8, 12, 12, 9, 8]
[3, 3, 4, 0, 4, 9, 8, 9, 5, 9, 13, 13, 10, 4, 4, 17, 4, 17, 17, 21, 19, 23, 21, 25, 23, 4]
[3, 3, 0, 6, 6, 3, 6, 3]
[6, 3, 6, 6, 6, 18, 18, 10, 10, 18, 10, 13, 14, 11, 18, 18, 18, 0, 18, 18, 24, 24, 24, 20, 18]
[0, 1, 1, 5, 1, 1]
[7, 5, 5, 5, 1, 7, 0, 7, 7, 13, 13, 13, 9, 16, 16, 22, 22, 22, 22, 22, 22, 13, 22, 23, 27, 27, 22, 7]
[21, 4, 4, 21, 6, 4, 6, 6, 10, 18, 10, 18, 18, 18, 18, 18, 18, 8, 18, 18, 27, 23, 21, 27, 27, 27, 0, 32, 32, 32, 32, 27, 32, 35, 33, 35, 40, 40, 40, 36, 27]
[2, 0, 4, 2, 4, 5, 6, 9, 7, 11, 9, 11, 14, 12, 6, 6, 20, 20, 20, 16, 20, 23, 21]
[5, 1, 5, 5, 0, 9, 9, 9, 5, 11, 9, 5, 16, 16, 16, 5, 16, 19, 22, 19, 22, 17, 5]
[3, 3, 4, 0, 4, 5, 8, 6, 8, 12, 12, 8, 15, 15, 12, 15, 19, 19, 15, 19, 19, 23, 26, 23, 26, 19, 4, 4]
[2, 0, 2, 2, 4, 4, 6, 2]
[5, 5, 4, 5, 0, 5, 8, 6, 5, 5, 10, 13, 11, 13, 14, 15, 21, 17, 18, 21, 15, 23, 21, 23, 5]
[3, 3, 5, 5, 0, 7, 8, 5, 8, 11, 9, 5]
[2, 5, 5, 5, 0, 14, 10, 9, 10, 14, 13, 13, 10, 5, 19, 17, 19, 19, 14, 19, 24, 23, 24, 19, 24, 29, 29, 29, 25, 5]
[9, 3, 1, 9, 9, 9, 9, 9, 0, 9]
[9, 3, 1, 9, 9, 9, 9, 9, 0, 9]
[2, 0, 7, 5, 7, 7, 2, 11, 11, 11, 7, 13, 11, 15, 13, 11, 18, 11, 21, 21, 18, 23, 18, 26, 26, 23, 30, 30, 30, 26, 2]
[2, 17, 2, 5, 3, 5, 8, 6, 8, 11, 9, 17, 17, 17, 17, 17, 0, 17, 18, 21, 17, 26, 26, 26, 26, 21, 26, 29, 27, 29, 30, 17]
[2, 21, 8, 6, 6, 8, 8, 2, 8, 13, 13, 13, 9, 21, 16, 21, 16, 17, 21, 21, 0, 21, 24, 22, 21]
[3, 3, 4, 0, 7, 7, 4, 4]
[2, 8, 2, 5, 3, 8, 8, 0, 8]
[2, 4, 4, 0, 4, 7, 5, 4, 10, 8, 10, 14, 14, 11, 14, 19, 19, 19, 15, 4, 4, 23, 4, 23, 28, 28, 28, 23, 30, 28, 30, 33, 30, 4, 4]
[2, 4, 4, 0, 4, 9, 9, 9, 5, 9, 12, 13, 10, 4]
[2, 5, 2, 5, 6, 0, 9, 9, 6, 9, 15, 15, 14, 15, 10, 9, 18, 9, 21, 21, 18, 21, 28, 28, 28, 27, 28, 22, 6]
[6, 1, 6, 6, 6, 0, 9, 9, 6, 9, 9, 6]
[8, 1, 4, 2, 8, 7, 8, 0, 8, 12, 12, 8, 14, 12, 19, 19, 19, 19, 14, 8, 8, 23, 26, 23, 24, 8, 8]
[3, 3, 5, 5, 0, 5, 5]
[2, 0, 4, 2, 7, 7, 4, 7, 12, 9, 12, 8, 2, 2, 16, 19, 19, 19, 2, 24, 24, 24, 24, 19, 24, 29, 29, 29, 25, 2]
[3, 3, 4, 0, 12, 8, 8, 12, 8, 11, 8, 4, 14, 12, 14, 4, 18, 4, 20, 21, 18, 21, 22, 23, 24, 25, 29, 27, 26, 4]
[3, 3, 0, 3, 12, 12, 12, 7, 7, 12, 12, 4, 3]
[5, 5, 5, 5, 0, 7, 5, 10, 10, 5, 12, 10, 5]
[10, 1, 4, 2, 4, 7, 5, 10, 10, 0, 10, 13, 11, 13, 13, 13, 19, 19, 13, 19, 20, 21, 24, 22, 24]
[20, 4, 4, 20, 6, 4, 8, 6, 8, 16, 16, 14, 14, 11, 14, 9, 20, 20, 20, 0, 22, 20, 22, 22, 26, 24, 20]
[6, 6, 6, 6, 6, 0, 6, 13, 8, 9, 13, 13, 6, 6]
[5, 3, 5, 3, 12, 5, 8, 5, 12, 12, 12, 0, 12, 16, 16, 13, 18, 16, 18, 19, 16, 23, 21, 12]
[2, 0, 2, 3, 4, 7, 5, 11, 11, 11, 7, 11, 14, 12, 11, 15, 15, 2]
[2, 4, 4, 0, 4, 7, 9, 9, 4, 4, 4, 13, 16, 16, 16, 4, 21, 21, 21, 21, 16, 4]
[3, 1, 0, 3, 3, 5, 3, 7, 11, 11, 13, 11, 8, 3, 20, 19, 19, 19, 20, 3, 20, 3]
[16, 3, 1, 3, 4, 5, 8, 6, 8, 11, 9, 16, 16, 16, 16, 0, 16, 19, 16, 21, 19, 21, 25, 25, 22, 25, 32, 29, 27, 32, 32, 25, 34, 32, 36, 34, 16]
[0, 1, 2, 2, 4, 1, 1, 11, 11, 11, 7, 11, 12, 1]
[15, 4, 4, 1, 15, 7, 15, 7, 8, 9, 9, 11, 12, 15, 0, 15, 18, 16, 15, 21, 19, 15]
[3, 3, 0, 3, 6, 9, 6, 9, 4, 9, 13, 13, 10, 13, 14, 15, 15, 17, 3]
[2, 5, 2, 3, 0, 9, 9, 9, 5, 9, 9, 5, 16, 16, 16, 5, 25, 22, 22, 19, 22, 25, 25, 25, 16, 27, 25, 5]
[3, 3, 11, 3, 8, 8, 8, 4, 11, 11, 0, 13, 11, 13, 13, 17, 15, 13, 13, 19, 19, 24, 24, 19, 11, 11]
[3, 3, 0, 3, 3, 5, 9, 9, 6, 9, 13, 13, 10, 3]
[0, 4, 4, 1, 4, 5, 8, 5, 4, 4, 16, 13, 15, 13, 16, 4, 16, 19, 17, 1]
[2, 7, 2, 7, 6, 7, 0, 7, 11, 11, 8, 11, 17, 17, 17, 17, 11, 7]
[0, 4, 4, 1, 1, 7, 1, 7, 12, 12, 12, 8, 1]
[9, 9, 2, 2, 2, 2, 2, 9, 0, 9]
[6, 3, 6, 6, 6, 14, 9, 9, 10, 6, 14, 14, 14, 0, 17, 17, 19, 19, 14, 19, 14]
[2, 4, 2, 5, 0, 9, 6, 9, 5, 5, 12, 10, 12, 20, 20, 20, 20, 20, 20, 12, 5]
[9, 9, 2, 2, 9, 9, 9, 9, 0, 9, 12, 10, 9, 9, 14, 14, 18, 16, 9]
[12, 3, 1, 3, 4, 5, 5, 12, 12, 12, 12, 0, 14, 15, 12, 15, 12]
[0, 1]
[7, 7, 7, 3, 6, 3, 0, 7, 13, 13, 10, 10, 8, 7]
[3, 3, 4, 0, 6, 4, 9, 9, 6, 9, 9, 13, 9, 4]
[4, 4, 4, 0, 6, 4, 6, 10, 10, 7, 13, 13, 6, 13, 13, 13, 13, 13, 4]
[3, 3, 9, 3, 4, 8, 8, 5, 0, 11, 9, 13, 11, 18, 17, 17, 18, 13, 18, 21, 18, 23, 21, 23, 27, 27, 24, 27, 28, 9]
[6, 1, 6, 6, 6, 0, 11, 9, 11, 11, 6, 6]
[2, 5, 5, 5, 0, 5, 6, 5, 10, 5, 14, 14, 14, 10, 14, 14, 18, 10, 18, 19, 5]
[4, 1, 4, 7, 4, 7, 0, 7, 12, 12, 12, 8, 12, 15, 13, 17, 15, 17, 23, 23, 23, 23, 17, 23, 23, 28, 28, 25, 12, 32, 32, 12, 32, 33, 38, 38, 38, 34, 7]
[2, 10, 6, 6, 6, 2, 10, 9, 10, 0, 12, 10, 15, 15, 12, 15, 10]
[4, 4, 4, 0, 4, 7, 5, 4, 21, 12, 12, 9, 21, 21, 16, 21, 21, 21, 21, 21, 4, 21, 4]
[2, 0, 2, 9, 6, 9, 9, 9, 3, 17, 17, 17, 14, 17, 17, 17, 2, 19, 17, 22, 22, 23, 19, 2]
[8, 1, 8, 8, 8, 8, 8, 0, 11, 11, 8, 8]
[3, 3, 0, 3, 3, 15, 15, 9, 15, 9, 13, 13, 10, 15, 3, 3, 3]
[3, 3, 4, 0, 8, 8, 8, 4, 4, 4, 12, 18, 12, 13, 18, 18, 18, 10, 18, 21, 19, 4]
[2, 3, 0, 3, 6, 4, 8, 3]
[3, 3, 12, 3, 6, 8, 6, 4, 8, 11, 9, 0, 26, 26, 16, 26, 22, 19, 22, 19, 22, 16, 26, 26, 26, 12, 28, 26, 32, 32, 32, 28, 32, 35, 32, 32, 32, 37, 38, 32, 42, 32, 12]
[2, 0, 2, 5, 3, 8, 8, 2, 10, 8, 10, 11, 15, 15, 8, 17, 15, 17, 2]
[2, 0, 2, 3, 2, 2, 19, 10, 10, 19, 12, 10, 12, 13, 12, 19, 19, 19, 6, 19, 22, 20, 2]
[5, 4, 2, 5, 11, 7, 5, 9, 11, 11, 0, 11, 11, 15, 13, 11, 20, 19, 20, 11, 20, 21, 24, 22, 26, 20, 26, 31, 31, 31, 27, 31, 11]
[2, 0, 2, 6, 6, 3, 2, 9, 2, 9, 13, 13, 10, 2]
[2, 0, 4, 2, 6, 9, 9, 9, 4, 12, 12, 9, 2]
[12, 3, 12, 3, 6, 4, 12, 12, 12, 12, 12, 0, 12]
[3, 3, 0, 3, 6, 4, 3, 9, 3, 9, 12, 10, 14, 12, 14, 17, 15, 3]
[0, 3, 1, 7, 7, 7, 3, 3, 3, 13, 13, 13, 9, 1, 1, 1, 16, 16, 20, 18, 20, 21, 25, 25, 20, 27, 25, 27, 25, 33, 33, 33, 25, 1]
[2, 15, 4, 5, 2, 7, 5, 9, 11, 11, 7, 15, 15, 15, 0, 15, 19, 19, 16, 15]
[21, 21, 5, 5, 21, 5, 8, 6, 8, 12, 12, 9, 8, 15, 13, 15, 18, 16, 21, 21, 32, 21, 27, 27, 27, 27, 22, 32, 32, 32, 32, 0, 32, 32, 37, 35, 34, 39, 37, 41, 39, 41, 45, 45, 42, 45, 48, 46, 32]
[0, 1, 5, 5, 2, 8, 8, 1, 8, 1]
[4, 4, 4, 0, 4, 5, 15, 9, 15, 9, 12, 10, 12, 13, 6, 18, 18, 15, 18, 22, 22, 19, 4]
[0, 3, 1, 1, 7, 7, 4, 9, 7, 1, 1, 22, 12, 12, 16, 14, 16, 17, 22, 22, 22, 1, 33, 23, 27, 27, 24, 23, 23, 31, 23, 23, 22, 1]
[2, 5, 5, 5, 0, 5, 6, 5, 11, 11, 8, 5]
[11, 4, 4, 1, 11, 11, 6, 6, 11, 11, 0, 11, 17, 17, 17, 17, 12, 17, 20, 18, 11]
[4, 4, 4, 0, 27, 7, 27, 9, 7, 11, 14, 11, 14, 9, 9, 20, 20, 20, 20, 15, 9, 25, 22, 25, 21, 27, 4, 29, 27, 31, 29, 31, 32, 31, 36, 34, 36, 36]
[2, 0, 6, 6, 6, 2, 6, 7, 2, 12, 12, 2, 12, 15, 18, 15, 18, 13, 2, 2, 20, 23, 21, 23, 26, 23, 26, 30, 30, 27, 2]
[3, 3, 0, 3, 6, 4, 6, 9, 7, 9, 13, 13, 9, 13, 16, 18, 18, 14, 20, 18, 20, 20, 24, 22, 18, 33, 33, 33, 33, 33, 33, 33, 18, 36, 36, 33, 33, 33, 40, 38, 3]
[3, 3, 0, 5, 3, 3, 8, 10, 10, 3]
[2, 3, 0, 7, 7, 7, 3, 3, 13, 13, 13, 13, 8, 17, 17, 17, 13, 19, 17, 19, 28, 28, 28, 23, 28, 27, 28, 20, 28, 31, 29, 3]
[2, 11, 2, 3, 6, 2, 11, 11, 11, 11, 0, 11, 12, 15, 13, 11]
[3, 3, 4, 0, 4, 5, 9, 9, 6, 4]
[0, 3, 1, 1, 1, 10, 10, 10, 10, 5, 1]
[0, 1, 6, 6, 6, 2, 6, 7, 10, 8, 1]
[2, 4, 2, 0, 4, 8, 8, 5, 4, 4, 10, 13, 11, 4]
[3, 3, 0, 5, 3, 3]
[0, 1, 1, 1, 6, 1, 11, 9, 11, 11, 6]
[2, 0, 4, 2, 4, 5, 4, 10, 10, 4, 10, 15, 12, 15, 11, 2, 2, 20, 20, 2, 20, 24, 24, 29, 26, 24, 28, 26, 21, 33, 32, 33, 29, 33, 34, 35, 36, 2]
[4, 4, 4, 0, 4]
[5, 5, 5, 5, 0, 5, 8, 6, 5, 11, 9, 9, 14, 12, 5]
[0, 3, 1, 3, 3, 8, 8, 9, 3, 1]
[2, 11, 2, 2, 6, 2, 2, 11, 11, 11, 0, 11]
[2, 4, 4, 0, 4, 8, 8, 4, 8, 12, 12, 9, 12, 16, 16, 13, 4]
[9, 9, 9, 5, 3, 9, 9, 9, 0, 9]
[2, 0, 4, 2, 4, 5, 9, 9, 6, 9, 13, 11, 10, 6, 14, 15, 19, 19, 16, 2]
[3, 3, 16, 3, 6, 3, 3, 9, 3, 9, 13, 13, 10, 3, 16, 0, 19, 19, 16, 16, 16, 25, 25, 25, 16, 27, 25, 29, 27, 29, 32, 30, 27, 36, 36, 33, 36, 37, 16]
[2, 4, 2, 6, 6, 0, 6, 10, 10, 7, 6, 6, 14, 6, 16, 14, 18, 16, 16, 19, 22, 20]
[2, 0, 2, 3, 13, 13, 13, 13, 10, 13, 10, 10, 3, 13, 14, 2, 2, 21, 21, 21, 2, 30, 30, 30, 24, 28, 28, 25, 30, 21, 30, 31, 31, 2]
[10, 1, 4, 2, 10, 7, 10, 10, 10, 0, 10, 11, 12, 16, 16, 12, 20, 20, 20, 16, 20, 24, 24, 21, 10]
[5, 5, 5, 5, 0, 5]
[4, 3, 4, 8, 4, 7, 5, 0, 11, 11, 8, 14, 14, 11, 16, 14, 16, 8]
[2, 5, 5, 5, 0, 5, 6, 6, 8, 5]
[2, 11, 2, 3, 6, 10, 10, 9, 10, 4, 0, 15, 15, 15, 11, 18, 18, 15, 18, 18, 18, 21, 27, 27, 27, 27, 21, 27, 30, 18, 30, 33, 31, 11]
[4, 4, 4, 0, 10, 7, 10, 10, 10, 4, 14, 13, 14, 10, 4, 4, 18, 4, 18, 21, 18, 21, 24, 22, 27, 27, 21, 27, 27, 4]
[11, 3, 1, 3, 6, 4, 8, 6, 11, 11, 0, 13, 11, 13, 19, 19, 19, 19, 14, 11]
[2, 4, 4, 0, 4, 7, 5, 4, 8, 9, 10, 4, 4, 15, 16, 4, 23, 19, 23, 23, 23, 23, 16, 23, 27, 27, 24, 23, 23, 35, 35, 35, 35, 35, 23, 37, 35, 42, 42, 42, 42, 37, 46, 46, 46, 42, 48, 49, 42]
[3, 3, 4, 0, 4]
[2, 3, 0, 3, 6, 3, 6, 3]
[2, 0, 2, 5, 2, 2, 2, 9, 2, 9, 13, 13, 10, 2]
[2, 4, 4, 0, 6, 4, 6, 12, 12, 12, 12, 7, 4, 17, 16, 17, 4, 19, 21, 21, 17, 21, 27, 27, 27, 27, 21, 27, 27, 34, 34, 34, 34, 27, 4]
[4, 4, 4, 0, 4, 4, 4, 10, 10, 4, 12, 10, 12, 13, 14, 19, 19, 19, 15, 14, 22, 14, 22, 23, 27, 27, 24, 23, 33, 33, 33, 33, 28, 4]
[2, 16, 10, 5, 8, 5, 8, 10, 10, 16, 10, 10, 16, 16, 16, 0, 18, 32, 20, 32, 20, 31, 31, 29, 29, 29, 29, 29, 31, 31, 21, 16, 16]
[0, 1]
[6, 6, 6, 6, 6, 0, 6, 9, 7, 6, 13, 13, 10, 6]
[5, 3, 1, 5, 0, 5, 8, 5, 5, 5, 5, 14, 14, 11, 11, 15, 16, 16, 18, 5]
[4, 4, 4, 0, 7, 7, 4, 9, 7, 16, 16, 16, 12, 16, 16, 9, 16, 21, 18, 21, 9, 23, 21, 4]
[17, 3, 1, 3, 3, 10, 10, 7, 7, 3, 10, 13, 11, 13, 16, 14, 0, 20, 20, 17, 17, 21, 22, 26, 26, 23, 17, 17, 31, 29, 32, 17, 32, 33, 33, 35, 17]
[4, 4, 4, 0, 6, 4, 20, 9, 20, 20, 20, 15, 14, 15, 11, 20, 20, 20, 20, 6, 20, 23, 21, 25, 23, 4]
[4, 4, 4, 0, 4, 7, 5, 9, 7, 11, 9, 9, 15, 15, 12, 15, 16, 4]
[2, 3, 0, 3, 9, 9, 9, 9, 3, 3, 16, 16, 12, 15, 13, 3, 18, 16, 3]
[2, 3, 0, 7, 6, 7, 3, 7, 12, 12, 12, 8, 7, 15, 13, 3]
[2, 0, 2, 3, 2, 5, 2, 2]
[7, 1, 2, 7, 7, 7, 0, 11, 10, 11, 7, 13, 11, 7]
[5, 5, 5, 5, 0, 5]
[5, 4, 4, 5, 14, 14, 8, 14, 8, 8, 14, 13, 14, 0, 14, 20, 20, 20, 20, 15, 26, 23, 25, 25, 26, 20, 26, 26, 26, 31, 26, 31, 34, 32, 14]
[0, 1, 5, 5, 2, 2, 2, 9, 7, 9, 10, 11, 2, 2, 2, 2, 18, 16, 18, 21, 19, 1]
[0, 1, 4, 2, 4, 7, 5, 12, 11, 11, 12, 7, 12, 1]
[3, 3, 0, 8, 8, 8, 8, 3, 8, 11, 8, 8, 8, 3]
[2, 8, 8, 8, 4, 8, 8, 0, 8, 11, 9, 8, 16, 16, 16, 8, 21, 21, 21, 21, 16, 21, 25, 25, 22, 8]
[11, 3, 1, 3, 6, 7, 8, 4, 11, 11, 0, 11, 15, 15, 12, 17, 15, 19, 17, 21, 17, 11]
[3, 3, 9, 5, 3, 5, 5, 9, 0, 12, 12, 9, 9, 9, 14, 20, 20, 20, 20, 15, 9]
[2, 7, 2, 6, 6, 2, 0, 10, 10, 7, 10, 14, 14, 11, 14, 19, 19, 19, 15, 7, 7, 31, 22, 25, 22, 31, 31, 30, 30, 31, 7, 7]
[3, 3, 0, 3, 6, 4, 6, 12, 12, 12, 12, 7, 3, 15, 13, 15, 18, 15, 3]
[3, 3, 0, 6, 6, 3, 6, 6, 6, 12, 12, 9, 3]
[8, 8, 8, 8, 4, 8, 8, 13, 13, 13, 13, 13, 0, 13, 14, 13, 20, 20, 20, 16, 13, 25, 24, 25, 13, 25, 25, 25, 28, 13]
[2, 0, 2, 2, 6, 4, 12, 12, 12, 12, 12, 6, 23, 23, 14, 14, 14, 14, 18, 21, 19, 23, 12, 23, 24, 24, 31, 31, 28, 28, 26, 2]
[3, 3, 6, 6, 6, 0, 6, 6, 10, 6, 10, 6]
[2, 3, 0, 5, 3, 3, 9, 9, 3, 9, 13, 13, 10, 16, 16, 13, 16, 16, 16, 21, 16, 31, 25, 25, 31, 25, 28, 26, 31, 31, 21, 31, 34, 32, 3]
[3, 3, 0, 3, 6, 3, 3]
[2, 11, 4, 2, 11, 10, 8, 10, 10, 11, 0, 13, 11, 13, 17, 17, 14, 17, 18, 19, 20, 21, 24, 22, 11]
[2, 26, 6, 6, 6, 2, 6, 9, 6, 9, 10, 11, 14, 11, 14, 17, 15, 11, 20, 11, 6, 23, 26, 26, 26, 0, 26, 27, 28, 32, 32, 29, 26]
[2, 16, 6, 5, 6, 2, 8, 6, 8, 8, 13, 13, 10, 16, 16, 0, 19, 19, 16, 19, 22, 27, 22, 27, 27, 27, 20, 30, 30, 27, 30, 27, 34, 27, 43, 37, 43, 37, 41, 41, 38, 43, 19, 16]
[0, 1, 1, 1, 1, 1]
[3, 3, 7, 7, 7, 7, 0, 7, 7, 12, 12, 19, 12, 12, 14, 19, 19, 19, 7, 19, 19, 24, 24, 21, 7]
[0, 1, 1, 5, 3, 1]
[8, 8, 8, 8, 8, 8, 8, 0, 8, 9, 12, 10, 14, 9, 14, 15, 18, 16, 8]
[2, 8, 2, 2, 6, 4, 2, 0, 10, 8, 10, 11, 10, 16, 16, 10, 16, 19, 16, 8]
[6, 3, 6, 6, 6, 15, 8, 6, 8, 15, 15, 15, 15, 15, 0, 21, 19, 19, 21, 21, 15, 15]
[2, 0, 2, 3, 4, 2]
[5, 5, 5, 5, 0, 5, 6, 5, 10, 5, 13, 13, 10, 5]
[3, 3, 0, 3, 4, 5, 8, 12, 8, 8, 12, 6, 3, 13, 3, 3, 19, 19, 16, 19, 19, 24, 22, 26, 24, 21, 19, 19, 19, 19, 33, 33, 19, 35, 33, 38, 38, 33, 40, 38, 40, 3]
[3, 3, 0, 3, 8, 7, 8, 4, 3, 13, 13, 13, 3, 15, 13, 15, 15, 19, 17, 19, 20, 3]
[2, 4, 2, 19, 6, 4, 6, 6, 6, 12, 12, 9, 12, 15, 13, 19, 19, 19, 0, 19, 22, 24, 24, 20, 24, 28, 28, 25, 31, 31, 20, 31, 19]
[2, 12, 2, 2, 2, 2, 8, 2, 12, 12, 12, 0, 12, 12, 18, 18, 18, 14, 12]
[3, 3, 0, 3, 3, 8, 8, 5, 8, 12, 12, 9, 12, 18, 18, 18, 18, 13]
[12, 3, 1, 5, 3, 7, 5, 12, 12, 12, 12, 0, 17, 17, 17, 17, 12, 20, 20, 17, 20, 20, 12]
[2, 0, 2, 2, 2, 8, 8, 2, 2]
[10, 4, 4, 1, 1, 9, 9, 9, 5, 0, 12, 14, 12, 10, 14, 17, 15, 19, 17, 21, 19, 21, 22, 22, 24, 22, 26, 10]
[8, 3, 1, 8, 8, 8, 8, 0, 8, 8, 12, 10, 8]
[7, 3, 1, 7, 7, 7, 0, 7, 10, 7, 7]
[2, 5, 5, 5, 0, 5, 8, 6, 8, 9, 5]
[2, 6, 6, 6, 6, 0, 8, 6, 10, 8, 12, 10, 14, 16, 16, 12, 6]
[8, 1, 1, 5, 1, 8, 8, 0, 8, 12, 12, 9, 12, 8]
[3, 3, 4, 0, 6, 4, 8, 6, 8, 8, 12, 10, 12, 15, 13, 19, 19, 19, 6, 21, 19, 23, 21, 4]
[4, 4, 4, 0, 6, 4, 13, 11, 8, 11, 13, 13, 6, 4]
[6, 6, 6, 6, 6, 0, 6, 6, 6, 11, 9, 6, 6, 15, 6, 18, 18, 15, 20, 18, 20, 20, 26, 26, 26, 22, 26, 27, 6]
[5, 5, 5, 5, 0, 8, 8, 5, 8, 12, 10, 9, 5, 5, 14, 15, 14, 19, 17, 19, 20, 5]
[3, 3, 7, 3, 6, 4, 0, 7, 7, 7, 7]
[2, 0, 2, 2, 7, 7, 8, 4, 8, 12, 12, 9, 2]
[2, 0, 4, 2, 8, 5, 5, 4, 8, 8, 17, 17, 17, 17, 14, 14, 4, 2]
[0, 1, 8, 8, 4, 7, 4, 2, 8, 11, 9, 1]
[2, 0, 2, 5, 3, 5, 6, 7, 2]
[4, 4, 4, 0, 4]
[2, 0, 4, 2, 2]
[2, 0, 4, 2, 6, 4, 6, 6, 10, 6, 2]
[2, 0, 4, 2, 4, 5, 6, 9, 17, 9, 12, 17, 12, 12, 16, 12, 6, 2]
[2, 10, 2, 3, 2, 5, 6, 7, 7, 0, 10, 14, 14, 11, 14, 17, 15, 10]
[4, 3, 4, 0, 4, 4, 8, 6, 4, 4, 15, 15, 15, 15, 10, 19, 19, 19, 15, 21, 19, 21, 24, 22, 24, 25, 4]
[5, 3, 5, 5, 9, 9, 9, 9, 0, 11, 9, 9, 9, 17, 17, 17, 13, 17, 17, 9]
[3, 3, 0, 3, 3, 7, 3, 10, 10, 7, 3]
[3, 3, 6, 6, 6, 0, 6, 6, 6, 11, 6, 11, 15, 15, 12, 15, 15, 17, 20, 15, 20, 20, 22, 6, 28, 28, 28, 6, 30, 28, 6]
[7, 3, 7, 3, 6, 3, 0, 7]
[3, 3, 0, 3, 3, 8, 8, 5, 3, 9, 10, 15, 14, 15, 11, 3]
[4, 3, 4, 9, 9, 7, 9, 9, 0, 9, 12, 10, 12, 15, 12, 9]
[5, 5, 5, 3, 0, 7, 5, 10, 10, 7, 10, 11, 5, 5, 22, 15, 18, 16, 22, 22, 22, 5, 22, 23, 24, 22, 22, 5]
[4, 3, 4, 0, 6, 4, 6, 11, 11, 11, 7, 4, 4, 15, 4, 15, 18, 15, 18, 21, 19, 15, 25, 25, 22, 15, 30, 30, 30, 15, 30, 33, 30, 4]
[4, 4, 4, 0, 11, 8, 8, 11, 11, 11, 4, 11, 12, 13, 14, 18, 18, 15, 20, 18, 20, 23, 21, 4]
[3, 3, 18, 3, 6, 4, 3, 12, 12, 12, 12, 7, 18, 18, 18, 18, 18, 0, 18, 21, 19, 18]
[3, 3, 6, 6, 6, 0, 6]
[0, 3, 1, 1, 4, 7, 5, 7, 8, 8, 8, 8, 14, 12, 16, 14, 14, 19, 17, 1]
[2, 5, 5, 5, 0, 5, 5, 5, 10, 8, 15, 15, 15, 15, 10, 5]
[7, 7, 7, 7, 7, 7, 0, 7, 11, 9, 8, 7]
[3, 3, 9, 3, 3, 9, 9, 9, 0, 9, 12, 10, 9, 15, 9, 15, 16, 17, 18, 17, 20, 9]
[5, 1, 5, 5, 0, 5, 6, 7, 7, 7, 13, 13, 7, 13, 16, 14, 5]
[2, 0, 6, 6, 6, 2, 2, 2, 2, 9, 15, 15, 15, 15, 9, 15, 9, 9, 9, 19, 22, 23, 19, 19, 26, 24, 29, 29, 19, 29, 2]
[2, 0, 4, 2, 7, 7, 4, 7, 8, 9, 10, 13, 11, 2, 2, 17, 18, 2, 18, 22, 22, 19, 22, 26, 26, 18, 26, 27, 27, 2]
[0, 3, 1, 3, 8, 8, 8, 3, 8, 11, 9, 3, 16, 16, 16, 1, 16, 17, 18, 21, 19, 18, 18, 23, 26, 24, 26, 27, 1]
[2, 4, 4, 0, 4, 5, 4]
[0, 1, 4, 2, 4, 5, 6, 6, 18, 11, 18, 13, 11, 13, 13, 13, 16, 4, 1]
[2, 9, 2, 2, 7, 7, 4, 7, 0, 12, 12, 9, 12, 12, 16, 17, 14, 19, 12, 19, 23, 23, 19, 9]
[6, 6, 6, 6, 6, 0, 12, 12, 10, 12, 12, 6, 6]
[2, 3, 0, 5, 3, 3, 8, 6, 11, 11, 3, 11, 3]
[4, 4, 4, 0, 7, 7, 4, 9, 7, 11, 9, 7, 12, 15, 13, 15, 19, 19, 16, 15, 22, 20, 22, 25, 23, 4]
[11, 3, 1, 3, 4, 11, 8, 11, 11, 11, 0, 13, 11, 11, 16, 14, 11]
[2, 6, 6, 6, 6, 0, 6]
[3, 3, 6, 6, 6, 0, 9, 9, 6, 6]
[3, 3, 0, 3, 7, 7, 4, 3, 11, 11, 8, 11, 15, 15, 12, 3]
[5, 5, 5, 5, 7, 7, 0, 7]
[5, 5, 5, 5, 0, 7, 5, 7, 10, 14, 10, 13, 14, 8, 14, 14, 19, 19, 14, 19, 23, 23, 20, 5]
[2, 6, 6, 5, 6, 0, 6, 6, 6, 14, 14, 14, 14, 6, 14, 17, 15, 17, 20, 18, 6]
[2, 16, 2, 5, 16, 7, 8, 12, 8, 11, 12, 5, 16, 16, 16, 0, 16, 20, 20, 17, 16]
[3, 3, 5, 5, 0, 7, 5, 7, 5, 11, 13, 13, 5, 5, 16, 18, 16, 5, 22, 22, 22, 18, 22, 25, 23, 25, 26, 5]
[0, 1, 1, 3, 9, 9, 9, 9, 4, 1, 1, 15, 15, 15, 11, 15, 19, 19, 16, 19, 1]
[2, 5, 2, 5, 9, 5, 6, 9, 0, 9, 9, 13, 17, 13, 16, 14, 11, 17, 17, 9]
[28, 3, 1, 3, 6, 4, 3, 7, 3, 3, 10, 13, 11, 10, 16, 14, 16, 16, 21, 21, 18, 23, 21, 23, 28, 27, 28, 0, 28, 31, 29, 31, 32, 33, 37, 37, 34, 37, 42, 42, 42, 37, 37, 31, 31, 45]
[3, 3, 13, 6, 6, 3, 3, 10, 10, 7, 13, 13, 0, 15, 13, 15, 16, 13]
[4, 4, 4, 0, 7, 7, 4, 7, 10, 8, 4, 14, 14, 11, 4]
[3, 3, 0, 3, 4, 5, 6, 6, 6, 6, 12, 6, 3]
[2, 4, 2, 16, 4, 4, 9, 9, 6, 4, 14, 14, 14, 10, 16, 0, 20, 20, 20, 16, 16]
[2, 3, 0, 7, 7, 7, 3, 7, 10, 8, 12, 10, 12, 12, 14, 15, 18, 16, 3]
[4, 4, 4, 0, 4, 7, 9, 9, 5, 9, 12, 9, 4, 4, 4, 15, 15, 19, 17, 4]
[3, 3, 0, 6, 6, 3, 8, 6, 6, 12, 12, 9, 3, 3]
[2, 0, 6, 5, 6, 2, 2]
[4, 4, 4, 0, 4, 5, 9, 9, 6, 9, 12, 10, 4, 4, 16, 24, 19, 19, 16, 19, 23, 23, 20, 4, 27, 27, 24, 31, 30, 31, 27, 31, 35, 35, 31, 38, 38, 35, 38, 41, 43, 41, 39, 4]
[2, 4, 4, 0, 4, 4, 8, 6, 4, 11, 9, 4]
[2, 6, 6, 5, 6, 0, 6, 7, 6]
[4, 4, 4, 0, 4, 4, 8, 6, 10, 8, 10, 10, 15, 15, 12, 4]
[2, 5, 2, 3, 0, 12, 12, 12, 10, 8, 12, 5, 12, 12, 19, 19, 16, 16, 14, 19, 23, 23, 20, 5]
[10, 5, 2, 5, 1, 10, 8, 10, 10, 0, 10, 10, 10]
[4, 3, 4, 23, 7, 7, 4, 4, 10, 4, 12, 10, 12, 15, 18, 15, 18, 13, 23, 23, 23, 23, 0, 23]
[3, 3, 0, 3, 3, 3, 3, 3, 10, 3, 12, 10, 3, 3]
[12, 3, 6, 3, 6, 1, 6, 9, 7, 12, 12, 0, 12, 18, 18, 18, 18, 12, 18, 12]
[2, 0, 5, 5, 2, 2, 2, 10, 10, 2, 12, 10, 14, 12, 2]
[6, 3, 1, 1, 4, 0, 6, 7, 8, 11, 9, 6]
[3, 3, 0, 3, 3, 3, 8, 6, 3, 3, 13, 13, 3, 18, 18, 17, 18, 13, 18, 18, 3]
[6, 3, 6, 6, 6, 0, 6, 9, 7, 9, 10, 6]
[2, 4, 4, 0, 4, 4, 6, 7, 4]
[3, 3, 0, 5, 6, 3, 12, 12, 12, 9, 9, 6, 3, 3, 24, 19, 19, 19, 15, 22, 22, 19, 24, 3, 31, 31, 31, 31, 31, 31, 24, 3]
[2, 4, 4, 0, 4, 7, 11, 11, 11, 11, 4, 11, 14, 12, 14, 15, 16, 21, 21, 21, 17, 4]
[3, 3, 6, 6, 6, 0, 6, 7, 6, 6, 12, 15, 15, 15, 6, 15, 18, 16, 18, 22, 22, 18, 24, 15, 24, 24, 26, 6]
[2, 3, 0, 3, 7, 7, 4, 10, 10, 3, 10, 11, 14, 12, 10, 18, 18, 15, 3]
[3, 3, 0, 7, 7, 7, 8, 3, 14, 11, 14, 14, 14, 8, 14, 17, 15, 14, 14, 19, 23, 23, 20, 19, 3]
[7, 3, 1, 5, 7, 7, 0, 7, 7, 11, 7, 13, 11, 7]
[2, 0, 4, 2, 2, 2, 2]
[0, 1, 4, 2, 1, 5, 9, 9, 6, 1]
[7, 3, 7, 3, 3, 7, 12, 12, 12, 12, 12, 0, 14, 12, 16, 14, 12]
[3, 3, 0, 5, 8, 5, 5, 3, 10, 8, 10, 3]
[8, 8, 8, 8, 8, 8, 8, 0, 8]
[2, 0, 2, 6, 6, 3, 8, 6, 10, 8, 2]
[2, 0, 2, 7, 7, 7, 2, 2, 10, 8, 2, 14, 14, 11, 14, 2, 21, 19, 21, 21, 31, 26, 26, 26, 26, 21, 31, 31, 28, 31, 2, 31, 2]
[0, 1, 6, 6, 6, 2, 1]
[4, 4, 4, 0, 4, 5, 10, 7, 10, 4, 12, 10, 14, 12, 12, 17, 15, 17, 18, 19, 20, 12, 12, 25, 23, 23, 23, 29, 27, 23, 23, 35, 34, 35, 31, 4]
[2, 0, 2, 2, 4, 7, 5, 10, 10, 4, 12, 10, 15, 15, 12, 15, 10, 17, 18, 21, 18, 2]
[8, 1, 2, 8, 8, 5, 6, 0, 10, 8, 10, 11, 12, 10, 14, 8]
[4, 4, 4, 0, 4]
[3, 3, 0, 3, 6, 4, 6, 7, 8, 11, 8, 3]
[12, 1, 4, 1, 1, 7, 1, 12, 10, 12, 12, 0, 12, 20, 20, 20, 20, 20, 20, 12, 12]
[9, 5, 5, 5, 1, 9, 8, 9, 0, 9, 10, 13, 11, 13, 14, 13, 18, 13, 18, 19, 22, 18, 22, 22, 9]
[3, 3, 0, 3, 7, 7, 4, 9, 3, 11, 9, 11, 14, 17, 14, 17, 12, 9, 18, 19, 23, 23, 20, 23, 26, 23, 3]
[2, 11, 5, 5, 2, 2, 9, 9, 6, 11, 0, 11, 14, 11, 16, 14, 11, 20, 20, 11, 11, 21, 24, 21, 11]
[20, 4, 4, 1, 6, 4, 6, 10, 10, 7, 10, 14, 14, 10, 14, 10, 20, 20, 20, 0, 22, 20, 22, 20, 24, 20]
[5, 5, 5, 5, 0, 5]
[5, 3, 5, 5, 12, 12, 8, 12, 12, 12, 12, 0, 14, 12, 14, 15, 18, 16, 12]
[8, 6, 6, 3, 3, 8, 8, 21, 11, 11, 8, 11, 21, 15, 21, 15, 18, 16, 21, 21, 0, 24, 24, 21, 24, 21]
[3, 3, 15, 7, 7, 7, 3, 15, 15, 15, 15, 15, 15, 15, 0, 15]
[5, 5, 5, 5, 0, 5, 9, 9, 5, 9, 9, 9, 14, 15, 9, 5]
[8, 8, 8, 3, 6, 4, 8, 0, 8, 13, 12, 13, 9, 13, 14, 19, 19, 19, 13, 8]
[2, 3, 0, 3, 4, 3, 8, 11, 11, 11, 3, 11, 15, 15, 11, 15, 18, 16, 3]
[14, 3, 1, 5, 3, 5, 8, 6, 14, 12, 10, 14, 14, 0, 14, 18, 18, 15, 20, 21, 18, 14, 14, 25, 27, 25, 31, 27, 27, 31, 14, 31, 32, 14]
[3, 3, 12, 8, 8, 8, 8, 3, 8, 9, 12, 0, 14, 12, 12, 12, 21, 21, 21, 21, 12, 21, 24, 22, 21, 12, 31, 27, 28, 31, 12, 31, 12]
[3, 3, 5, 5, 0, 7, 5, 5, 10, 8, 5, 5, 16, 16, 16, 17, 5, 19, 17, 22, 22, 19, 5]
[2, 5, 2, 5, 8, 8, 8, 0, 10, 12, 10, 8, 8, 16, 16, 13, 8]
[2, 4, 2, 0, 8, 8, 8, 4, 10, 8, 4, 15, 15, 15, 18, 18, 18, 4, 24, 24, 24, 24, 24, 18, 4]
[4, 4, 4, 0, 4, 4, 8, 6, 8, 14, 12, 14, 14, 8, 8, 17, 8, 21, 21, 21, 17, 24, 24, 21, 4]
[2, 15, 2, 5, 8, 5, 8, 3, 15, 15, 15, 15, 15, 15, 0, 21, 20, 17, 17, 21, 15, 24, 24, 21, 15]
[0, 1, 1, 1, 1, 1]
[2, 0, 2, 3, 2, 8, 8, 5, 11, 11, 8, 11, 14, 12, 16, 14, 11, 22, 22, 22, 22, 17, 22, 26, 26, 23, 2]
[3, 3, 5, 5, 0, 5, 8, 9, 5, 9, 15, 15, 14, 15, 10, 23, 23, 20, 20, 21, 23, 23, 15, 23, 26, 28, 28, 24, 5]
[3, 3, 5, 5, 0, 5, 9, 9, 5, 9, 12, 9, 5]
[2, 3, 0, 3, 3, 5, 3]
[2, 0, 2, 6, 6, 3, 6, 11, 8, 11, 7, 2]
[3, 3, 0, 5, 3, 8, 8, 5, 8, 8, 10, 10, 8, 15, 8, 17, 15, 17, 20, 18, 17, 23, 21, 3]
[7, 1, 5, 5, 2, 7, 0, 7, 7, 12, 12, 13, 7, 15, 13, 13, 20, 19, 20, 16, 7, 7, 27, 25, 27, 27, 7, 27, 28, 7]
[2, 0, 6, 6, 6, 2, 2, 2, 12, 12, 12, 2, 12, 13, 2]
[4, 3, 4, 8, 8, 8, 8, 0, 10, 8, 13, 13, 10, 15, 8, 15, 18, 16, 8]
[3, 3, 7, 7, 6, 7, 0, 7, 11, 11, 7, 16, 16, 16, 16, 11, 16, 19, 17, 7, 7, 26, 26, 26, 26, 7, 29, 29, 26, 29, 30, 31, 34, 32, 34, 34, 7]
[5, 5, 5, 5, 23, 5, 11, 11, 11, 11, 6, 23, 14, 23, 14, 18, 18, 14, 18, 21, 19, 14, 0, 25, 23, 23, 28, 26, 33, 33, 33, 33, 28, 23]
[2, 5, 2, 3, 0, 21, 10, 10, 10, 21, 10, 10, 12, 15, 17, 17, 13, 10, 21, 21, 5, 27, 27, 27, 27, 27, 21, 5]
[2, 0, 4, 2, 4, 7, 4, 4, 4, 11, 4, 2, 12, 2, 2, 19, 19, 19, 2, 19, 19, 19, 22, 23, 2]
[5, 5, 5, 5, 0, 5, 5]
[8, 3, 8, 3, 8, 8, 8, 0, 8]
[3, 3, 17, 3, 4, 8, 8, 5, 5, 13, 13, 13, 9, 17, 16, 17, 0, 20, 20, 17, 17, 25, 25, 25, 21, 17]
[5, 5, 4, 5, 0, 9, 9, 9, 5, 11, 13, 11, 14, 9, 17, 17, 14, 14, 18, 5, 5, 27, 24, 27, 27, 27, 5, 5]
[3, 1, 6, 6, 6, 0, 6, 9, 7, 9, 13, 11, 10, 6]
[6, 3, 6, 6, 6, 0, 8, 6, 8, 9, 15, 15, 15, 15, 10, 8, 18, 16, 20, 18, 20, 6]
[4, 4, 4, 17, 6, 4, 8, 6, 6, 12, 12, 9, 17, 16, 14, 17, 0, 17, 17, 17, 17, 23, 21, 25, 23, 23, 29, 29, 26, 17]
[2, 0, 4, 5, 2, 7, 5, 11, 11, 11, 7, 5, 14, 12, 2, 2, 18, 21, 21, 21, 2, 29, 29, 29, 29, 29, 29, 29, 21, 21, 30, 33, 34, 31, 36, 34, 39, 39, 34, 2]
[3, 3, 0, 3, 6, 4, 3, 3, 3, 3, 3, 3, 14, 3, 14, 17, 14, 3]
[14, 14, 14, 14, 9, 7, 9, 9, 4, 14, 14, 14, 14, 0, 16, 14, 16, 19, 17, 31, 31, 23, 31, 23, 31, 31, 31, 31, 30, 31, 19, 34, 34, 31, 37, 37, 34, 37, 40, 43, 40, 43, 38, 14]
[2, 5, 5, 5, 0, 5, 10, 10, 10, 6, 13, 13, 5, 15, 13, 15, 19, 19, 16, 5]
[10, 5, 5, 5, 10, 5, 10, 10, 10, 0, 13, 13, 10, 19, 17, 17, 19, 19, 10, 10]
[2, 0, 5, 5, 2, 5, 8, 6, 2]
[4, 4, 4, 5, 0, 9, 9, 9, 5, 9, 10, 5, 5, 15, 13, 15, 18, 16, 18, 19, 23, 23, 15, 23, 24, 23, 23, 27, 30, 28, 23, 35, 35, 35, 31, 5]
[4, 4, 4, 0, 4, 7, 5, 4, 12, 12, 12, 4, 16, 16, 16, 12, 18, 16, 20, 16, 23, 23, 20, 4]
[2, 0, 4, 2, 4, 4, 13, 9, 13, 9, 9, 13, 4, 15, 13, 17, 15, 19, 17, 2]
[4, 4, 4, 0, 6, 4, 6, 9, 7, 11, 9, 14, 14, 6, 14, 17, 22, 17, 17, 21, 22, 14, 24, 14, 26, 24, 4]
[3, 3, 0, 3, 6, 7, 4, 3]
[14, 14, 14, 3, 4, 5, 8, 6, 3, 3, 10, 11, 14, 0, 14, 15, 21, 21, 21, 21, 16, 23, 21, 14]
[3, 3, 0, 5, 3, 7, 5, 9, 7, 14, 14, 14, 14, 9, 14, 17, 15, 17, 15, 21, 19, 21, 15, 25, 23, 23, 9, 27, 28, 28, 30, 30, 30, 3]
[4, 4, 4, 0, 4, 7, 5, 10, 10, 4, 10, 10, 12, 4, 4, 18, 18, 15, 18, 21, 18, 18, 18, 23, 18, 27, 28, 18, 18, 31, 18, 31, 31, 33, 37, 37, 34, 4]
[2, 4, 4, 0, 4, 7, 5, 7, 10, 8, 4, 4, 20, 13, 14, 17, 15, 20, 20, 4, 22, 20, 25, 25, 22, 25, 25, 25, 4]
[2, 0, 4, 2, 6, 4, 6, 10, 10, 7, 6, 11, 16, 15, 16, 17, 12, 17, 18, 17, 23, 23, 20, 2]
[4, 4, 4, 0, 4, 4, 4, 11, 11, 11, 4, 11, 16, 15, 16, 12, 18, 16, 20, 18, 18, 18, 22, 4]
[7, 1, 7, 7, 7, 7, 0, 7, 10, 8, 7, 11, 7, 7, 20, 20, 20, 20, 20, 7, 20, 23, 21, 23, 27, 27, 24, 20, 30, 28, 30, 33, 31, 7]
[0, 3, 1, 6, 6, 3, 6, 7, 8, 11, 9, 13, 11, 13, 13, 13, 13, 17, 20, 18, 3, 24, 24, 21, 24, 28, 28, 25, 1]
[15, 3, 4, 1, 6, 4, 8, 6, 8, 11, 9, 15, 14, 15, 0, 24, 24, 22, 22, 22, 22, 24, 22, 15, 27, 27, 24, 15]
[2, 0, 2, 3, 6, 4, 2, 2, 10, 8, 13, 13, 10, 17, 17, 17, 13, 17, 18, 23, 23, 23, 19, 25, 23, 2]
[8, 8, 4, 8, 6, 4, 8, 17, 8, 11, 8, 14, 14, 11, 17, 17, 0, 20, 20, 17, 20, 20, 24, 22, 17]
[2, 5, 2, 2, 8, 8, 8, 0, 8, 8, 8, 8, 14, 21, 21, 21, 21, 21, 21, 21, 8, 8]
[4, 4, 4, 0, 6, 4, 10, 10, 10, 6, 10, 11, 14, 10, 14, 14, 4, 4, 22, 22, 22, 4, 22, 22, 28, 28, 28, 22, 28, 29, 32, 29, 4]
[4, 3, 4, 10, 4, 9, 9, 9, 5, 0, 13, 13, 16, 13, 16, 10, 16, 19, 16, 10, 22, 20, 22, 25, 22, 10]
[3, 1, 10, 10, 10, 5, 6, 7, 10, 0, 10, 13, 11, 13, 16, 13, 16, 19, 17, 10]
[2, 4, 2, 15, 4, 4, 8, 6, 8, 9, 10, 11, 12, 4, 0, 15, 18, 27, 18, 21, 27, 21, 21, 21, 21, 27, 15, 15]
[2, 8, 2, 6, 6, 3, 8, 0, 10, 8, 12, 13, 10, 10, 17, 17, 14, 8]
[2, 5, 5, 5, 0, 5, 5, 24, 17, 17, 12, 17, 12, 17, 17, 17, 24, 24, 21, 21, 24, 24, 24, 5, 26, 24, 26, 26, 28, 29, 5]
[2, 0, 2, 2, 2, 9, 8, 9, 11, 11, 2, 11, 14, 11, 2]
[3, 3, 22, 3, 8, 8, 8, 4, 12, 12, 12, 3, 14, 12, 16, 14, 16, 19, 17, 22, 22, 0, 25, 25, 22, 29, 29, 29, 25, 29, 32, 30, 22]
[2, 13, 4, 2, 4, 7, 5, 7, 11, 11, 8, 13, 0, 13, 13, 17, 13, 13]
[7, 1, 1, 7, 6, 7, 0, 7, 10, 7, 7, 13, 11, 13, 16, 14, 7]
[5, 5, 5, 5, 0, 5, 13, 13, 13, 13, 13, 13, 5, 5]
[2, 8, 2, 2, 8, 7, 8, 0, 8, 11, 8, 11, 11, 16, 16, 22, 19, 19, 22, 22, 22, 13, 8]
[3, 3, 6, 6, 6, 0, 6]
[4, 4, 4, 0, 6, 4, 8, 6, 6, 4, 13, 13, 10, 4]
[5, 5, 4, 5, 0, 5, 10, 10, 10, 6, 13, 13, 10, 15, 13, 15, 5]
[2, 8, 2, 5, 3, 8, 8, 0, 14, 14, 12, 14, 14, 8, 16, 14, 8]
[2, 15, 2, 2, 9, 8, 8, 9, 4, 15, 15, 15, 15, 15, 0, 15]
[19, 3, 1, 3, 7, 7, 4, 7, 10, 7, 10, 7, 15, 15, 7, 19, 19, 19, 0, 24, 24, 24, 24, 19, 24, 25, 24, 31, 28, 31, 27, 19]
[3, 3, 0, 3, 3, 3, 3, 3, 3, 3, 3, 3]
[3, 3, 0, 3, 6, 4, 6, 7, 7, 11, 9, 3]
[0, 5, 5, 5, 1, 5, 1, 10, 10, 7, 10, 13, 10, 13, 14, 13, 13, 17, 17, 19, 20, 1]
[4, 4, 4, 0, 4, 7, 4, 9, 7, 9, 9, 13, 15, 13, 11, 4]
[15, 4, 4, 15, 7, 7, 4, 7, 12, 9, 12, 8, 15, 15, 0, 15, 15, 15, 15, 23, 23, 23, 19, 30, 30, 30, 30, 30, 30, 23, 15]
[4, 4, 4, 12, 6, 4, 6, 12, 12, 12, 12, 0, 12]
[16, 1, 5, 5, 2, 5, 5, 5, 13, 13, 13, 13, 8, 16, 16, 0, 18, 19, 20, 16, 20, 25, 25, 25, 21, 16, 30, 30, 30, 26, 16]
[6, 6, 6, 5, 6, 0, 6, 9, 6, 6]
[3, 3, 0, 3, 3, 8, 8, 5, 3, 3]
[2, 4, 4, 0, 4, 7, 5, 4, 4, 32, 12, 10, 14, 12, 16, 14, 16, 19, 16, 14, 24, 24, 24, 20, 24, 29, 29, 29, 25, 32, 32, 4, 34, 32, 32, 37, 35, 4]
[3, 3, 0, 3]
[2, 4, 4, 13, 7, 7, 4, 7, 7, 9, 13, 13, 0, 15, 13, 15, 18, 15, 20, 18, 13]
[3, 3, 6, 6, 6, 0, 6, 6, 13, 13, 13, 13, 6, 16, 16, 13, 18, 16, 18, 19, 6]
[2, 3, 0, 3, 8, 8, 8, 3, 8, 9, 10, 14, 14, 11, 14, 18, 18, 14, 20, 18, 3]
[12, 4, 4, 1, 4, 8, 8, 5, 12, 11, 12, 0, 15, 15, 12, 15, 16, 12]
[5, 5, 5, 5, 16, 16, 16, 7, 10, 8, 10, 11, 12, 12, 16, 0, 16, 16, 18, 21, 19, 16]
[10, 4, 4, 1, 10, 9, 9, 9, 10, 0, 12, 10, 12, 16, 16, 13, 10]
[2, 0, 7, 7, 7, 7, 2, 7, 11, 11, 8, 2, 2, 15, 2, 15, 18, 16, 18, 19, 23, 23, 15, 2]
[2, 0, 5, 5, 2, 5, 5, 10, 10, 5, 13, 13, 10, 2]
[11, 11, 5, 5, 2, 11, 8, 11, 8, 9, 0, 11, 11, 18, 18, 18, 18, 13, 20, 18, 20, 24, 24, 21, 24, 27, 25, 11]
[2, 4, 4, 0, 4]
[2, 0, 2]
[2, 0, 2, 7, 7, 7, 3, 2]
[9, 7, 7, 7, 7, 7, 9, 7, 18, 11, 12, 9, 9, 13, 18, 18, 18, 0, 18, 21, 24, 23, 24, 19, 18]
[3, 3, 0, 5, 3, 7, 3, 7, 24, 11, 24, 13, 11, 16, 14, 13, 24, 19, 24, 24, 24, 24, 24, 3, 3]
[5, 5, 5, 5, 0, 7, 5, 9, 5, 12, 12, 9, 9, 15, 13, 5, 5, 20, 20, 28, 20, 20, 22, 28, 28, 28, 28, 5, 30, 28, 5]
[4, 4, 4, 0, 6, 4, 6, 9, 6, 9, 13, 13, 9, 9, 17, 17, 21, 21, 18, 19, 9, 9, 9, 27, 27, 27, 9, 27, 32, 32, 32, 28, 4]
[2, 0, 7, 7, 4, 4, 2, 2, 2, 11, 13, 13, 2, 15, 13, 13, 19, 17, 16, 19, 20, 2]
[0, 1, 1, 5, 3, 1]
[5, 5, 5, 5, 0, 7, 5, 5, 5, 5, 18, 11, 18, 15, 18, 18, 18, 5, 18, 19, 18, 25, 25, 25, 18, 27, 25, 30, 30, 27, 5]
[6, 1, 4, 1, 6, 0, 6, 6, 11, 11, 8, 15, 15, 15, 11, 15, 15, 21, 21, 21, 17, 21, 22, 21, 24, 6]
[5, 5, 5, 5, 0, 7, 5, 7, 10, 7, 10, 14, 14, 11, 7, 20, 20, 20, 20, 15, 5]
[3, 3, 0, 6, 6, 3, 3, 7, 8, 8, 14, 14, 14, 10, 3]
[2, 13, 4, 2, 4, 7, 9, 7, 5, 13, 12, 13, 0, 15, 16, 13, 18, 16, 18, 22, 22, 19, 13]
[2, 5, 5, 5, 0, 5, 9, 9, 5, 9, 12, 10, 14, 12, 16, 14, 5, 5, 22, 22, 22, 5, 22, 23, 26, 24, 32, 29, 32, 32, 32, 23, 32, 33, 36, 34, 36, 5]
[2, 11, 2, 5, 2, 2, 11, 11, 11, 11, 0, 11, 16, 16, 16, 12, 18, 11, 25, 21, 25, 25, 24, 25, 18, 25, 28, 26, 28, 31, 29, 25, 35, 33, 32, 11]
[4, 3, 4, 0, 4]
[2, 10, 4, 2, 6, 4, 10, 10, 10, 0, 10]
[4, 4, 4, 13, 6, 4, 6, 7, 13, 13, 13, 13, 0, 13, 14, 18, 18, 13, 13]
[8, 8, 2, 5, 2, 8, 8, 0, 8]
[0, 5, 5, 5, 1, 5, 1]
[2, 0, 2, 5, 3, 5, 5, 10, 10, 7, 10, 11, 14, 12, 12, 17, 15, 17, 18, 19, 2]
[0, 1, 6, 5, 6, 1, 6, 7, 6, 13, 13, 13, 9, 6, 6, 21, 21, 21, 21, 21, 15, 21, 24, 21, 21, 27, 25, 1]
[2, 7, 2, 3, 7, 7, 0, 7, 7, 12, 12, 7, 15, 15, 12, 7]
[3, 3, 4, 0, 8, 8, 8, 4, 8, 8, 10, 13, 11, 16, 16, 13, 18, 16, 8, 23, 23, 23, 8, 23, 4]
[4, 4, 4, 7, 4, 5, 0, 12, 11, 11, 12, 7, 15, 15, 12, 7]
[2, 0, 4, 2, 2, 2, 6, 2, 10, 8, 10, 2]
[2, 9, 2, 2, 9, 9, 9, 9, 0, 9]
[2, 4, 2, 6, 6, 0, 6, 11, 11, 11, 7, 14, 14, 11, 14, 14, 6]
[4, 4, 4, 0, 7, 7, 4, 4, 11, 11, 8, 4, 15, 15, 4, 18, 18, 15, 15, 22, 22, 19, 15, 25, 23, 15, 28, 15, 30, 28, 32, 35, 32, 35, 30, 30, 30, 39, 37, 39, 42, 40, 4]
[2, 19, 2, 3, 4, 4, 6, 4, 10, 4, 14, 14, 14, 10, 4, 19, 19, 19, 0, 28, 24, 23, 24, 28, 28, 28, 28, 19, 19]
[3, 3, 0, 3, 6, 3, 3, 10, 10, 3, 3, 16, 14, 16, 16, 3, 3, 19, 3, 3, 23, 23, 3, 3]
[9, 9, 4, 9, 7, 7, 4, 7, 0, 11, 12, 9, 14, 12, 16, 14, 16, 19, 16, 14, 14, 21, 24, 22, 9]
[2, 0, 4, 2, 4, 5, 9, 9, 6, 2]
[2, 6, 2, 6, 6, 7, 0, 7, 8, 7, 7, 13, 11, 7]
[3, 3, 4, 0, 8, 8, 8, 10, 10, 4, 10, 10, 10, 13, 4]
[17, 1, 6, 5, 6, 2, 12, 11, 11, 11, 12, 6, 12, 12, 17, 17, 0, 17, 22, 22, 22, 17, 22, 22, 28, 25, 28, 24, 17]
[2, 0, 5, 5, 2, 8, 8, 5, 2]
[2, 5, 5, 5, 0, 5, 10, 7, 10, 6, 5]
[2, 6, 6, 6, 6, 0, 6, 10, 10, 7, 12, 6, 12, 18, 18, 18, 18, 13, 18, 18, 22, 18, 6]
[5, 3, 5, 5, 0, 7, 5, 7, 11, 11, 8, 11, 12, 13, 5]
[5, 5, 5, 5, 0, 5, 5, 7, 8, 11, 12, 9, 8, 15, 8, 17, 15, 17, 17, 21, 19, 21, 21, 5]
[8, 8, 8, 8, 8, 8, 8, 0, 8]
[2, 5, 5, 5, 0, 5, 5]
[0, 1, 4, 1, 8, 8, 8, 9, 4, 9, 1]
[5, 5, 5, 5, 0, 5, 5, 12, 12, 12, 12, 5, 12, 13, 5]
[2, 4, 4, 0, 4, 4, 9, 9, 4, 11, 4, 11, 12, 4]
[3, 3, 0, 5, 3, 5, 6, 7, 10, 8, 3]
[0, 1, 2, 3, 6, 4, 8, 6, 11, 11, 13, 13, 8, 1]
[2, 9, 2, 9, 9, 5, 8, 6, 0, 9, 12, 10, 9, 15, 13, 9, 9, 23, 20, 18, 23, 23, 9, 23, 24, 23, 30, 30, 30, 23, 30, 33, 31, 33, 33, 33, 40, 40, 40, 33, 40, 43, 41, 9]
[2, 11, 2, 5, 3, 11, 11, 7, 11, 11, 0, 11, 14, 12, 11]
[2, 5, 5, 5, 12, 12, 9, 9, 12, 12, 12, 0, 15, 15, 12, 12]
[2, 0, 4, 2, 2, 7, 5, 9, 7, 11, 12, 9, 9, 2, 2, 17, 15, 20, 20, 17, 22, 20, 24, 25, 22, 22, 29, 29, 26, 2]
[3, 3, 0, 3, 9, 7, 9, 9, 4, 9, 15, 15, 15, 15, 10, 3]
[9, 4, 4, 9, 4, 7, 5, 9, 0, 9, 9]
[5, 1, 5, 5, 6, 0, 8, 6, 11, 11, 8, 11, 23, 23, 23, 17, 15, 23, 23, 19, 22, 19, 12, 23, 26, 24, 6]
[2, 4, 4, 0, 4, 4, 6, 6, 12, 12, 12, 8, 4]
[2, 3, 0, 3, 3, 7, 9, 9, 5, 12, 12, 9, 12, 12, 18, 18, 18, 14, 3]
[2, 3, 0, 3, 3, 3, 8, 12, 12, 12, 12, 3, 12, 16, 16, 12, 19, 19, 12, 3]
[0, 1, 1, 5, 3, 5, 5, 7, 5, 5, 12, 10, 12, 16, 16, 13, 16, 19, 16, 23, 22, 23, 19, 1]
[4, 4, 4, 0, 4, 5, 4, 11, 10, 11, 4, 11, 12, 16, 16, 13, 11, 20, 20, 17, 4, 24, 24, 4, 40, 25, 26, 25, 30, 25, 30, 30, 37, 37, 37, 37, 32, 25, 40, 24, 4]
[2, 0, 2, 2, 2]
[3, 3, 0, 6, 6, 3, 6, 6, 12, 12, 12, 8, 3]
[14, 1, 5, 5, 2, 14, 8, 14, 10, 8, 10, 14, 14, 0, 16, 14, 16, 16, 20, 18, 22, 20, 22, 23, 14]
[12, 5, 4, 5, 12, 7, 5, 5, 12, 12, 12, 0, 14, 12, 16, 14, 16, 16, 12]
[2, 0, 2]
[4, 3, 4, 5, 0, 8, 8, 5, 10, 8, 8, 13, 11, 8, 8, 20, 20, 20, 20, 15, 15, 15, 25, 25, 15, 28, 28, 25, 30, 28, 33, 33, 30, 33, 36, 34, 36, 39, 41, 39, 37, 30, 30, 43, 43, 47, 45, 43, 48, 5]
[2, 0, 5, 5, 2, 5, 6, 9, 6, 9, 12, 10, 2]
[8, 3, 8, 8, 8, 8, 8, 0, 11, 11, 8, 13, 11, 13, 8]
[9, 9, 4, 9, 4, 7, 5, 9, 0, 9]
[9, 1, 2, 1, 7, 7, 4, 9, 0, 12, 12, 9, 9, 9, 14, 9]
[2, 0, 5, 5, 2, 5, 6, 7, 7, 11, 5, 13, 11, 11, 16, 14, 16, 19, 17, 21, 16, 23, 28, 25, 23, 28, 28, 21, 2]
[5, 5, 5, 5, 0, 7, 5, 9, 5, 9, 10, 5]
[8, 8, 2, 5, 3, 8, 8, 0, 11, 11, 8, 8]
[0, 4, 4, 1, 1, 1]
[3, 3, 8, 3, 6, 4, 8, 0, 8, 8, 8]
[12, 1, 1, 1, 4, 7, 5, 7, 12, 12, 12, 0, 12]
[5, 5, 5, 5, 0, 8, 8, 5, 10, 8, 8, 16, 16, 16, 16, 11, 5]
[4, 4, 4, 0, 4]
[14, 1, 4, 2, 14, 8, 8, 14, 8, 11, 8, 14, 14, 0, 14, 14, 18, 16, 20, 18, 22, 23, 20, 23, 24, 14]
[7, 7, 7, 5, 7, 7, 0, 7, 11, 11, 8, 11, 16, 16, 16, 12, 16, 19, 16, 19, 26, 26, 26, 26, 26, 19, 7]
[3, 1, 6, 6, 6, 0, 11, 11, 11, 11, 6, 6]
[4, 4, 4, 0, 4, 7, 5, 7, 10, 8, 13, 13, 15, 15, 10, 4]
[0, 5, 5, 5, 1, 7, 5, 7, 11, 11, 7, 7, 1, 16, 16, 13, 1]
[3, 3, 6, 6, 6, 0, 12, 7, 10, 12, 12, 6, 12, 15, 17, 17, 12, 6]
[3, 3, 0, 3, 4, 5, 5, 10, 10, 5, 10, 10, 3, 16, 16, 13, 3]
[5, 5, 2, 2, 14, 7, 5, 9, 10, 11, 7, 14, 14, 0, 17, 17, 14, 14, 29, 22, 22, 29, 22, 23, 24, 24, 29, 29, 14, 14]
[2, 4, 4, 0, 4, 4, 4, 9, 7, 4, 12, 10, 14, 12, 14, 17, 15, 14, 20, 23, 20, 23, 18, 4]
[10, 3, 1, 3, 7, 7, 4, 10, 10, 0, 10, 13, 11, 10]
[20, 1, 11, 11, 11, 11, 8, 6, 11, 11, 1, 11, 12, 15, 13, 17, 15, 20, 20, 0, 22, 20, 20]
[2, 4, 2, 8, 4, 7, 4, 0, 8, 8, 14, 11, 11, 10, 14, 14, 8]
[3, 3, 0, 3, 3, 3, 3, 9, 7, 12, 12, 3, 12, 12, 16, 14, 3]
[2, 0, 4, 2, 4, 2, 2, 7, 12, 12, 12, 8, 12, 15, 13, 12, 12, 17, 18, 21, 19, 18, 18, 18, 26, 24, 18, 18, 18, 29, 32, 30]
[3, 3, 4, 0, 6, 4, 6, 7, 8, 9, 12, 9, 4, 19, 19, 19, 19, 19, 13, 4, 4, 25, 22, 25, 32, 25, 30, 30, 30, 26, 32, 4, 34, 32, 34, 4]
[6, 6, 6, 6, 6, 0, 6, 11, 11, 11, 6, 11, 11, 13, 14, 6, 6]
[4, 3, 4, 0, 4, 5, 8, 6, 10, 8, 10, 11, 6, 6, 14, 14, 16, 19, 17, 14, 24, 24, 24, 14, 4]
[2, 20, 4, 2, 4, 2, 6, 7, 15, 9, 15, 11, 14, 11, 8, 20, 20, 20, 20, 0, 20, 21, 22, 25, 22, 22, 28, 22, 20]
[3, 3, 0, 7, 7, 7, 3, 7, 3, 9, 10, 13, 11, 10, 17, 17, 14, 17, 20, 18, 3, 23, 3, 3]
[4, 4, 4, 0, 4, 10, 10, 10, 10, 5, 4]
[19, 4, 4, 19, 4, 5, 19, 12, 12, 12, 12, 19, 12, 16, 14, 13, 19, 19, 0, 23, 23, 23, 19, 23, 24, 19]
[5, 5, 5, 3, 0, 5, 10, 10, 10, 6, 6, 19, 19, 19, 19, 19, 19, 19, 11, 19, 22, 20, 22, 22, 5]
[2, 0, 4, 2, 4, 7, 5, 2, 2, 2, 12, 2, 12, 15, 12, 15, 16, 17, 20, 17, 15, 21, 2]
[4, 1, 1, 0, 4, 5, 6, 10, 10, 12, 10, 7, 4]
[3, 3, 22, 7, 7, 7, 3, 9, 7, 11, 9, 9, 15, 15, 17, 15, 12, 22, 22, 22, 22, 0, 25, 25, 22, 22]
[3, 3, 23, 3, 6, 4, 8, 3, 8, 13, 13, 13, 9, 8, 3, 17, 20, 17, 20, 3, 20, 21, 0, 23, 23, 23]
[2, 0, 2, 2, 6, 4, 8, 6, 8, 9, 2]
[4, 4, 4, 12, 4, 12, 9, 9, 6, 9, 12, 0, 12]
[3, 3, 0, 3, 8, 8, 8, 4, 8, 11, 14, 11, 14, 9, 8, 22, 16, 20, 20, 22, 22, 8, 22, 25, 26, 23, 28, 26, 28, 28, 28, 33, 28, 39, 37, 37, 39, 37, 28, 39, 39, 3]
[0, 1]
[0, 1]
[0, 3, 1, 3, 4, 5, 6, 11, 11, 11, 7, 1]
[0, 3, 1, 3, 1]
[3, 3, 11, 3, 7, 7, 4, 11, 10, 11, 0, 14, 14, 11, 14, 15, 18, 16, 14, 19, 22, 20, 11]
[2, 0, 2, 2, 2, 9, 9, 9, 2, 11, 9, 13, 15, 13, 16, 11, 16, 16, 21, 21, 22, 16, 16, 16, 27, 27, 28, 16, 2]
[16, 16, 16, 10, 10, 10, 10, 10, 10, 3, 16, 13, 16, 16, 16, 0, 16]
[6, 1, 2, 6, 6, 0, 6, 6, 13, 13, 13, 13, 6, 6]
[5, 5, 5, 5, 0, 5]
[3, 3, 0, 3, 7, 7, 4, 3]
[2, 4, 4, 0, 7, 7, 8, 4, 8, 12, 12, 9, 12, 15, 13, 18, 18, 15, 4]
[8, 8, 6, 6, 6, 8, 8, 11, 11, 11, 0, 17, 17, 17, 17, 17, 11, 11]
[4, 4, 4, 0, 4, 4, 6, 7, 10, 8, 10, 11, 12, 16, 16, 13, 4]
[2, 3, 0, 5, 3, 5, 5, 9, 7, 13, 13, 13, 9, 13, 16, 9, 16, 19, 16, 16, 20, 23, 24, 16, 3, 3, 29, 29, 36, 29, 32, 30, 36, 36, 36, 3, 3]
[0, 3, 1, 6, 6, 3, 12, 12, 12, 12, 12, 6, 1, 15, 22, 15, 18, 22, 18, 22, 22, 1, 22, 26, 26, 22, 28, 26, 31, 31, 28, 28, 32, 35, 33, 40, 40, 40, 40, 35, 40, 43, 41, 45, 43, 1]
[7, 7, 4, 7, 7, 7, 0, 7, 8, 7, 7, 13, 7, 13, 14, 7]
[7, 7, 5, 5, 7, 7, 0, 7]
[0, 1, 5, 5, 1, 1]
[3, 3, 0, 3, 7, 7, 4, 3, 3, 11, 9, 11, 15, 15, 12, 9, 18, 9, 24, 21, 24, 24, 24, 18, 27, 27, 24, 27, 31, 31, 28, 34, 34, 31, 34, 35, 3]
[2, 0, 2, 5, 8, 8, 8, 3, 10, 2, 10, 10, 14, 12, 10, 15, 16, 19, 17, 19, 23, 23, 20, 23, 23, 25, 25, 2]
[4, 4, 4, 0, 9, 7, 9, 9, 4, 11, 9, 9, 9, 9, 14, 17, 15, 14, 18, 4]
[2, 3, 0, 5, 3, 5, 8, 6, 8, 11, 9, 3]
[2, 6, 2, 5, 3, 0, 9, 9, 6, 11, 9, 11, 12, 15, 13, 11, 16, 19, 17, 19, 22, 20, 6]
[0, 1, 6, 3, 6, 2, 6, 10, 10, 6, 10, 11, 12, 16, 16, 12, 1]
[3, 3, 13, 5, 8, 5, 5, 13, 8, 12, 12, 9, 15, 15, 0, 15, 18, 16, 15, 21, 19, 21, 24, 21, 15]
[0, 3, 1, 3, 7, 7, 4, 7, 10, 8, 10, 13, 11, 1, 16, 1, 16, 17, 20, 18, 20, 28, 28, 28, 24, 27, 25, 21, 1]
[4, 4, 4, 0, 6, 8, 6, 4, 10, 4, 12, 10, 12, 16, 16, 13, 4, 19, 4, 21, 19, 21, 25, 25, 21, 21, 21, 4]
[9, 5, 5, 5, 9, 8, 8, 9, 0, 9, 12, 9]
[2, 0, 2, 2, 2, 7, 9, 7, 5, 5, 5, 13, 16, 13, 16, 11, 2]
[3, 3, 0, 6, 6, 7, 3, 9, 7, 13, 13, 13, 9, 9, 16, 17, 14, 3]
[0, 1, 6, 5, 6, 2, 6, 9, 7, 1]
[2, 0, 2, 3, 4, 2]
[3, 3, 0, 3]
[4, 4, 4, 0, 4]
[2, 4, 4, 0, 4, 9, 9, 9, 5, 9, 9, 11, 12, 13, 16, 22, 16, 19, 22, 19, 22, 14, 9, 27, 27, 27, 9, 29, 27, 4]
[2, 0, 2, 5, 3, 3, 10, 10, 10, 6, 2]
[3, 3, 11, 3, 6, 4, 6, 9, 6, 11, 0, 11, 11]
[4, 3, 4, 0, 4, 4]
[6, 1, 5, 5, 2, 0, 8, 6, 6, 9, 6, 16, 16, 16, 16, 6, 16, 17, 20, 18, 29, 29, 29, 29, 29, 27, 25, 29, 20, 29, 29, 31, 6]
[3, 3, 5, 5, 0, 7, 5, 10, 10, 5, 12, 10, 14, 15, 12, 15, 18, 16, 5, 5, 24, 24, 24, 5, 26, 24, 28, 26, 5]
[0, 1, 6, 6, 6, 2, 11, 11, 11, 11, 6, 11, 11, 17, 17, 17, 11, 20, 20, 17, 20, 21, 22, 22, 1]
[2, 0, 4, 2, 4, 5, 2, 9, 7, 2]
[2, 4, 2, 7, 7, 7, 0, 12, 12, 12, 12, 7, 14, 12, 22, 18, 18, 22, 18, 21, 19, 14, 7]
[4, 3, 4, 20, 8, 8, 8, 4, 8, 11, 9, 20, 15, 15, 18, 15, 18, 20, 20, 0, 20, 20, 22, 26, 26, 23, 26, 27, 32, 32, 32, 28, 20]
[3, 3, 0, 5, 17, 11, 11, 11, 11, 11, 14, 11, 14, 5, 14, 17, 3, 17, 23, 23, 23, 23, 18, 23, 27, 27, 24, 3]
[3, 3, 6, 6, 6, 0, 6, 7, 11, 11, 8, 11, 12, 6]
[2, 4, 4, 0, 4, 4, 8, 9, 4, 9, 4]
[4, 3, 4, 18, 4, 7, 4, 7, 8, 11, 14, 11, 14, 9, 18, 18, 18, 0, 20, 18, 20, 21, 18]
[2, 0, 2, 5, 2, 13, 9, 9, 12, 9, 12, 13, 5, 13, 13, 17, 15, 19, 17, 19, 23, 23, 20, 23, 24, 5, 5, 27, 27, 2]
[5, 5, 5, 5, 0, 5]
[7, 7, 7, 3, 3, 7, 0, 7, 10, 8, 10, 10, 12, 7]
[0, 1, 1, 5, 8, 8, 8, 3, 8, 12, 12, 8, 17, 17, 17, 17, 8, 21, 21, 21, 17, 23, 21, 23, 23, 1]
[13, 1, 4, 1, 1, 1, 1, 9, 1, 13, 12, 13, 0, 19, 19, 19, 16, 17, 13, 22, 22, 19, 13]
[5, 5, 5, 5, 0, 5, 8, 6, 5, 12, 12, 5, 12, 15, 13, 15, 16, 5]
[3, 3, 10, 3, 4, 5, 5, 9, 7, 0, 10, 10, 10, 17, 17, 17, 28, 19, 17, 21, 23, 21, 19, 28, 28, 28, 28, 10, 31, 31, 28, 10]
[3, 3, 0, 5, 3, 5, 8, 11, 11, 11, 6, 13, 11, 15, 13, 15, 18, 16, 21, 21, 15, 23, 21, 3]
[3, 3, 15, 5, 3, 9, 9, 9, 5, 5, 12, 10, 15, 15, 0, 18, 18, 15, 18, 19, 19, 25, 25, 25, 21, 15]
[2, 0, 2, 5, 2, 5, 5, 5, 11, 11, 8, 11, 14, 12, 19, 19, 19, 19, 14, 22, 22, 19, 19, 23, 2]
[2, 0, 4, 6, 6, 2, 2]
[2, 3, 0, 3, 4, 8, 8, 5, 3, 3, 12, 16, 12, 15, 13, 3, 16, 16, 21, 19, 16, 21, 24, 22, 16, 29, 29, 29, 16, 29, 30, 29, 29, 3]
[3, 3, 0, 3, 7, 7, 4, 3]
[2, 5, 5, 5, 0, 7, 5, 5, 13, 13, 13, 13, 5, 13, 16, 21, 16, 19, 21, 21, 14, 5]
[9, 3, 1, 9, 9, 9, 9, 9, 0, 9]
[4, 3, 4, 10, 10, 10, 10, 7, 10, 0, 10]
[3, 3, 6, 5, 6, 0, 6, 12, 12, 12, 12, 6, 12, 15, 12, 12, 18, 19, 16, 23, 23, 21, 12, 25, 23, 6]
[2, 8, 2, 8, 8, 8, 8, 0, 8]
[11, 1, 4, 2, 1, 7, 5, 11, 11, 11, 0, 13, 11, 11]
[3, 1, 0, 3, 3, 3, 11, 11, 10, 8, 6, 11, 14, 12, 18, 18, 18, 14, 20, 18, 20, 23, 21, 3]
[6, 3, 6, 6, 6, 0, 6, 10, 10, 7, 12, 10, 14, 12, 14, 21, 19, 19, 21, 21, 14, 21, 24, 22, 24, 27, 24, 6]
[0, 1, 2, 2, 2, 2, 1]
[11, 1, 1, 3, 6, 4, 11, 11, 11, 11, 0, 13, 11, 13, 16, 14, 16, 19, 17, 11]
[2, 0, 5, 5, 2, 5, 6, 10, 10, 7, 10, 11, 7, 7, 14, 15, 15, 21, 21, 21, 17, 21, 2]
[17, 3, 1, 3, 11, 7, 11, 7, 10, 7, 4, 17, 14, 16, 14, 17, 0, 20, 20, 17, 17, 24, 24, 21, 26, 24, 28, 26, 17]
[2, 10, 2, 3, 4, 8, 8, 4, 10, 0, 12, 14, 12, 10, 14, 15, 10]
[3, 3, 0, 3, 3, 5, 3]
[2, 0, 2, 2, 6, 4, 8, 6, 11, 11, 8, 11, 14, 12, 8, 6, 20, 20, 20, 6, 6, 6, 25, 25, 22, 28, 28, 25, 28, 31, 28, 2]
[2, 0, 4, 2, 4, 2]
[12, 3, 1, 3, 8, 8, 8, 4, 12, 11, 12, 0, 12, 13, 16, 14, 39, 39, 20, 39, 23, 23, 20, 23, 26, 24, 26, 27, 28, 28, 28, 28, 32, 36, 36, 33, 39, 39, 16, 41, 39, 43, 41, 12]
[3, 3, 0, 3, 7, 7, 4, 3, 8, 9, 9, 3]
[4, 4, 4, 0, 4, 7, 4, 10, 10, 4, 15, 15, 15, 15, 10, 15, 19, 19, 15, 4]
[4, 4, 4, 0, 4, 5, 4]
[23, 3, 1, 9, 7, 7, 9, 9, 3, 11, 9, 11, 11, 13, 11, 15, 23, 19, 23, 23, 23, 23, 0, 23, 26, 24, 23]
[10, 10, 10, 5, 3, 10, 10, 10, 10, 0, 10]
[2, 0, 4, 2, 4, 5, 2, 2, 13, 13, 13, 13, 2, 2]
[2, 4, 2, 9, 9, 9, 9, 9, 0, 9, 14, 14, 14, 10, 9]
[7, 7, 7, 7, 7, 7, 0, 7, 8, 8, 12, 10, 7, 7, 7, 17, 7, 17, 20, 17, 20, 23, 21, 7]
[9, 9, 6, 3, 6, 9, 9, 9, 0, 9, 13, 13, 10, 16, 16, 13, 16, 19, 17, 9]
[18, 1, 4, 2, 4, 7, 4, 4, 11, 11, 4, 4, 4, 15, 4, 18, 18, 0, 18, 21, 19, 19, 25, 25, 22, 18]
[2, 0, 2, 5, 3, 2, 8, 10, 8, 6, 10, 11, 2, 2, 17, 17, 14, 17, 20, 17, 22, 23, 20, 23, 26, 24, 26, 26, 26, 26, 2]
[2, 6, 2, 3, 6, 0, 13, 13, 13, 13, 13, 13, 6, 13, 20, 18, 18, 20, 20, 13, 6]
[2, 0, 6, 6, 6, 2, 6, 2]
[4, 4, 4, 0, 4, 8, 8, 5, 8, 11, 8, 8, 14, 8, 8, 8, 18, 8, 18, 19, 18, 23, 8, 4]
[3, 3, 0, 3, 6, 4, 9, 9, 6, 9, 9, 9, 9, 9, 14, 15, 16, 17, 3]
[2, 0, 2, 7, 7, 7, 3, 10, 10, 7, 7, 13, 15, 15, 11, 2]
[3, 3, 4, 0, 6, 4, 6, 7, 8, 8, 8, 14, 14, 8, 4]
[2, 19, 2, 7, 7, 7, 3, 2, 10, 2, 10, 10, 12, 16, 16, 13, 19, 19, 0, 19, 22, 19, 22, 22, 22, 22, 19, 29, 27, 31, 19, 31, 31, 36, 36, 31, 19]
[4, 4, 4, 0, 4, 5, 8, 9, 4, 4, 14, 14, 14, 4, 14, 15, 20, 19, 20, 16, 4]
[11, 1, 11, 6, 6, 11, 6, 7, 8, 8, 0, 11, 11, 11, 19, 15, 19, 19, 11, 19, 19, 19, 19, 23, 23, 23, 23, 27, 28, 27, 32, 30, 11]
[3, 3, 0, 6, 6, 3, 10, 10, 10, 6, 10, 14, 14, 10, 6, 17, 6, 21, 21, 21, 17, 3]
[2, 5, 5, 5, 0, 5, 6, 7, 10, 8, 10, 13, 10, 5, 16, 22, 20, 17, 20, 22, 22, 5, 5]
[4, 4, 4, 22, 4, 7, 5, 7, 11, 11, 12, 8, 12, 13, 22, 22, 22, 22, 22, 22, 22, 0, 22, 25, 27, 25, 28, 23, 28, 28, 32, 35, 35, 35, 30, 22]
[2, 0, 2, 5, 3, 2, 2, 7, 10, 8, 2, 2, 12, 16, 14, 13, 2]
[4, 4, 4, 0, 7, 7, 4, 4, 12, 12, 12, 4, 12, 12, 16, 14, 12, 12, 20, 18, 20, 23, 21, 25, 23, 23, 23, 29, 27, 27, 33, 33, 30, 33, 37, 37, 34, 4]
[4, 4, 4, 0, 4, 8, 8, 5, 4]
[2, 0, 2, 5, 3, 2, 2, 10, 10, 7, 2]
[2, 22, 2, 3, 7, 7, 3, 7, 10, 8, 3, 3, 16, 16, 16, 12, 22, 19, 22, 22, 22, 0, 22, 25, 23, 22]
[8, 1, 1, 8, 8, 8, 8, 0, 8]
[3, 3, 7, 3, 6, 4, 0, 7, 7, 7, 12, 16, 12, 13, 16, 7, 7]
[2, 5, 5, 5, 0, 5, 8, 6, 5]
[2, 0, 4, 5, 2, 5, 8, 9, 5, 2]
[2, 6, 6, 6, 6, 0, 8, 6, 8, 9, 13, 13, 10, 8, 17, 17, 14, 6]
[5, 1, 4, 2, 0, 5, 8, 6, 8, 11, 9, 5]
[2, 5, 5, 5, 0, 5, 5, 10, 10, 5, 10, 11, 10, 16, 16, 13, 5]
[2, 4, 4, 10, 10, 8, 6, 10, 10, 0, 10, 14, 14, 15, 10, 20, 20, 20, 20, 15, 20, 20, 22, 33, 24, 30, 30, 30, 30, 25, 33, 33, 23, 10]
[2, 0, 2, 5, 3, 5, 5, 2, 2]
[2, 6, 6, 6, 6, 0, 6, 22, 22, 17, 17, 15, 15, 15, 17, 17, 22, 17, 17, 22, 22, 6, 22, 23, 22, 6]
[2, 5, 5, 5, 0, 5, 5, 12, 12, 12, 12, 5, 12, 18, 18, 17, 18, 13, 20, 18, 23, 23, 20, 5]
[2, 3, 0, 3, 3, 8, 8, 5, 10, 8, 12, 10, 14, 10, 14, 17, 20, 17, 20, 15, 20, 21, 21, 23, 24, 27, 25, 21, 21, 29, 3]
[11, 3, 11, 11, 11, 11, 11, 11, 11, 11, 14, 14, 14, 0, 14, 15, 22, 19, 22, 19, 22, 16, 14]
[2, 0, 2, 3, 4, 4, 13, 13, 13, 13, 13, 13, 2, 13, 2]
[0, 1, 6, 3, 3, 2, 1, 7, 7, 9, 1]
[4, 4, 4, 0, 4, 8, 8, 5, 4, 12, 12, 14, 14, 4, 14, 18, 18, 15, 4]
[2, 5, 5, 5, 0, 7, 5, 9, 5, 5]
[2, 3, 0, 7, 7, 7, 3, 9, 7, 12, 12, 9, 12, 16, 16, 12, 16, 17, 3]
[2, 3, 0, 5, 3, 3, 3, 9, 15, 15, 15, 15, 15, 15, 3, 17, 15, 19, 17, 3]
[6, 6, 6, 6, 6, 0, 12, 12, 12, 12, 12, 6, 14, 12, 18, 18, 18, 14, 18, 21, 19, 21, 6]
[3, 3, 6, 6, 6, 0, 6, 6, 12, 12, 12, 15, 15, 15, 6, 15, 19, 19, 16, 15, 15, 24, 24, 21, 31, 29, 29, 29, 31, 31, 24, 31, 32, 37, 37, 37, 32, 6]
[8, 3, 8, 3, 7, 7, 4, 19, 8, 9, 19, 19, 14, 19, 19, 19, 18, 19, 0, 19]
[13, 13, 13, 5, 3, 5, 8, 6, 13, 13, 13, 13, 0, 18, 17, 17, 18, 13, 18, 19, 19, 19, 18, 23, 13]
[9, 1, 9, 9, 6, 9, 6, 6, 14, 9, 10, 13, 11, 0, 16, 21, 16, 19, 17, 21, 14, 21, 25, 25, 22]
[4, 3, 4, 0, 4, 7, 8, 5, 8, 12, 12, 9, 8, 16, 16, 13, 4]
[2, 0, 2, 2, 4, 2, 2, 2, 19, 9, 12, 10, 14, 12, 14, 17, 15, 19, 2, 19, 19, 21, 21, 25, 23, 2]
[2, 5, 2, 2, 0, 8, 8, 5, 8, 8, 12, 8, 5]
[7, 7, 2, 2, 2, 2, 0, 7, 11, 11, 8, 7]
[2, 11, 11, 11, 4, 11, 11, 11, 11, 11, 0, 14, 14, 11, 16, 14, 11, 22, 22, 22, 22, 11, 11]
[2, 0, 2, 6, 6, 3, 6, 11, 11, 11, 6, 2]
[2, 10, 2, 3, 7, 7, 4, 10, 10, 0, 10, 13, 11, 13, 17, 17, 14, 17, 21, 21, 18, 10]
[4, 1, 1, 0, 6, 4, 6, 9, 7, 11, 9, 14, 14, 11, 16, 14, 4]
[3, 3, 0, 3, 3, 8, 8, 3, 3, 3]
[4, 4, 4, 0, 4, 8, 8, 5, 8, 8, 17, 17, 17, 17, 17, 17, 10, 21, 21, 21, 17, 21, 22, 4]
[2, 15, 2, 2, 7, 7, 4, 7, 8, 7, 10, 11, 11, 15, 0, 15, 23, 23, 18, 21, 18, 23, 16, 15]
[5, 5, 2, 2, 8, 8, 8, 0, 8, 9, 8]
[7, 7, 7, 7, 7, 7, 0, 7]
[2, 11, 11, 11, 11, 11, 11, 11, 10, 11, 0, 13, 11, 15, 13, 15, 18, 15, 11]
[2, 5, 2, 3, 0, 7, 10, 7, 10, 5, 12, 10, 12, 15, 12, 5]
[5, 5, 5, 5, 0, 5, 5, 5, 5, 11, 12, 9, 12, 18, 16, 18, 18, 12, 5]
[2, 0, 4, 2, 4, 2]
[3, 3, 7, 3, 3, 3, 0, 7, 7, 12, 12, 13, 7, 13, 14, 17, 15, 25, 20, 23, 20, 23, 25, 25, 17, 28, 28, 25, 7]
[12, 12, 12, 12, 12, 12, 12, 12, 10, 12, 10, 0, 12]
[2, 0, 2, 2]
[4, 4, 4, 0, 4, 4]
[4, 4, 4, 0, 4, 4, 10, 10, 10, 4, 4]
[2, 7, 2, 5, 3, 7, 0, 7, 8, 11, 9, 11, 15, 15, 12, 7]
[3, 3, 0, 3, 6, 4, 6, 9, 6, 6, 13, 13, 6, 15, 13, 17, 21, 21, 21, 21, 15, 3]
[4, 3, 4, 0, 4, 5, 4]
[7, 7, 7, 7, 7, 7, 0, 7, 11, 11, 8, 11, 12, 8, 14, 7]
[2, 16, 8, 5, 8, 5, 8, 16, 8, 12, 12, 9, 16, 16, 16, 0, 16, 19, 17, 19, 23, 23, 20, 16]
[3, 3, 10, 6, 6, 3, 10, 10, 10, 0, 12, 10, 12, 15, 13, 10]
[10, 3, 5, 3, 1, 10, 9, 7, 10, 0, 10, 13, 11, 13, 10, 26, 26, 20, 20, 26, 26, 26, 26, 25, 26, 10, 10]
[16, 3, 1, 3, 6, 4, 16, 9, 16, 9, 12, 10, 12, 15, 12, 0, 16, 20, 20, 17, 16]
[3, 3, 5, 5, 0, 7, 5, 11, 10, 11, 5, 5, 5, 13, 13, 19, 19, 19, 15, 19, 24, 24, 24, 19, 24, 28, 28, 25, 31, 31, 28, 5]
[4, 4, 4, 0, 4]
[4, 4, 4, 0, 4, 4, 4, 13, 13, 13, 13, 13, 4, 4]
[9, 3, 9, 6, 6, 3, 9, 9, 0, 11, 14, 13, 14, 9, 14, 17, 15, 19, 14, 19, 19, 21, 9]
[2, 5, 5, 5, 0, 20, 9, 9, 20, 9, 10, 11, 12, 12, 12, 12, 12, 20, 20, 5, 22, 20, 5]
[4, 3, 4, 0, 4, 5, 4]
[2, 10, 2, 5, 3, 10, 10, 10, 10, 0, 10, 14, 14, 10, 14, 14, 10]
[2, 4, 4, 0, 4, 7, 5, 7, 11, 11, 8, 13, 11, 4, 18, 18, 18, 4, 18, 18, 23, 23, 20, 4]
[2, 3, 0, 3, 4, 9, 8, 9, 5, 9, 12, 10, 4, 4, 14, 15, 20, 20, 20, 16, 22, 20, 22, 27, 27, 27, 23, 27, 28, 3]
[8, 3, 1, 3, 6, 3, 6, 0, 8, 11, 9, 8, 12, 16, 16, 13, 8]
[4, 3, 4, 8, 8, 8, 8, 0, 8, 9, 10, 8]
[5, 5, 5, 5, 14, 8, 8, 5, 5, 14, 12, 14, 14, 0, 16, 14, 16, 19, 17, 14]
[19, 4, 4, 1, 4, 5, 4, 4, 8, 11, 9, 19, 14, 19, 14, 15, 19, 19, 0, 19]
[3, 3, 0, 7, 4, 7, 3, 3, 10, 3, 10, 10, 3]
[3, 3, 0, 5, 3, 7, 5, 5, 8, 5, 12, 10, 3, 3, 14, 18, 18, 15, 20, 18, 23, 23, 20, 3]
[3, 3, 0, 3]
[4, 4, 4, 0, 6, 4, 6, 6, 8, 11, 9, 15, 15, 15, 11, 15, 16, 4, 4, 22, 22, 4, 24, 22, 26, 27, 24, 27, 27, 29, 32, 29, 32, 32, 29, 29, 38, 29, 38, 39, 4]
[0, 4, 4, 1, 4, 7, 5, 1, 1, 14, 12, 14, 14, 1, 14, 15, 1]
[3, 3, 0, 9, 9, 9, 9, 9, 3, 3, 3, 13, 3, 13, 16, 14, 16, 16, 20, 16, 3]
[2, 19, 2, 5, 3, 5, 6, 7, 7, 19, 19, 14, 14, 19, 17, 17, 14, 19, 0, 21, 19, 21, 22, 23, 24, 19]
[3, 3, 10, 3, 6, 4, 10, 9, 10, 0, 12, 10, 12, 13, 16, 14, 18, 12, 21, 21, 26, 21, 26, 26, 26, 18, 18, 29, 32, 29, 29, 27, 10]
[2, 0, 2, 2, 6, 2, 6, 2, 10, 2, 10, 2]
[2, 0, 4, 2, 4, 4, 4, 4, 8, 2, 2, 14, 14, 11, 16, 14, 19, 19, 16, 14, 14, 24, 24, 14, 26, 24, 26, 26, 28, 26, 30, 33, 30, 2]
[0, 3, 4, 1, 1, 8, 8, 5, 8, 13, 10, 10, 9, 13, 17, 17, 14, 1]
[3, 3, 16, 3, 7, 7, 4, 7, 7, 14, 12, 14, 12, 7, 7, 0, 19, 19, 16, 19, 20, 21, 24, 20, 24, 24, 16]
[3, 3, 0, 3, 6, 4, 8, 6, 8, 11, 9, 3]
[0, 3, 1, 3, 3, 3, 3, 3, 3, 3, 3, 14, 14, 11, 1]
[4, 4, 4, 0, 12, 7, 12, 12, 10, 11, 12, 4, 4]
[3, 3, 0, 3, 7, 7, 4, 3]
[7, 7, 7, 7, 7, 7, 0, 7, 7, 12, 12, 7, 12, 15, 13, 15, 16, 7, 7, 21, 7, 7]
[2, 0, 4, 2, 6, 8, 6, 4, 4, 15, 15, 15, 15, 15, 9, 15, 20, 19, 20, 21, 15, 23, 21, 23, 23, 27, 25, 27, 30, 33, 30, 33, 28, 2]
[3, 3, 4, 0, 6, 4, 6, 10, 10, 7, 10, 11, 14, 11, 4, 4]
[3, 3, 8, 8, 8, 8, 8, 0, 8]
[7, 7, 7, 7, 7, 7, 0, 10, 10, 7, 10, 13, 11, 7, 17, 17, 7, 24, 18, 24, 20, 20, 24, 17, 24, 27, 25, 7]
[7, 7, 7, 7, 6, 7, 0, 7, 10, 7, 10, 11, 11, 7]
[6, 6, 6, 6, 6, 0, 6, 12, 12, 12, 12, 6, 6]
[6, 6, 5, 5, 6, 15, 6, 6, 15, 13, 12, 13, 15, 15, 0, 15, 18, 16, 18, 21, 19, 15]
[3, 3, 0, 5, 3, 9, 9, 9, 5, 5, 12, 14, 12, 10, 16, 14, 19, 19, 16, 3]
[4, 4, 4, 0, 4, 7, 5, 4, 4, 12, 12, 9, 9, 15, 13, 15, 18, 16, 24, 19, 24, 21, 21, 18, 26, 30, 30, 30, 30, 24, 30, 35, 34, 35, 31, 4]
[3, 3, 0, 3, 7, 7, 4, 3, 3, 12, 12, 3, 12, 15, 13, 15, 16, 3]
[2, 0, 4, 2, 11, 11, 11, 9, 10, 11, 4, 2]
[3, 3, 4, 0, 4, 5, 6, 9, 12, 9, 12, 7, 4]
[2, 3, 0, 3, 3, 3, 8, 6, 3]
[0, 1, 4, 2, 6, 4, 6, 10, 10, 7, 6, 6, 14, 6, 14, 1]
[2, 0, 2, 2, 2, 7, 5, 7, 7, 7, 7, 7, 7, 17, 17, 17, 7, 17, 21, 21, 18, 21, 25, 25, 22, 22, 29, 29, 26, 2]
[4, 4, 4, 0, 4, 7, 5, 9, 4, 4, 4, 4, 14, 16, 16, 18, 18, 12, 4]
[3, 3, 0, 5, 3, 3, 12, 12, 8, 8, 12, 6, 12, 12, 14, 12, 12, 19, 17, 19, 22, 19, 19, 19, 19, 3, 3, 39, 30, 28, 39, 39, 34, 32, 39, 37, 39, 39, 3, 3]
[0, 1, 1, 1, 1, 1, 10, 10, 10, 1, 10, 10, 15, 15, 10, 1]
[3, 3, 0, 18, 18, 18, 13, 9, 13, 9, 13, 13, 6, 18, 18, 15, 15, 3, 18, 21, 19, 3]
[2, 16, 2, 11, 11, 5, 5, 11, 11, 11, 2, 11, 12, 11, 16, 0, 16, 19, 16, 16, 16, 16]
[9, 9, 4, 2, 9, 9, 9, 9, 0, 9]
[3, 3, 0, 5, 3, 7, 5, 11, 11, 11, 3, 11, 15, 15, 11, 11, 3, 20, 20, 3, 20, 20, 24, 20, 26, 24, 3]
[4, 4, 4, 13, 6, 4, 6, 7, 8, 13, 13, 13, 0, 13, 17, 17, 13, 17, 18, 23, 23, 23, 17, 23, 17, 28, 28, 17, 28, 29, 13]
[3, 3, 11, 3, 6, 10, 6, 10, 10, 4, 0, 14, 14, 11, 14, 11, 16, 16, 11, 11]
[0, 5, 5, 5, 1, 9, 9, 9, 5, 9, 1, 1, 14, 17, 17, 17, 1, 17, 20, 18, 20, 20, 20, 25, 20, 20, 28, 26, 1]
[3, 3, 8, 3, 8, 8, 8, 0, 10, 8, 8]
[3, 3, 10, 6, 6, 3, 10, 10, 10, 0, 13, 13, 10, 10]
[7, 7, 7, 7, 7, 7, 0, 10, 10, 13, 10, 11, 7, 13, 16, 14, 7]
[0, 5, 5, 5, 1, 1, 8, 1, 10, 8, 10, 1]
[3, 3, 5, 5, 0, 8, 8, 5, 8, 9, 14, 13, 14, 10, 17, 17, 14, 17, 18, 5, 5]
[2, 0, 2, 3, 4, 7, 2, 2, 2, 14, 14, 14, 14, 2, 2]
[2, 5, 5, 5, 0, 5, 5, 5, 5, 26, 26, 26, 14, 12, 14, 15, 26, 20, 20, 26, 26, 26, 26, 25, 26, 5, 28, 26, 28, 5]
[4, 3, 4, 0, 6, 4, 6, 7, 10, 8, 10, 10, 4]
[2, 3, 0, 3, 4, 3]
[7, 7, 7, 7, 4, 4, 0, 7, 10, 8, 7, 11, 17, 17, 17, 17, 12, 7]
[7, 1, 1, 3, 3, 1, 0, 9, 7, 12, 12, 9, 12, 16, 14, 13, 9, 9, 24, 24, 24, 24, 24, 18, 9, 29, 29, 29, 7, 29, 29, 33, 31, 33, 7]
[0, 1, 4, 1, 4, 8, 8, 5, 1]
[3, 3, 0, 3, 4, 7, 3, 11, 10, 11, 7, 13, 11, 3]
[14, 3, 10, 3, 10, 10, 10, 10, 10, 1, 10, 14, 14, 0, 14, 14]
[4, 4, 4, 0, 6, 4, 6, 7, 8, 9, 7, 11, 15, 15, 12, 15, 19, 19, 16, 4]
[3, 3, 0, 3, 6, 4, 3]
[3, 3, 0, 3, 6, 4, 6, 9, 6, 3]
[20, 1, 2, 3, 3, 7, 5, 9, 11, 11, 3, 13, 11, 13, 17, 17, 13, 20, 20, 0, 20, 24, 24, 21, 24, 25, 26, 26, 26]
[16, 3, 16, 3, 6, 3, 3, 9, 3, 3, 14, 13, 11, 3, 16, 0, 16]
[2, 7, 7, 7, 7, 7, 0, 11, 10, 11, 7, 11, 12, 13, 16, 14, 13, 21, 21, 21, 17, 7, 7, 7, 26, 30, 26, 29, 27, 7, 32, 33, 30, 7]
[2, 7, 7, 7, 6, 7, 0, 7, 11, 11, 8, 11, 14, 11, 7]
[2, 3, 0, 3, 3, 7, 3, 3, 12, 12, 12, 3, 15, 15, 12, 3]
[17, 4, 4, 1, 8, 8, 8, 4, 8, 11, 8, 17, 17, 17, 16, 17, 0, 17, 21, 21, 17, 17]
[4, 3, 4, 8, 4, 8, 8, 0, 10, 8, 13, 13, 10, 8, 8, 8, 19, 19, 16, 19, 22, 20, 22, 25, 22, 25, 29, 29, 26, 8]
[3, 3, 0, 3, 6, 4, 8, 3, 8, 8, 12, 16, 16, 15, 16, 8, 16, 16, 22, 22, 22, 16, 3]
[2, 0, 6, 5, 6, 2, 2, 2, 11, 11, 2, 11, 14, 12, 16, 14, 2]
[2, 4, 2, 6, 6, 0, 6, 9, 7, 11, 9, 15, 15, 15, 11, 15, 18, 16, 11, 11, 6]
[9, 3, 1, 9, 6, 9, 6, 7, 0, 13, 13, 13, 9, 13, 16, 14, 19, 19, 13, 21, 19, 21, 28, 23, 28, 28, 28, 22, 9, 9]
[3, 3, 0, 6, 6, 3, 6, 7, 3]
[17, 1, 1, 3, 3, 17, 10, 7, 10, 17, 10, 13, 11, 10, 17, 17, 0, 17, 20, 18, 20, 23, 21, 17]
[4, 4, 4, 16, 4, 7, 10, 10, 10, 4, 10, 11, 4, 16, 16, 0, 18, 16, 20, 18, 22, 18, 16]
[7, 7, 2, 2, 4, 7, 0, 7, 19, 19, 19, 19, 19, 19, 19, 19, 19, 19, 8, 7]
[2, 7, 7, 6, 6, 7, 0, 10, 10, 7, 10, 11, 14, 10, 14, 14, 14, 19, 21, 21, 17, 21, 21, 25, 26, 23, 7]
[5, 1, 5, 5, 0, 5, 9, 9, 6, 9, 12, 10, 12, 5]
[2, 18, 4, 2, 2, 7, 10, 10, 10, 2, 12, 10, 18, 18, 18, 18, 18, 0, 20, 18, 20, 20, 25, 25, 22, 22, 28, 26, 22, 29, 30, 30, 34, 32, 18]
[6, 6, 2, 5, 2, 0, 8, 9, 6, 11, 9, 13, 9, 15, 13, 6]
[4, 3, 4, 0, 4, 8, 8, 5, 4, 11, 18, 11, 14, 11, 14, 18, 18, 9, 4]
[3, 3, 9, 3, 6, 4, 9, 9, 0, 9, 13, 13, 10, 13, 16, 14, 9]
[8, 3, 1, 8, 8, 8, 8, 0, 8, 8, 8]
[3, 3, 0, 3, 4, 7, 10, 9, 10, 3, 10, 11, 3]
[2, 0, 2, 3, 2]
[2, 9, 2, 5, 3, 9, 9, 9, 0, 9, 10, 9]
[4, 3, 4, 6, 6, 0, 6, 6, 10, 8, 6]
[3, 3, 0, 3, 7, 7, 4, 3]
[5, 5, 5, 5, 0, 5, 9, 9, 6, 5]
[26, 3, 1, 10, 6, 10, 10, 10, 10, 3, 13, 13, 10, 16, 16, 13, 18, 16, 26, 26, 26, 26, 26, 26, 26, 0]
[4, 3, 4, 0, 4, 5, 6, 9, 7, 9, 13, 13, 9, 13, 16, 14, 4]
[3, 3, 0, 6, 6, 3, 6, 3, 3, 14, 14, 13, 14, 3, 16, 14, 18, 16, 16, 21, 19, 3]
[2, 0, 4, 2, 4, 4, 4, 9, 4, 9, 9, 4, 14, 4, 14, 14, 2]
[2, 0, 2, 5, 2, 2]
[4, 4, 4, 0, 6, 4, 6, 10, 10, 7, 10, 17, 17, 17, 17, 17, 10, 17, 17, 4, 4, 25, 22, 25, 28, 28, 28, 4, 28, 28, 28, 33, 28, 33, 4]
[2, 3, 0, 3, 3, 3, 3, 9, 3, 11, 9, 11, 15, 15, 12, 3]
[2, 0, 6, 6, 6, 2, 6, 6, 11, 11, 8, 2]
[6, 1, 4, 2, 6, 0, 6, 10, 10, 6, 6]
[6, 6, 4, 6, 6, 0, 8, 6, 10, 8, 10, 10, 8, 16, 16, 13, 19, 19, 8, 19, 19, 19, 26, 26, 26, 22, 6]
[7, 1, 7, 5, 7, 7, 0, 9, 7, 9, 13, 13, 10, 9, 9, 15, 16, 21, 21, 21, 17, 7]
[0, 1, 1, 1, 1, 1, 1, 1]
[2, 4, 4, 0, 6, 4, 6, 9, 7, 13, 13, 13, 9, 13, 13, 13, 13, 13, 4]
[2, 0, 2, 2, 2, 5, 2]
[2, 0, 2, 6, 6, 3, 6, 9, 7, 12, 12, 6, 12, 2]
[2, 0, 6, 6, 6, 2, 8, 6, 8, 8, 2, 2, 16, 16, 16, 2, 18, 16, 22, 21, 22, 18, 24, 22, 27, 27, 24, 31, 31, 31, 27, 2]
[2, 5, 2, 3, 0, 5, 5, 9, 7, 9, 12, 10, 5]
[2, 0, 4, 2, 4, 8, 8, 5, 2]
[2, 6, 4, 6, 6, 12, 6, 12, 12, 12, 12, 0, 12, 18, 18, 18, 18, 13, 18, 25, 25, 25, 25, 25, 19, 12]
[4, 4, 4, 0, 4, 5, 8, 4, 10, 8, 10, 11, 8, 13]
[2, 16, 12, 3, 11, 11, 9, 9, 6, 9, 12, 2, 12, 16, 16, 0, 16]
[2, 0, 4, 2, 2, 2, 8, 6, 8, 9, 2]
[5, 1, 4, 2, 0, 5, 8, 5, 8, 5, 5, 13, 14, 5, 19, 19, 16, 19, 14, 21, 19, 21, 22, 5, 5, 5, 34, 34, 34, 29, 33, 33, 30, 5, 5]
[2, 0, 2, 5, 2, 7, 2, 7, 7, 7, 7, 13, 11, 7, 16, 7, 18, 16, 2]
[3, 3, 0, 3, 6, 4, 6, 9, 6, 3, 3, 14, 14, 11, 14, 15, 16, 16, 3]
[6, 3, 6, 3, 6, 9, 9, 9, 0, 11, 9, 15, 15, 15, 11, 15, 18, 16, 15, 26, 22, 26, 26, 26, 26, 15, 26, 9]
[2, 13, 6, 5, 6, 2, 6, 10, 10, 7, 13, 13, 0, 13, 13, 13, 13, 13]
[2, 4, 4, 0, 4, 5, 6, 7, 8, 12, 12, 9, 8, 15, 17, 17, 13, 4]
[17, 4, 4, 1, 4, 4, 4, 4, 10, 4, 17, 13, 17, 17, 17, 17, 0, 17, 20, 17, 22, 20, 28, 28, 28, 25, 26, 41, 30, 28, 30, 33, 31, 28, 28, 37, 35, 28, 41, 41, 22, 17]
[3, 3, 17, 3, 3, 5, 6, 7, 10, 8, 7, 14, 14, 7, 7, 17, 0, 17, 20, 18, 22, 20, 25, 25, 22, 25, 29, 29, 30, 26, 17]
[2, 4, 4, 0, 6, 4, 4]
[5, 5, 5, 5, 0, 7, 5, 10, 10, 7, 12, 10, 12, 12, 16, 12, 16, 16, 5]
[4, 1, 4, 8, 4, 7, 5, 0, 8, 11, 9, 13, 11, 13, 14, 8]
[8, 3, 8, 3, 4, 7, 5, 0, 8, 12, 12, 9, 8]
[2, 0, 2, 5, 3, 7, 5, 7, 10, 8, 2]
[2, 10, 2, 3, 2, 9, 8, 9, 5, 0, 10, 13, 11, 10, 17, 17, 14, 10]
[7, 3, 7, 7, 7, 7, 0, 9, 7, 12, 12, 9, 12, 18, 18, 15, 15, 13, 7, 7]
[2, 0, 4, 2, 2, 5, 11, 11, 11, 11, 2, 13, 11, 11, 19, 19, 19, 19, 14, 19, 23, 23, 19, 2]
[10, 1, 5, 5, 1, 5, 6, 1, 10, 0, 12, 13, 10, 13, 17, 15, 14, 19, 13, 10, 10, 23, 32, 23, 28, 27, 28, 23, 23, 32, 32, 10, 10]
[4, 1, 4, 8, 8, 8, 8, 0, 10, 8, 10, 10, 14, 12, 14, 20, 20, 20, 20, 15, 20, 24, 24, 21, 26, 24, 8]
[2, 0, 5, 5, 2, 7, 5, 9, 7, 9, 13, 13, 10, 2, 2, 17, 15, 17, 20, 18, 22, 20, 27, 27, 27, 27, 22, 29, 22, 29, 33, 33, 30, 33, 36, 34, 2]
[16, 4, 4, 1, 4, 7, 4, 16, 10, 16, 10, 13, 10, 13, 14, 0, 18, 16, 20, 18, 22, 25, 22, 25, 20, 20, 29, 29, 26, 16]
[4, 3, 4, 0, 4, 5, 9, 9, 6, 9, 14, 13, 14, 10, 4]
[3, 3, 9, 5, 3, 5, 9, 9, 0, 11, 9, 13, 11, 13, 9]
[5, 1, 4, 2, 0, 5, 6, 5, 12, 12, 12, 8, 5, 5, 17, 17, 19, 17, 25, 19, 22, 20, 25, 25, 5, 5]
[3, 3, 22, 3, 7, 7, 4, 7, 8, 11, 7, 13, 11, 15, 13, 15, 18, 16, 22, 22, 22, 0, 22]
[2, 3, 0, 3, 6, 7, 3, 7, 11, 11, 7, 13, 11, 13, 16, 13, 3]
[3, 3, 0, 6, 6, 3, 6, 7, 23, 13, 12, 13, 23, 13, 13, 15, 16, 13, 18, 23, 23, 23, 7, 25, 23, 28, 28, 25, 3]
[4, 4, 4, 0, 4]
[5, 5, 4, 5, 0, 7, 5, 7, 12, 12, 12, 8, 5]
[2, 5, 2, 5, 9, 5, 5, 9, 0, 9, 12, 9, 9]
[6, 6, 6, 6, 6, 0, 6, 9, 7, 6]
[14, 1, 2, 10, 10, 10, 10, 10, 10, 1, 14, 13, 14, 0, 14, 14, 18, 16, 14]
[0, 1, 4, 2, 7, 7, 1, 11, 11, 11, 7, 11, 16, 16, 16, 12, 20, 20, 20, 16]
[9, 1, 1, 3, 9, 8, 8, 9, 0, 9, 13, 13, 10, 9]
[2, 5, 5, 5, 0, 5, 8, 6, 12, 11, 12, 5, 12, 12, 16, 14, 16, 19, 17, 5]
[6, 6, 6, 6, 6, 0, 6]
[10, 4, 4, 1, 4, 5, 10, 9, 10, 0, 10, 10, 15, 15, 12, 10, 10, 20, 20, 10, 20, 23, 21, 23, 26, 24, 28, 26, 28, 31, 34, 34, 34, 28, 10]
[0, 4, 4, 1, 4, 8, 8, 1, 8, 9, 10, 10, 8, 8, 17, 17, 8, 17, 18, 19, 19, 1, 1, 25, 1, 27, 25, 27, 33, 33, 33, 33, 28, 33, 34, 37, 35, 1]
[10, 1, 5, 5, 2, 5, 5, 10, 10, 0, 10, 10, 14, 15, 12, 15, 18, 15, 10]
[3, 3, 0, 3, 6, 4, 6, 9, 6, 6, 6, 14, 14, 6, 3]
[22, 22, 8, 8, 4, 7, 5, 22, 8, 11, 8, 13, 11, 17, 17, 17, 8, 22, 22, 22, 22, 0, 24, 22, 22, 28, 28, 25, 28, 31, 29, 33, 22, 35, 33, 22]
[2, 0, 2, 5, 3, 2, 2, 7, 13, 13, 10, 10, 8, 13, 18, 18, 18, 14, 18, 21, 19, 21, 22, 2]
[30, 3, 1, 30, 7, 5, 30, 7, 7, 7, 13, 13, 7, 13, 14, 15, 15, 17, 20, 13, 24, 24, 24, 20, 24, 27, 25, 20, 30, 0, 30, 30, 30]
[5, 3, 5, 5, 7, 7, 0, 7, 7, 7, 12, 18, 18, 18, 18, 18, 18, 7, 21, 21, 18, 23, 21, 7]
[3, 3, 0, 3]
[3, 3, 0, 3]
[2, 0, 5, 3, 2, 2, 11, 11, 11, 11, 2, 13, 11, 16, 16, 13, 2]
[2, 3, 0, 3, 4, 4, 10, 9, 10, 6, 10, 15, 15, 15, 10, 3]
[2, 5, 5, 5, 0, 5, 5, 5, 10, 13, 10, 10, 5, 13, 13, 17, 20, 20, 20, 13, 5]
[4, 3, 4, 0, 4, 4, 6, 9, 7, 9, 12, 9, 4]
[0, 5, 5, 5, 1, 5, 8, 6, 1, 11, 1, 13, 11, 13, 14, 13, 16, 1, 22, 22, 22, 1, 22, 26, 26, 23, 1]
[2, 15, 6, 6, 6, 2, 6, 12, 12, 12, 12, 7, 15, 15, 0, 17, 15, 19, 15, 19, 15]
[3, 3, 0, 5, 3, 5, 10, 10, 10, 6, 10, 3]
[2, 6, 2, 3, 4, 0, 9, 9, 6, 11, 6, 14, 14, 16, 16, 11, 6]
[6, 1, 2, 3, 3, 0, 6, 7, 6, 21, 10, 21, 21, 21, 21, 15, 15, 15, 15, 15, 6, 6]
[2, 13, 2, 2, 2, 7, 5, 10, 10, 7, 13, 13, 0, 16, 16, 13, 20, 19, 20, 16, 22, 20, 22, 25, 23, 22, 29, 29, 26, 13]
[2, 0, 5, 5, 2, 7, 8, 5, 8, 9, 10, 13, 11, 2]
[2, 4, 2, 0, 4, 5, 8, 6, 8, 8, 14, 14, 14, 6, 14, 14, 19, 19, 16, 14, 22, 20, 22, 25, 23, 25, 30, 29, 30, 25, 4]
[3, 3, 0, 3, 7, 7, 4, 7, 8, 13, 13, 13, 9, 3]
[2, 0, 4, 2, 2, 7, 2, 2]
[2, 4, 4, 0, 4, 7, 4, 7, 7, 11, 9, 7, 7, 13, 13, 17, 15, 7, 20, 18, 4]
[10, 4, 4, 1, 10, 7, 10, 10, 10, 0, 10, 13, 14, 11, 14, 15, 18, 16, 10]
[2, 17, 4, 8, 7, 7, 8, 2, 10, 8, 8, 13, 11, 17, 16, 17, 0, 26, 21, 21, 26, 26, 26, 25, 26, 17, 17]
[3, 3, 0, 3, 6, 4, 3, 9, 7, 3]
[2, 5, 5, 5, 0, 5, 5, 13, 8, 8, 8, 8, 16, 16, 16, 5, 19, 19, 16, 19, 19, 5]
[5, 5, 5, 5, 6, 0, 8, 6, 6, 9, 9, 13, 9, 6, 14, 14, 6, 6]
[12, 12, 7, 7, 7, 7, 2, 7, 10, 8, 12, 13, 0, 13, 14, 13]
[2, 0, 5, 5, 2, 5, 8, 6, 5, 5, 10, 14, 14, 11, 2]
[2, 0, 4, 2, 2, 7, 5, 9, 7, 12, 12, 9, 15, 15, 12, 15, 16, 20, 20, 17, 2]
[3, 3, 11, 7, 7, 7, 3, 7, 10, 8, 0, 15, 15, 15, 11, 19, 19, 19, 15, 11]
[6, 6, 6, 6, 6, 0, 6, 11, 11, 11, 6, 6]
[4, 3, 4, 5, 0, 5, 5, 9, 7, 9, 13, 13, 10, 5]
[4, 4, 4, 0, 4, 5, 8, 6, 8, 9, 4]
[14, 3, 1, 6, 6, 8, 8, 3, 14, 14, 14, 14, 14, 0, 14]
[3, 3, 6, 3, 4, 0, 6, 11, 11, 11, 7, 6, 14, 21, 14, 21, 16, 16, 21, 21, 12, 21, 25, 25, 22, 6]
[3, 3, 0, 9, 6, 9, 9, 9, 3, 3]
[6, 1, 2, 5, 3, 0, 6, 7, 11, 11, 8, 6, 6, 15, 13, 15, 16, 6]
[4, 4, 4, 0, 7, 7, 4, 9, 7, 12, 12, 9, 12, 18, 18, 18, 18, 12, 12, 19, 22, 20, 4]
[2, 5, 2, 3, 0, 10, 10, 10, 10, 5, 5]
[2, 0, 2, 3, 3, 8, 8, 5, 2, 13, 13, 13, 9, 2]
[4, 3, 4, 20, 4, 4, 8, 6, 14, 14, 14, 14, 14, 4, 14, 15, 20, 20, 20, 0, 20, 21, 20]
[0, 3, 1, 3, 4, 7, 5, 4, 4, 9, 12, 10, 12, 13, 12, 18, 18, 12, 18, 22, 22, 19, 1]
[5, 5, 5, 5, 0, 5, 8, 6, 8, 11, 8, 8, 14, 8, 5, 17, 5, 17, 18, 5]
[2, 3, 0, 3, 4, 3, 8, 10, 10, 3, 12, 10, 15, 15, 12, 15, 16, 3]
[3, 3, 0, 3, 6, 7, 4, 7, 7, 11, 3, 11, 15, 15, 12, 15, 18, 16, 3]
[2, 3, 0, 6, 6, 3, 6, 7, 6, 11, 6, 13, 11, 16, 16, 13, 16, 16, 13, 23, 23, 23, 13, 23, 23, 3]
[2, 4, 2, 7, 4, 5, 0, 10, 10, 7, 7, 7, 18, 18, 18, 18, 18, 12, 18, 12, 25, 25, 25, 25, 20, 27, 25, 7]
[0, 1, 5, 5, 2, 11, 9, 9, 11, 11, 1, 11, 14, 12, 14, 18, 18, 15]
[6, 6, 6, 6, 6, 0, 8, 10, 10, 6, 10, 11, 6, 13, 14, 17, 15, 6]
[2, 0, 6, 6, 6, 2, 6, 9, 7, 2, 2, 13, 2, 13, 13, 18, 18, 15, 13, 13, 20, 23, 20, 2]
[0, 1, 4, 2, 4, 5, 12, 12, 12, 12, 12, 6, 12, 15, 13, 12, 12, 20, 20, 26, 23, 23, 20, 20, 26, 12, 29, 29, 26, 29, 32, 30, 36, 36, 36, 32, 36, 36, 1]
[3, 3, 0, 3, 6, 3, 6, 9, 6, 6, 12, 6, 12, 16, 16, 13, 6, 6, 6, 19, 23, 23, 20, 23, 27, 27, 24, 27, 27, 29, 30, 31, 3]
[9, 1, 7, 3, 6, 7, 2, 9, 0, 9, 10, 11, 14, 10, 16, 14, 16, 17, 18, 19, 9]
[4, 3, 4, 0, 4, 4, 6, 10, 8, 7, 12, 13, 6, 13, 17, 17, 14, 4]
[5, 5, 4, 5, 0, 8, 8, 5, 5, 13, 13, 13, 9, 5]
[3, 3, 10, 10, 10, 8, 8, 5, 10, 0, 10, 10, 12, 13, 10]
[2, 0, 4, 2, 6, 4, 6, 7, 8, 2]
[3, 3, 0, 3, 3, 3, 6, 11, 11, 11, 6, 3, 3, 17, 17, 17, 3, 17, 24, 24, 24, 21, 21, 18, 3]
[2, 3, 0, 5, 3, 5, 9, 9, 5, 11, 13, 11, 9, 13, 16, 14, 3]
[2, 5, 5, 5, 0, 5, 5, 10, 10, 5, 10, 13, 11, 5]
[6, 6, 6, 6, 6, 0, 6, 6, 8, 13, 13, 13, 9, 6]
[6, 6, 6, 6, 6, 0, 6, 9, 7, 6]
[9, 1, 4, 7, 4, 7, 2, 9, 0, 9, 12, 10, 12, 15, 13, 9]
[5, 5, 4, 5, 0, 5, 8, 6, 8, 11, 9, 5]
[3, 3, 0, 3, 9, 9, 9, 9, 4, 13, 13, 13, 9, 16, 16, 13, 18, 16, 21, 21, 16, 21, 3]
[2, 10, 2, 2, 2, 2, 10, 9, 10, 0, 10, 14, 14, 11, 14, 17, 14, 17, 20, 18, 10]
[3, 3, 0, 3, 6, 4, 3, 3, 10, 3, 3]
[0, 1, 1, 3, 4, 4, 8, 6, 1]
[7, 7, 7, 7, 7, 7, 0, 7, 7, 13, 10, 13, 7, 22, 19, 19, 19, 19, 22, 22, 22, 13, 24, 22, 24, 7]
[4, 4, 4, 0, 4, 7, 4, 7, 8, 9, 12, 9, 14, 12, 14, 17, 14, 17, 17, 17, 20, 4]
[3, 3, 11, 6, 6, 3, 11, 11, 8, 11, 0, 11, 11, 11, 11]
[4, 4, 4, 0, 7, 7, 4, 7, 11, 11, 8, 11, 15, 15, 11, 11, 4, 17, 18, 4]
[2, 3, 0, 3, 3, 7, 13, 7, 7, 13, 13, 13, 3, 3, 18, 17, 18, 3, 18, 19, 22, 20, 22, 25, 23, 19, 26, 3]
[3, 3, 8, 3, 4, 8, 8, 0, 8, 11, 8, 8]
[5, 5, 5, 5, 0, 11, 10, 10, 10, 11, 5, 11, 12, 11, 14, 15, 15, 21, 21, 21, 17, 5]
[2, 6, 2, 5, 3, 0, 6, 7, 11, 11, 8, 11, 14, 12, 11, 19, 19, 19, 11, 21, 19, 24, 24, 21, 21, 27, 21, 30, 30, 27, 6]
[2, 7, 7, 7, 7, 7, 0, 9, 7, 15, 15, 15, 15, 15, 9, 15, 18, 16, 18, 21, 18, 21, 24, 22, 7]
[4, 3, 4, 11, 7, 7, 4, 11, 11, 11, 0, 11]
[4, 4, 4, 0, 6, 4, 4, 4, 10, 8, 10, 10, 15, 15, 12, 4]
[7, 1, 4, 2, 7, 7, 0, 7, 7, 12, 12, 9, 12, 16, 16, 13, 7, 7, 22, 19, 22, 7, 22, 25, 22, 27, 25, 27, 31, 31, 28, 7]
[8, 5, 5, 5, 1, 8, 8, 0, 10, 8, 8, 8, 14, 8, 14, 14, 19, 19, 16, 8]
[2, 0, 4, 2, 8, 8, 8, 4, 8, 9, 2]
[3, 3, 0, 3, 4, 5, 9, 9, 6, 11, 9, 11, 14, 12, 9, 17, 9, 17, 18]
[2, 17, 4, 2, 4, 4, 8, 6, 8, 8, 8, 13, 14, 11, 17, 17, 0, 22, 22, 22, 22, 17, 22, 22, 26, 24, 31, 31, 31, 31, 26, 31, 34, 32, 36, 31, 38, 40, 40, 36, 17]
[4, 4, 4, 0, 4, 8, 8, 5, 5, 12, 12, 9, 4]
[4, 4, 4, 0, 4, 4, 8, 11, 8, 11, 6, 11, 15, 15, 12, 4]
[2, 5, 2, 5, 7, 7, 0, 13, 13, 13, 13, 13, 7, 7, 7, 23, 18, 23, 23, 21, 23, 21, 7, 23, 24, 7]
[2, 3, 0, 12, 12, 5, 8, 5, 12, 12, 12, 3, 3, 16, 16, 13, 3]
[3, 3, 0, 3, 3, 3, 3, 9, 3, 9, 10, 9, 3, 3]
[2, 0, 4, 2, 8, 8, 8, 4, 10, 8, 10, 11, 14, 10, 16, 14, 16, 16, 2]
[0, 1, 5, 5, 2, 1, 9, 9, 6, 1]
[5, 5, 5, 5, 0, 7, 9, 9, 5, 9, 9, 13, 11, 9, 17, 17, 14, 17, 22, 22, 22, 18, 22, 26, 26, 22, 22, 31, 31, 31, 22, 5]
[5, 5, 4, 5, 0, 5, 6, 7, 5, 5, 12, 5, 5, 5, 16, 18, 18, 5, 18, 18, 5]
[3, 3, 12, 3, 3, 9, 6, 9, 5, 12, 12, 0, 12, 15, 12, 15, 19, 17, 16, 12]
[4, 4, 4, 0, 8, 8, 8, 4, 8, 9, 4]
[4, 4, 4, 22, 6, 4, 10, 10, 10, 4, 13, 13, 10, 13, 16, 14, 16, 10, 22, 22, 22, 0, 26, 26, 26, 22, 28, 26, 28, 31, 29, 31, 31, 22, 22]
[2, 4, 4, 0, 6, 4, 6, 6, 4]
[4, 4, 4, 0, 4, 4, 8, 4, 8, 8, 8, 8, 8, 16, 16, 13, 8, 19, 8, 19, 19, 19, 19, 19, 26, 24, 4]
[3, 3, 16, 3, 7, 7, 4, 7, 10, 7, 10, 10, 14, 10, 7, 0, 19, 19, 24, 19, 19, 23, 24, 16, 24, 27, 24, 16]
[4, 4, 4, 0, 4, 7, 5, 4]
[5, 3, 5, 5, 0, 10, 10, 10, 10, 5, 10, 13, 11, 13, 16, 18, 18, 14, 5]
[6, 6, 6, 6, 6, 0, 6]
[2, 0, 4, 2, 2, 7, 9, 7, 5, 9, 13, 13, 9, 16, 16, 13, 2]
[3, 3, 0, 3, 6, 4, 6, 3]
[2, 6, 6, 6, 6, 0, 10, 10, 10, 6, 10, 11, 11, 13, 17, 17, 14, 6]
[2, 0, 2, 5, 3, 5, 6, 7, 8, 2, 2, 2, 22, 15, 13, 22, 19, 19, 22, 22, 22, 2, 2]
[20, 20, 5, 5, 2, 10, 6, 9, 10, 5, 14, 14, 14, 10, 20, 20, 20, 20, 20, 0, 22, 20, 24, 22, 22, 28, 28, 25, 20]
[2, 7, 7, 7, 7, 7, 0, 15, 10, 15, 10, 11, 15, 15, 7, 15, 19, 19, 16, 15, 23, 23, 15, 23, 28, 27, 28, 24, 28, 7]
[6, 6, 6, 6, 6, 12, 12, 12, 12, 12, 12, 0, 12]
[2, 6, 2, 5, 3, 0, 6, 10, 10, 6, 12, 10, 6]
[2, 27, 4, 2, 4, 7, 5, 2, 10, 2, 10, 10, 14, 10, 14, 15, 27, 27, 27, 27, 27, 21, 21, 27, 27, 27, 0, 27]
[4, 4, 4, 0, 4, 7, 5, 9, 10, 7, 12, 10, 12, 15, 10, 10, 18, 16, 18, 22, 22, 19, 4]
[3, 3, 0, 3, 3, 5, 3]
[2, 0, 2, 6, 6, 3, 2, 2, 13, 13, 12, 13, 2, 13, 13, 17, 15, 13, 24, 24, 24, 24, 24, 13, 24, 27, 25, 27, 28, 2]
[4, 4, 4, 0, 4, 4, 8, 4, 12, 9, 9, 13, 8, 13, 14, 13, 13, 17, 18, 13, 13, 21, 22, 13, 13, 25, 28, 25, 28, 29, 4]
[0, 3, 7, 7, 7, 7, 1, 7, 13, 13, 10, 10, 8, 13, 16, 14, 7, 20, 20, 7, 20, 20, 24, 22, 26, 24, 1]
[5, 5, 5, 5, 0, 7, 5, 13, 13, 13, 13, 13, 7, 7, 16, 14, 16, 25, 25, 25, 25, 25, 25, 25, 17, 25, 25, 7, 7, 33, 33, 33, 29, 33, 36, 34, 5]
[2, 0, 5, 5, 2, 7, 5, 7, 2, 2, 2, 15, 15, 15, 2, 15, 15, 15, 15, 19, 20, 20, 19, 25, 23, 2]
[0, 1, 4, 2, 4, 8, 8, 5, 1]
[4, 4, 4, 0, 6, 4, 6, 9, 7, 4, 4, 16, 16, 16, 16, 4, 16, 19, 17, 4]
[2, 3, 0, 5, 3, 3, 9, 9, 6, 11, 9, 11, 14, 12, 14, 15, 19, 19, 16, 19, 20]
[2, 8, 2, 5, 3, 8, 8, 0, 8, 9, 13, 13, 10, 13, 16, 14, 8]
[5, 1, 1, 5, 0, 5, 5, 5, 8, 9, 13, 13, 9, 5, 23, 19, 16, 19, 23, 23, 23, 23, 5, 5]
[0, 1, 1, 3, 4, 13, 9, 9, 13, 9, 12, 9, 5, 1]
[2, 3, 0, 5, 3, 5, 9, 9, 6, 9, 14, 11, 14, 10, 3, 3, 19, 19, 3, 21, 19, 23, 21, 23, 27, 27, 23, 27, 30, 28, 27, 27, 35, 35, 32, 37, 35, 3]
[2, 0, 2, 2, 6, 4, 2]
[2, 0, 2, 2, 7, 7, 4, 2]
[2, 8, 2, 3, 4, 7, 4, 0, 8]
