[0, 1, 5, 5, 2, 8, 8, 1, 8]
[3, 3, 0, 3, 3, 8, 8, 5]
[2, 0, 4, 2, 8, 8, 8, 4, 10, 2, 12, 10]
[2, 6, 6, 6, 6, 0, 6, 7, 10, 11, 8, 14, 14, 11, 16, 11, 16]
[2, 0, 2, 2]
[2, 0, 2, 5, 3, 8, 8, 2, 8, 16, 16, 16, 16, 16, 16, 9, 2, 19, 2, 21, 19, 23, 21]
[3, 3, 0, 3, 3, 5, 8, 6, 3, 11, 3, 11]
[4, 4, 4, 0, 6, 4, 6, 7]
[0, 1, 4, 2, 1, 1, 8, 6]
[4, 4, 4, 0, 4, 7, 5, 9, 7, 11, 9, 15, 15, 15, 9, 15]
[3, 3, 5, 5, 0, 5, 6, 5, 10, 5, 10, 11, 5, 19, 19, 19, 19, 19, 5]
[0, 3, 1, 3, 6, 4, 8, 6, 8, 9, 9, 13, 8, 13, 17, 17, 14, 17, 17, 17, 22, 17, 22, 26, 26, 23, 28, 26, 31, 31, 28]
[2, 0, 14, 14, 4, 5, 9, 9, 4, 9, 14, 14, 14, 2, 14, 17, 15, 17, 14, 22, 22, 19]
[3, 3, 7, 7, 7, 7, 0, 7, 10, 7, 14, 14, 14, 10, 18, 18, 18, 14, 18, 18, 20]
[7, 4, 4, 7, 7, 7, 0, 7, 13, 13, 12, 13, 7, 15, 13, 15, 18, 16, 15, 15, 20, 21, 24, 22]
[2, 7, 2, 5, 3, 7, 0, 9, 7, 11, 9, 11, 14, 12]
[4, 4, 4, 0, 7, 7, 4, 7, 10, 8, 4]
[5, 1, 1, 5, 0, 8, 8, 5, 5, 11, 15, 11, 12, 15, 9, 15]
[8, 3, 1, 8, 4, 8, 8, 0, 8, 8, 12, 8, 14, 12, 12, 17, 12]
[0, 4, 4, 5, 1, 5, 6, 7, 11, 11, 8, 14, 14, 11, 11, 18, 18, 11, 18, 21, 19, 27, 22, 25, 27, 27, 21]
[6, 6, 6, 6, 6, 0, 6, 10, 10, 7, 10, 14, 14, 11, 10, 15, 18, 16]
[2, 0, 6, 6, 6, 2, 6, 7, 14, 14, 12, 14, 14, 2, 14, 17, 14, 20, 20, 14, 14, 14, 22, 25, 22]
[3, 3, 12, 3, 3, 3, 8, 3, 12, 12, 12, 0, 16, 15, 16, 12, 18, 16, 16, 23, 20, 21, 16, 23, 26, 27, 24, 23, 23, 32, 32, 29]
[3, 3, 0, 6, 6, 3, 6, 10, 10, 7]
[2, 8, 2, 8, 8, 8, 8, 0, 8, 9, 9, 17, 17, 13, 16, 13, 11]
[6, 1, 6, 6, 6, 0, 8, 6, 8, 14, 12, 14, 12, 9]
[4, 4, 4, 0, 6, 4, 6, 9, 7]
[6, 6, 6, 6, 6, 0, 6, 7, 8, 9]
[5, 5, 5, 5, 0, 5, 9, 9, 5, 12, 12, 9, 12, 16, 16, 13, 18, 16, 18, 18, 22, 20]
[2, 0, 5, 5, 2, 2, 6, 9, 11, 11, 7, 15, 14, 15, 2]
[7, 1, 4, 2, 7, 7, 0]
[2, 0, 2, 6, 6, 3, 9, 9, 6, 9, 12, 9, 12, 13, 14, 14, 18, 9, 9, 27, 27, 27, 27, 27, 26, 27, 9]
[5, 5, 4, 5, 0, 5, 6, 7, 12, 12, 12, 5, 12, 16, 16, 13, 16, 21, 21, 21, 16, 21, 24, 22]
[0, 1, 1, 3, 1, 8, 8, 5, 1, 14, 12, 10, 14, 1, 14, 18, 18, 15]
[0, 1, 4, 2, 1, 1, 8, 6, 8, 9]
[0, 4, 4, 1, 6, 4, 6, 7, 1, 11, 1, 13, 11, 17, 17, 17, 13, 13, 20, 13]
[3, 3, 4, 0, 4, 4, 8, 6, 8, 12, 12, 9, 4, 17, 17, 17, 4, 17, 20, 17, 24, 24, 24, 20, 20, 27, 25, 27, 28, 29, 30, 31, 34, 31]
[3, 3, 4, 0, 4, 7, 4, 11, 11, 11, 4]
[2, 0, 2, 3, 7, 7, 4, 10, 10, 7, 10, 11]
[2, 0, 2, 8, 8, 8, 8, 2]
[2, 0, 2, 2, 6, 2, 8, 2, 10, 8]
[4, 4, 4, 0, 4, 8, 8, 5, 8, 9, 10, 15, 14, 15, 11]
[2, 0, 2, 6, 6, 3, 9, 9, 6, 9, 10, 16, 16, 16, 16, 18, 16, 11, 22, 22, 22, 18]
[3, 3, 0, 3, 8, 8, 8, 4, 8, 12, 12, 9, 12, 16, 16, 13, 16, 20, 20, 17]
[2, 4, 4, 0, 4, 9, 9, 9, 5]
[7, 7, 7, 7, 7, 7, 0, 7, 11, 11, 8, 11, 12]
[6, 1, 2, 3, 6, 0, 6, 10, 10, 7]
[2, 0, 2, 2, 2, 7, 9, 9, 5]
[4, 3, 4, 0, 4, 7, 5, 5, 5, 11, 9, 11, 14, 12, 14, 14, 18, 16, 18, 19, 20]
[0, 1, 1, 3, 6, 1, 8, 9, 6, 9, 9, 9, 15, 15, 12, 15, 15]
[0, 1, 1, 5, 1, 5, 6, 1, 1, 11, 9, 9, 12, 15, 12, 18, 18, 15]
[9, 3, 1, 5, 8, 8, 8, 9, 0, 13, 13, 13, 9, 9, 22, 15, 19, 19, 16, 22, 22, 9]
[13, 1, 4, 1, 4, 5, 10, 9, 10, 5, 13, 13, 0]
[2, 4, 4, 5, 0, 9, 9, 9, 5, 9, 9, 9, 14, 12]
[3, 3, 0, 5, 3, 3, 6, 9, 3, 12, 12, 9]
[4, 3, 4, 25, 4, 5, 8, 11, 8, 8, 6, 11, 14, 12, 14, 17, 15, 17, 21, 21, 17, 23, 25, 25, 0, 28, 28, 25, 28, 31, 29, 25, 36, 36, 36, 32]
[2, 0, 4, 7, 7, 7, 2]
[3, 3, 0, 3, 6, 3, 6, 3, 17, 11, 9, 17, 17, 17, 17, 17, 3]
[6, 4, 4, 1, 6, 0, 8, 9, 6, 6, 13, 13, 6, 6, 14]
[2, 5, 5, 5, 0, 7, 8, 5, 8, 12, 12, 9, 8, 13, 16, 14]
[4, 4, 4, 0, 4, 9, 9, 9, 5, 9, 12, 10, 16, 16, 16, 9, 20, 20, 20, 16, 16, 23, 21, 16, 27, 27, 24]
[15, 5, 5, 5, 15, 5, 6, 5, 8, 11, 9, 15, 15, 15, 0, 15, 15, 19, 17, 19, 19, 23, 21, 19]
[3, 3, 0, 3, 6, 4, 10, 9, 10, 6, 13, 13, 10, 10, 14, 10, 10, 17]
[8, 4, 4, 1, 8, 8, 8, 0]
[5, 4, 4, 5, 0, 7, 5, 7, 10, 8]
[3, 3, 0, 8, 7, 7, 8, 3, 11, 11, 8, 11]
[2, 0, 2, 2, 7, 7, 2, 9, 7, 9, 14, 14, 14, 10, 9, 15, 20, 20, 20, 16]
[5, 1, 5, 5, 0, 5, 9, 9, 6]
[5, 1, 2, 5, 0, 9, 8, 9, 5, 9, 10, 9, 12, 16, 16, 13, 18, 16, 18, 18, 18, 18]
[7, 7, 7, 7, 4, 4, 8, 0, 8, 9, 13, 13, 10, 13, 16, 14, 16, 20, 20, 17]
[16, 16, 5, 5, 2, 8, 8, 5, 16, 9, 10, 16, 14, 16, 16, 0, 20, 20, 20, 16, 20]
[2, 6, 2, 2, 6, 0, 6, 10, 10, 7, 10]
[0, 1, 1, 1, 4]
[4, 4, 4, 0]
[4, 4, 4, 0, 4, 7, 5, 7, 10, 7, 10, 11, 16, 16, 16, 10, 20, 20, 20, 16, 20]
[9, 9, 4, 9, 4, 7, 5, 9, 18, 11, 9, 11, 12, 15, 18, 18, 18, 0]
[2, 0, 2, 2, 4, 8, 8, 2, 10, 8]
[17, 1, 2, 5, 3, 5, 8, 6, 12, 12, 12, 13, 8, 17, 17, 15, 0, 19, 17, 19, 19]
[2, 6, 2, 5, 3, 0, 9, 9, 6, 9, 10, 6, 14, 20, 14, 15, 16, 19, 16, 6, 20, 21, 21]
[2, 4, 4, 0, 4, 4]
[2, 3, 0, 5, 3]
[0, 1, 1, 5, 3, 9, 9, 9, 1, 11, 9, 11, 11, 11, 17, 17, 19, 19, 14]
[3, 3, 15, 3, 6, 8, 8, 4, 15, 15, 15, 15, 15, 15, 0]
[5, 1, 1, 5, 0, 5, 6, 5, 10, 5, 10, 11, 11, 10, 14]
[2, 9, 2, 7, 7, 7, 3, 9, 0, 9, 14, 14, 14, 10]
[4, 4, 4, 0, 8, 5, 8, 4]
[2, 6, 6, 3, 4, 0, 6, 10, 10, 7, 6, 6, 14, 12, 14, 15, 16, 16, 18]
[10, 4, 4, 1, 10, 10, 10, 10, 10, 0, 10, 13, 11, 20, 20, 20, 20, 20, 20, 10]
[4, 4, 4, 8, 4, 7, 5, 0, 12, 12, 12, 8, 8, 15, 18, 18, 18, 8, 18]
[5, 5, 5, 5, 0, 8, 8, 5, 11, 11, 8, 11, 12, 12, 17, 17, 14]
[0, 1, 9, 9, 9, 5, 8, 6, 1, 1, 17, 11, 12, 12, 17, 17, 1, 20, 20, 17, 20, 24, 24, 21, 17, 27, 25]
[2, 3, 0, 3, 8, 8, 8, 10, 10, 4, 10, 14, 14, 11, 3, 23, 16, 20, 20, 16, 20, 23, 3, 27, 26, 27, 23]
[4, 4, 4, 9, 4, 5, 9, 9, 0, 11, 9, 16, 16, 16, 16, 11, 16, 19, 17, 19, 22, 20, 22, 25, 22]
[2, 0, 4, 5, 2, 5, 8, 6, 5, 11, 5, 15, 15, 15, 11]
[2, 4, 2, 0, 7, 7, 4, 7, 10, 8, 10, 10, 18, 17, 16, 17, 18, 7, 22, 19, 19, 18]
[7, 7, 7, 7, 7, 7, 0]
[4, 4, 4, 0, 6, 4, 6, 10, 10, 7]
[3, 3, 0, 6, 6, 3]
[3, 3, 11, 3, 7, 7, 4, 11, 11, 11, 0, 11, 15, 15, 12, 11, 19, 19, 16, 19, 20, 19, 22, 27, 27, 27, 23, 27, 32, 32, 32, 27, 32, 32, 34]
[2, 0, 2, 3, 4, 5, 9, 9, 4, 11, 9, 13, 11, 13, 14]
[2, 7, 2, 3, 7, 7, 0, 7, 7, 11, 9]
[4, 4, 4, 10, 4, 9, 9, 9, 4, 0, 12, 10, 12, 10, 17, 17, 14, 10, 18, 22, 22, 19]
[3, 3, 0, 5, 6, 3, 6, 6, 8]
[5, 1, 4, 1, 0, 5, 5, 5, 5, 11, 5, 5, 14, 12, 20, 20, 20, 20, 20, 5, 20, 23, 21, 20, 20, 28, 28, 20]
[3, 3, 0]
[0, 3, 1, 5, 3, 12, 8, 12, 12, 12, 12, 3, 12, 13, 14]
[2, 6, 2, 2, 6, 0, 6, 7, 10, 8, 12, 10, 16, 16, 16, 8, 16, 19, 17, 19, 22, 20]
[0, 3, 1, 1, 1, 7, 5, 5, 12, 12, 12, 1, 14, 12, 14, 14, 14, 20, 20, 17]
[2, 0, 4, 2, 6, 4, 8, 6, 4, 9, 12, 10, 10, 15, 13]
[3, 3, 0, 5, 3, 5, 9, 9, 13, 9, 13, 13, 3, 13]
[2, 0, 2, 6, 6, 3, 6, 10, 10, 6, 10, 15, 15, 15, 10, 15, 18, 19, 15, 19, 22, 19, 22]
[8, 3, 1, 3, 6, 4, 8, 0, 10, 8, 8, 13, 8, 16, 16, 13, 16]
[4, 4, 4, 0, 4, 7, 4, 10, 10, 4, 10, 13, 11, 13]
[3, 3, 0, 3, 4, 3, 8, 3, 8, 11, 9, 3, 17, 17, 17, 17, 3, 17, 17, 17, 22, 20, 17, 25, 23]
[5, 3, 1, 5, 0, 5]
[2, 0, 2, 3, 2, 8, 8, 5]
[2, 5, 5, 5, 0, 7, 5, 5, 11, 11, 8]
[7, 3, 1, 6, 6, 3, 0, 9, 7, 11, 9, 9, 9, 9, 14, 14, 16, 20, 20, 17]
[4, 1, 1, 6, 6, 0, 6, 7, 10, 8, 10, 13, 10]
[4, 4, 4, 0, 4, 4, 9, 9, 6, 9, 10, 14, 14, 9, 14, 17, 15, 14, 20, 18]
[2, 6, 2, 2, 6, 0, 10, 10, 10, 6, 6, 13, 19, 13, 14, 19, 19, 19, 6]
[2, 0, 5, 5, 2, 5, 8, 6, 8, 13, 13, 13, 9, 15, 13, 15, 15, 20, 20, 17, 15, 24, 24, 15, 26, 24, 28, 26]
[25, 1, 9, 3, 8, 8, 8, 9, 2, 9, 9, 11, 12, 13, 14, 17, 14, 17, 20, 23, 23, 23, 17, 25, 0, 25, 29, 29, 26]
[2, 0, 2, 3, 4, 8, 8, 5, 10, 8, 10, 11, 12, 12, 16, 14]
[3, 3, 0, 3, 6, 4, 3, 10, 10, 12, 12, 3, 12, 12, 16, 18, 18, 14]
[5, 5, 5, 5, 0, 5, 5, 9, 10, 5, 10, 10, 10, 17, 17, 17, 13, 17, 20, 18, 20, 23, 20, 20, 27, 27, 24]
[0, 1, 6, 6, 6, 2]
[0, 3, 4, 1, 4, 5, 4, 9, 7]
[10, 3, 1, 3, 4, 7, 5, 10, 10, 0, 10, 13, 15, 15, 10, 15, 16, 19, 17, 16, 24, 24, 24, 20, 20, 25, 26, 27, 27, 27]
[3, 3, 0, 3, 4, 7, 5, 10, 10, 7, 10]
[3, 3, 0, 3, 6, 4, 8, 3, 10, 8, 10]
[2, 4, 4, 0, 6, 4, 6, 7, 8, 6, 4, 16, 16, 16, 16, 4, 16, 17]
[4, 4, 4, 0, 4, 10, 10, 10, 10, 5]
[3, 3, 0, 3, 8, 8, 8, 3, 3]
[2, 18, 2, 2, 4, 8, 8, 5, 2, 11, 9, 11, 14, 12, 14, 15, 15, 0, 21, 21, 18, 21, 22, 25, 26, 23]
[2, 0, 4, 2, 4, 8, 8, 5, 8, 16, 16, 16, 16, 16, 16, 9]
[0, 1, 7, 5, 6, 7, 2, 9, 7, 11, 9, 13, 11, 9, 17, 17, 14]
[2, 6, 2, 2, 6, 0, 6, 6, 6, 12, 12, 6, 14, 12, 14, 17, 14, 20, 20, 17, 23, 23, 20, 23]
[2, 10, 2, 7, 7, 7, 2, 7, 10, 0, 10, 13, 10, 13, 13, 10, 18, 20, 20, 10, 24, 24, 24, 20]
[3, 3, 4, 0, 8, 8, 8, 4, 4, 18, 14, 13, 14, 10, 17, 17, 18, 4, 18, 18]
[2, 27, 2, 3, 6, 4, 4, 9, 7, 9, 10, 11, 12, 13, 17, 17, 14, 9, 9, 19, 20, 25, 22, 25, 21, 25, 0, 27, 27, 29]
[0, 1, 4, 2, 4, 5, 8, 9, 6]
[11, 3, 1, 3, 3, 5, 6, 9, 7, 11, 0, 11, 14, 12, 14, 14, 16, 14, 20, 18]
[2, 0, 2, 3, 6, 4, 6, 9, 7, 9, 13, 13, 9]
[2, 5, 5, 5, 0, 5, 8, 6, 10, 8]
[2, 0, 2, 5, 2, 5, 8, 6, 11, 11, 8, 13, 2, 13, 14, 15, 13, 19, 13, 22, 22, 19, 24, 22, 26, 22]
[0, 1, 1, 5, 3, 5, 5, 9, 5, 12, 12, 5, 12, 13]
[3, 3, 0, 7, 7, 7, 3, 3, 10, 8, 3, 16, 16, 16, 16, 11]
[4, 4, 4, 12, 4, 7, 5, 7, 11, 11, 7, 0, 12, 16, 16, 13, 16, 19, 17, 19, 19]
[3, 3, 0, 11, 9, 9, 9, 9, 11, 11, 3, 13, 11, 13, 13]
[3, 3, 0, 7, 6, 7, 3, 3]
[2, 0, 4, 2, 6, 2, 6, 11, 11, 11, 7, 13, 17, 17, 17, 17, 11, 17, 17, 17, 20]
[2, 3, 0, 3, 4, 3, 6, 6, 6]
[4, 4, 4, 0, 4, 8, 8, 5, 8, 13, 10, 10, 9]
[2, 10, 2, 3, 4, 8, 8, 5, 10, 0, 12, 10, 20, 16, 16, 20, 20, 20, 20, 12, 20, 27, 22, 25, 27, 27, 20, 27, 28]
[2, 0, 5, 5, 2, 8, 8, 5, 10, 8]
[2, 0, 2, 2, 4, 8, 8, 5, 8, 11, 9, 8, 14, 15, 8]
[2, 0, 2, 7, 7, 7, 3, 9, 2, 13, 13, 13, 9, 15, 13, 15, 15, 17, 17, 21, 17, 23, 21]
[2, 0, 2, 5, 3, 5, 2, 9, 7, 7, 10, 2, 12]
[5, 5, 2, 2, 10, 5, 5, 9, 10, 0, 10, 10, 12, 13, 13]
[6, 3, 6, 3, 3, 15, 6, 9, 7, 11, 6, 11, 11, 13, 0, 34, 18, 34, 34, 22, 22, 19, 22, 25, 23, 22, 29, 29, 30, 26, 34, 34, 34, 15]
[5, 3, 5, 5, 0, 5, 8, 9, 6, 9, 12, 9]
[2, 4, 4, 0, 6, 4, 4, 9, 4, 11, 9, 11, 12, 16, 16, 13]
[3, 3, 18, 3, 6, 4, 12, 12, 12, 12, 12, 3, 12, 13, 16, 18, 18, 0]
[2, 0, 2, 7, 7, 7, 3, 7, 8, 8, 14, 14, 14, 2, 16, 14, 18, 16, 20, 22, 22, 16, 22, 22, 26, 22, 28, 26, 28, 31, 29]
[3, 3, 6, 3, 3, 0, 8, 6, 6, 6, 10, 13, 11]
[2, 0, 2, 5, 3, 3, 3, 10, 10, 7, 15, 15, 12, 13, 10, 17, 15, 20, 20, 17, 17, 21, 15, 15, 24, 24, 24, 27]
[0, 1, 4, 2, 6, 2, 6, 1, 10, 8, 10, 11, 14, 12, 12, 17, 12, 20, 20, 17, 20, 24, 24, 20]
[3, 3, 7, 3, 3, 7, 0, 9, 7, 12, 12, 9, 9, 15, 13]
[0, 3, 1, 5, 3, 7, 5]
[0, 3, 1]
[8, 4, 4, 1, 8, 8, 8, 0, 8, 11, 9, 11, 14, 12, 16, 17, 19, 19, 14]
[2, 4, 4, 0]
[2, 4, 4, 0]
[2, 0, 2]
[4, 4, 4, 0, 4, 8, 8, 5, 8, 9, 9, 14, 14, 11, 14, 17, 15, 17, 17, 19, 22, 20]
[10, 4, 4, 10, 4, 7, 5, 10, 10, 22, 12, 10, 15, 15, 12, 10, 19, 19, 16, 21, 22, 0, 24, 22, 26, 27, 24]
[2, 0, 4, 2, 6, 8, 8, 4, 10, 11, 8, 13, 11, 8, 17, 17, 14]
[3, 3, 0, 3, 8, 8, 8, 3]
[2, 4, 4, 0]
[0, 1, 4, 1, 4, 8, 8, 4, 8, 8, 14, 14, 14, 8, 14, 17, 14, 17, 22, 22, 22, 17, 1]
[7, 7, 7, 7, 7, 7, 0, 9, 7, 15, 15, 15, 15, 15, 9, 15, 20, 20, 20, 16, 20, 24, 24, 21]
[3, 3, 4, 0, 6, 4, 6, 7, 11, 11, 6, 13, 11, 13, 16, 14, 16, 16, 18, 21, 23, 23, 19, 25, 14, 27, 25]
[3, 3, 0, 3, 4, 8, 8, 5, 8, 13, 13, 13, 8, 3, 14, 17, 15, 17, 20, 18, 3, 23, 24, 3, 24, 28, 28, 24]
[12, 1, 2, 10, 10, 8, 8, 10, 10, 3, 12, 0, 14, 12, 17, 17, 14, 17, 20, 17, 23, 23, 20, 25, 23, 28, 28, 25]
[4, 4, 4, 0]
[3, 3, 8, 5, 8, 8, 8, 0, 8, 11, 13, 13, 8, 8]
[2, 0, 2, 2, 6, 2, 6, 6, 10, 8, 10, 14, 14, 11, 14, 17, 15]
[4, 4, 4, 0, 4, 7, 5, 9, 7, 12, 12, 9, 12, 15, 13, 20, 16, 17, 16, 15, 20]
[5, 3, 5, 5, 0, 5, 11, 10, 10, 11, 6]
[11, 3, 1, 3, 6, 4, 8, 11, 11, 11, 0, 16, 16, 16, 16, 11]
[10, 1, 5, 5, 1, 10, 10, 10, 10, 0, 10, 14, 14, 11, 14, 15, 10, 20, 20, 17, 20, 21]
[0, 3, 1, 5, 3, 10, 10, 10, 10, 5, 14, 14, 14, 10, 14, 15, 19, 17, 16]
[2, 0, 2, 2, 4, 4]
[2, 0, 5, 5, 2, 7, 5, 9, 10, 7, 12, 10, 10, 15, 13, 2, 2, 19, 20, 17, 22, 20, 24, 22, 24, 25]
[8, 6, 6, 6, 6, 1, 8, 0, 10, 8]
[3, 3, 0, 3, 4, 5, 5, 3, 3, 12, 12, 24, 12, 15, 13, 21, 21, 21, 21, 21, 24, 24, 24, 9, 24, 27, 25, 27, 28, 29, 34, 34, 34, 30, 37, 37, 24, 39, 37]
[2, 0, 4, 2, 4, 7, 5, 2, 2, 12, 12, 9]
[2, 0, 4, 2, 2, 2, 10, 10, 10, 2, 13, 13, 2, 13, 16, 17, 14, 19, 17, 19, 19, 23, 21]
[4, 3, 4, 0, 6, 7, 4, 11, 11, 11, 7, 15, 15, 15, 11]
[5, 5, 5, 5, 0, 5, 8, 6, 8, 9, 12, 8, 12, 13]
[2, 0, 2, 5, 2, 7, 5, 7]
[5, 5, 5, 5, 0, 5, 8, 5, 8, 12, 12, 9, 14, 17, 17, 17, 12, 17]
[0, 1, 4, 2]
[2, 5, 5, 5, 0, 5, 9, 9, 6, 5, 23, 23, 15, 15, 23, 15, 16, 17, 16, 22, 22, 19, 31, 23, 28, 28, 28, 24, 31, 31, 5, 31, 31, 33, 34, 34, 34, 34]
[2, 0, 4, 2, 2, 7, 5, 2, 10, 8]
[3, 3, 12, 6, 4, 8, 8, 3, 8, 9, 12, 0, 14, 12, 19, 18, 18, 19, 14, 21, 19, 23, 21, 25, 26, 23, 23, 27]
[2, 0, 4, 2, 4, 7, 5]
[3, 3, 4, 0, 4, 4, 8, 6, 8, 8, 10, 13, 11]
[3, 3, 15, 5, 3, 5, 6, 3, 12, 12, 12, 8, 15, 15, 0, 15, 16]
[2, 5, 5, 5, 0, 5, 8, 6, 5, 11, 5, 13, 11, 15, 13, 17, 15, 17, 17]
[3, 3, 4, 0, 6, 4, 6, 10, 10, 6, 6, 15, 14, 15, 6, 15, 16, 16, 16, 22, 22, 19]
[4, 4, 4, 0, 7, 7, 4, 7, 10, 8, 7, 7, 16, 16, 16, 12, 16, 17, 20, 18, 20, 21]
[4, 3, 4, 0, 6, 4, 6, 6, 10, 8, 8, 14, 14, 11]
[2, 0, 2, 6, 6, 3, 2, 9, 7, 9]
[3, 3, 0, 5, 6, 7, 3, 3, 8, 9, 3, 14, 14, 3, 14, 17, 14, 22, 21, 21, 22, 14, 22]
[5, 5, 5, 5, 0, 5, 9, 9, 10, 6, 5, 11, 11, 17, 17, 17, 13]
[3, 3, 0, 6, 6, 3, 10, 9, 10, 6]
[2, 7, 2, 2, 7, 7, 0, 11, 10, 11, 7, 7, 7, 16, 16, 13, 16, 19, 17]
[10, 4, 4, 10, 4, 5, 10, 9, 10, 0, 14, 14, 14, 10, 14, 15, 15, 20, 20, 17]
[2, 11, 2, 3, 8, 8, 8, 4, 11, 11, 0, 11, 14, 12, 14, 17, 15, 17, 21, 21, 18]
[12, 5, 5, 5, 1, 5, 6, 7, 11, 11, 8, 0, 12, 16, 16, 13]
[8, 3, 8, 3, 7, 7, 4, 24, 13, 11, 13, 13, 8, 15, 13, 18, 18, 15, 15, 19, 24, 23, 24, 0, 26, 24, 26, 29, 27, 29, 30]
[2, 9, 2, 2, 6, 4, 9, 9, 0, 9, 12, 10, 9, 9, 20, 17, 20, 20, 20, 14]
[0, 1, 2, 1, 1, 7, 5]
[3, 3, 0, 3, 4, 5, 8, 6]
[2, 4, 4, 0, 4, 8, 8, 5, 8, 13, 13, 13, 8]
[2, 0, 2, 13, 6, 13, 6, 10, 10, 7, 13, 13, 2, 15, 13, 13, 16, 17, 20, 17]
[3, 3, 0, 3, 6, 4, 6, 9, 7, 9, 3, 13, 11, 13, 13]
[2, 4, 4, 6, 6, 0, 6, 6, 6, 9, 6, 11, 14, 15, 12, 15, 18, 20, 20, 16, 20, 21, 22, 25, 22]
[2, 0, 4, 2, 2, 7, 5, 2, 17, 9, 9, 9, 15, 15, 9, 17, 2]
[5, 5, 2, 5, 0]
[2, 9, 2, 2, 2, 5, 8, 6, 0, 11, 9, 11, 14, 11, 14, 14, 16]
[2, 3, 0, 5, 3, 5, 8, 6, 5, 5, 10, 14, 14, 11, 16, 14, 18, 16, 16, 21, 19, 25, 25, 25, 21, 25]
[4, 4, 4, 11, 4, 9, 9, 9, 5, 11, 0, 13, 11]
[3, 3, 8, 3, 7, 7, 4, 0, 10, 8]
[3, 3, 5, 5, 0, 5, 6, 6, 6, 11, 9, 11, 12]
[3, 3, 4, 0, 4, 4, 6, 7, 11, 9, 8, 11]
[2, 11, 2, 8, 8, 8, 8, 3, 11, 11, 0, 11, 12, 11, 14, 19, 19, 19, 15, 19, 20, 23, 21, 25, 23]
[5, 3, 5, 5, 13, 5, 9, 9, 6, 13, 13, 11, 0, 19, 16, 19, 19, 19, 13, 19, 20, 24, 24, 19]
[0, 5, 2, 2, 1, 7, 5, 7, 10, 12, 12, 7, 7, 7, 14, 18, 18, 15, 18, 21, 18]
[13, 1, 2, 3, 7, 7, 4, 7, 8, 11, 13, 13, 0, 16, 16, 13, 19, 19, 16, 16, 24, 21, 24, 20, 13, 27, 30, 29, 30, 13, 32, 30]
[5, 1, 2, 5, 0, 5]
[21, 3, 21, 3, 7, 7, 4, 7, 8, 11, 9, 13, 8, 13, 14, 18, 18, 14, 21, 21, 30, 21, 22, 26, 26, 30, 30, 29, 30, 0, 32, 30, 30]
[3, 3, 0, 3, 4, 5, 5, 10, 10, 7, 12, 3, 12, 15, 19, 17, 19, 19, 12]
[7, 1, 4, 6, 6, 2, 0, 7, 7, 9]
[2, 0, 2, 2]
[4, 4, 4, 5, 0, 5, 11, 11, 11, 11, 5, 11, 15, 15, 12, 15, 16, 17, 21, 21, 16, 24, 24, 21, 26, 24]
[5, 1, 5, 5, 6, 0, 8, 6, 8, 22, 22, 13, 11, 11, 17, 17, 11, 17, 18, 19, 22, 8, 22, 22, 26, 22, 28, 26, 28, 31, 29]
[4, 4, 4, 0, 4, 5, 8, 4, 8, 8, 10]
[9, 4, 4, 1, 4, 5, 4, 7, 0, 9, 12, 10, 12, 15, 13, 9, 21, 21, 21, 21, 16]
[0, 1, 2, 5, 1, 5, 5, 7, 5, 11, 9, 5, 12, 16, 16, 13, 5, 5, 18, 18, 25, 25, 25, 25, 20]
[2, 3, 0, 3, 4, 5, 9, 9, 6, 11, 5, 11, 15, 15, 12, 15, 11, 17, 18, 19, 17, 23, 17, 26, 26, 23, 26]
[7, 4, 4, 7, 6, 4, 12, 12, 12, 11, 12, 0, 12, 13, 16, 13, 16, 16, 13, 21, 19, 23, 21, 23, 13, 29, 29, 29, 13, 29, 33, 33, 29, 33, 34]
[0, 6, 6, 6, 6, 1, 1, 9, 7, 11, 9, 11, 14, 11, 14, 21, 21, 21, 21, 21, 15, 21, 21]
[2, 18, 8, 7, 6, 7, 8, 18, 10, 8, 10, 11, 12, 15, 13, 18, 18, 0, 20, 18, 20, 18]
[2, 0, 8, 5, 8, 8, 8, 2, 8, 9, 13, 13, 10, 16, 16, 8, 16, 17, 18, 19, 19]
[4, 4, 4, 7, 4, 7, 0, 7]
[0, 1, 2, 5, 1]
[5, 5, 5, 5, 0, 5, 8, 6, 8, 6, 12, 10, 14, 12, 16, 14, 16, 20, 20, 17, 22, 16]
[3, 3, 24, 6, 6, 3, 8, 3, 12, 12, 12, 8, 14, 12, 17, 17, 14, 19, 20, 17, 24, 24, 24, 0, 27, 27, 24]
[0, 1, 1]
[11, 6, 6, 6, 6, 1, 8, 11, 11, 11, 0, 11, 12, 11, 16, 11, 16, 23, 23, 19, 22, 19, 17]
[5, 4, 4, 5, 14, 5, 8, 5, 5, 12, 12, 9, 14, 0, 16, 14, 16, 22, 22, 22, 22, 17]
[4, 3, 4, 6, 4, 0, 8, 6, 8, 9, 13, 13, 10]
[0, 6, 6, 6, 6, 1, 6, 10, 10, 7, 12, 10, 15, 15, 12, 1, 18, 1, 20, 23, 23, 23, 18, 23, 27, 27, 24, 27, 30, 28, 27, 27]
[5, 5, 5, 5, 0]
[5, 5, 4, 5, 0, 5, 8, 9, 5, 9]
[5, 5, 5, 5, 0]
[2, 0, 4, 6, 6, 2]
[0, 1, 1, 5, 1, 7, 5, 10, 10, 7, 12, 10, 14, 12]
[2, 0, 2, 3, 4]
[4, 3, 4, 0, 4, 7, 4]
[2, 10, 6, 5, 6, 2, 8, 10, 10, 0, 10, 13, 11, 13, 17, 17, 14]
[6, 6, 6, 6, 6, 0, 8, 6, 8, 9, 8, 14, 14, 8, 6]
[2, 3, 0, 3, 7, 7, 4, 9, 7, 3, 17, 17, 17, 17, 17, 17, 3, 19, 17, 22, 22, 19]
[2, 6, 2, 5, 3, 0, 6, 6, 8, 9, 10, 11, 14, 10, 14]
[2, 4, 4, 0, 4, 7, 5, 7, 8, 9, 9, 13, 4, 13, 17, 17, 14, 4, 4, 19, 19, 21, 24, 22, 26, 21, 28, 26]
[2, 3, 0, 3, 6, 3, 8, 6, 8, 9]
[0, 3, 1, 3, 8, 8, 8, 4, 3, 11, 3, 11]
[2, 0, 5, 5, 2, 7, 5, 11, 11, 11, 2, 11, 14, 12, 11, 18, 18, 11]
[2, 0, 4, 2, 6, 7, 4, 7, 10, 8]
[2, 8, 2, 3, 7, 7, 3, 0, 8, 14, 13, 13, 14, 8, 16, 14]
[6, 6, 6, 6, 6, 0, 6, 6, 8]
[12, 1, 2, 1, 4, 7, 5, 7, 11, 11, 8, 0, 14, 12, 16, 14, 16, 21, 21, 21, 17, 21, 24, 21]
[2, 3, 0, 3]
[13, 4, 4, 13, 4, 9, 8, 9, 5, 13, 13, 13, 0, 17, 17, 17, 13, 17, 18, 19, 19]
[5, 3, 5, 5, 22, 10, 10, 10, 10, 22, 10, 15, 15, 15, 11, 15, 20, 20, 20, 16, 22, 0, 22, 25, 23]
[7, 3, 1, 6, 6, 7, 0, 7, 10, 12, 12, 8, 12, 13]
[4, 4, 4, 0, 4, 9, 9, 9, 4, 9, 12, 10, 16, 16, 16, 9, 18, 16, 16]
[3, 3, 8, 3, 3, 8, 8, 0, 8, 12, 12, 9, 12, 13]
[2, 4, 4, 0, 4, 5, 8, 6, 10, 8, 14, 14, 14, 10, 10, 17, 10, 17, 23, 23, 23, 23, 18]
[11, 3, 1, 3, 4, 3, 6, 7, 10, 11, 0, 11, 14, 12, 14, 15]
[4, 4, 4, 0, 4, 4, 9, 9, 6, 4, 10, 11, 12]
[10, 1, 4, 2, 8, 8, 8, 4, 10, 0, 12, 10, 12, 13, 14, 17, 15, 17]
[2, 4, 4, 0, 9, 7, 8, 9, 4]
[2, 5, 2, 2, 0, 5, 8, 6, 10, 5, 12, 10, 5, 17, 17, 17, 21, 21, 21, 21, 13, 21, 24, 22]
[2, 0, 2, 3, 7, 7, 2, 9, 7, 11, 9, 9, 12, 15, 13, 9, 19, 19, 16]
[4, 4, 4, 11, 9, 9, 9, 9, 4, 11, 0, 11, 15, 15, 20, 15, 19, 19, 15, 11, 20, 20, 24, 22, 24, 25]
[0, 1, 2]
[0, 3, 1, 3, 4, 1, 8, 6, 8, 9, 1, 11, 16, 16, 16, 12, 23, 17, 21, 21, 23, 23, 16]
[3, 3, 0]
[2, 0, 2]
[2, 0, 2, 6, 6, 3]
[18, 1, 8, 8, 8, 8, 8, 2, 10, 8, 8, 13, 8, 18, 18, 17, 15, 0, 20, 18, 18, 23, 21, 23, 26, 24]
[2, 0, 2, 7, 7, 7, 2]
[2, 3, 0, 3, 7, 7, 4, 7, 7, 13, 13, 13, 7, 15, 3, 15, 20, 20, 20, 16]
[2, 4, 4, 0, 4, 4, 6, 6, 11, 11, 6, 11, 15, 15, 18, 15, 16, 12, 18, 21, 19, 21, 24, 22, 24, 24]
[10, 4, 4, 10, 9, 9, 9, 9, 4, 18, 16, 13, 16, 16, 16, 10, 18, 0, 18, 22, 22, 19, 18, 25, 23, 25, 25, 27, 30, 25, 32, 30]
[2, 3, 0, 3, 4, 9, 8, 9, 3, 9]
[3, 3, 0, 3, 4, 3, 8, 6, 14, 14, 14, 13, 14, 8, 20, 20, 20, 20, 20, 14, 20, 21, 22, 25, 20, 25]
[2, 0, 2, 6, 6, 2, 17, 9, 17, 9, 10, 11, 14, 12, 17, 17, 2, 17, 21, 21, 17, 23, 21, 25, 23, 29, 29, 29, 23, 29, 30, 33, 31]
[2, 3, 0, 5, 3, 7, 5, 3, 11, 11, 3, 11, 15, 15, 12]
[3, 3, 19, 3, 6, 4, 3, 7, 8, 9, 7, 7, 15, 15, 12, 19, 19, 19, 0, 21, 19, 23, 21]
[3, 3, 10, 3, 7, 7, 4, 10, 10, 0, 10, 11, 12, 16, 16, 13, 10, 20, 20, 10, 20, 21, 22, 25, 23]
[3, 3, 6, 6, 6, 0, 6, 10, 10, 7, 13, 13, 10, 15, 13, 17, 15]
[6, 6, 6, 3, 3, 0, 8, 6, 8, 8, 8, 14, 14, 11, 8, 8, 8, 21, 20, 21, 17, 23, 21, 23, 24, 24]
[0, 1, 5, 5, 2, 11, 11, 11, 11, 11, 5]
[2, 6, 2, 5, 3, 0, 6, 9, 7, 12, 12, 6]
[5, 1, 2, 5, 0, 8, 8, 5, 5]
[5, 1, 2, 5, 0, 8, 8, 5, 8, 8, 13, 13, 10, 5, 19, 15, 18, 19, 5, 22, 22, 19, 22, 25, 23, 27, 25, 30, 30, 27]
[5, 5, 4, 5, 0, 5, 8, 10, 10, 6, 10, 11, 12, 12, 12, 18, 18, 15, 21, 21, 18, 21, 25, 25, 22]
[2, 0, 2, 3, 4, 5, 9, 9, 6, 3, 12, 10, 16, 16, 16, 12, 18, 16, 18, 19, 23, 23, 19]
[2, 0, 6, 6, 6, 2, 6, 7, 21, 9, 12, 21, 12, 16, 16, 13, 21, 21, 20, 21, 8]
[0, 4, 4, 1, 4, 7, 5, 4, 12, 12, 12, 4]
[3, 3, 0, 5, 3, 5, 9, 9, 6, 5, 10, 14, 14, 11, 19, 19, 19, 19, 14, 22, 22, 19, 24, 22]
[2, 0, 4, 2, 2, 5, 6, 15, 15, 15, 14, 14, 14, 15, 6, 17, 15, 15, 18]
[3, 3, 4, 0, 10, 10, 8, 6, 10, 4, 10, 13, 11, 17, 16, 17, 13, 20, 20, 17]
[3, 3, 0, 3, 4, 5, 9, 9, 6, 9, 12, 10, 3, 21, 16, 14, 18, 21, 21, 21, 3, 23, 21]
[3, 3, 0, 3, 7, 7, 4, 3, 8, 8, 12, 8]
[2, 11, 4, 5, 2, 7, 11, 7, 10, 8, 0, 11, 11, 15, 13, 15, 16, 17, 20, 18]
[3, 3, 6, 6, 6, 0, 8, 6, 11, 11, 8, 15, 15, 15, 6, 17, 15, 17, 21, 21, 18]
[5, 5, 5, 5, 15, 5, 5, 9, 7, 9, 13, 13, 10, 15, 0, 17, 18, 15, 20, 18, 20, 20, 25, 25, 22, 15, 30, 27, 30, 15, 30, 33, 30, 33, 33, 35, 36, 39, 37, 41, 36]
[2, 0, 5, 5, 2, 7, 5, 5, 10, 11, 8, 11, 16, 16, 14, 12]
[2, 29, 5, 5, 2, 5, 5, 9, 7, 9, 10, 9, 16, 16, 16, 12, 12, 20, 20, 17, 20, 21, 21, 23, 28, 28, 28, 24, 0, 29]
[4, 3, 4, 0, 4, 5, 6, 5, 5, 12, 12, 5, 12, 13, 12, 19, 19, 19, 15]
[2, 0, 2, 7, 7, 7, 3, 9, 7]
[2, 0, 2, 2, 4, 7, 5, 9, 7, 9, 12, 10, 12, 16, 16, 13, 16, 19, 17, 16, 20, 23, 20]
[2, 15, 2, 2, 9, 9, 9, 9, 4, 9, 12, 10, 15, 15, 0, 15, 16, 17, 23, 22, 22, 23, 18, 23, 23, 15, 28, 15, 32, 31, 32, 28, 32, 33]
[2, 6, 2, 6, 6, 0, 6]
[3, 3, 0, 5, 6, 3, 6, 6, 8, 11, 9, 11, 12, 16, 16, 11, 16, 19, 17]
[2, 0, 2, 2, 2, 5, 10, 10, 10, 2, 10, 13, 14, 10, 16, 14, 14, 19, 17, 14, 14, 23, 21, 25, 23]
[2, 3, 0, 6, 6, 3, 3, 9, 7, 13, 13, 13, 9, 16, 16, 13, 16, 3, 21, 21, 3, 23, 21, 23, 26, 27, 24, 27, 30, 28]
[7, 3, 1, 3, 7, 7, 0, 15, 11, 11, 15, 15, 15, 15, 7, 15, 20, 20, 20, 16, 23, 23, 20]
[2, 0, 10, 6, 6, 10, 10, 10, 10, 2, 2, 14, 14, 11, 14, 15, 18, 16, 22, 22, 22, 18]
[2, 0, 2, 6, 6, 3, 10, 7, 10, 2, 10]
[0, 1, 2, 1, 4, 7, 5, 5, 5, 9]
[2, 0, 2, 7, 7, 7, 2]
[2, 0, 2, 6, 6, 2, 2, 9, 7, 9, 10]
[2, 0, 4, 2, 4, 5, 8, 4, 10, 8, 10, 14, 14, 11, 4, 17, 4, 17, 18, 21, 19]
[3, 3, 14, 3, 6, 4, 6, 12, 12, 12, 12, 7, 14, 0, 16, 14, 16, 21, 21, 21, 17]
[2, 0, 4, 2, 2, 8, 8, 5, 2, 2, 10, 10, 14, 12, 19, 19, 19, 19, 14, 19, 20, 21, 22, 26, 26, 20]
[3, 3, 9, 9, 7, 7, 9, 9, 0, 11, 9, 11, 11, 11, 19, 19, 19, 19, 14, 19, 20]
[5, 5, 5, 5, 0, 5, 8, 6, 5, 13, 13, 13, 5, 15, 13]
[2, 0, 2, 6, 6, 3, 6, 9, 7, 9, 10, 14, 14, 11, 10, 17, 15]
[0, 1, 2, 5, 1, 5, 8, 6, 8, 8, 8, 13, 11, 13, 17, 17, 14]
[2, 12, 4, 2, 12, 5, 8, 12, 8, 11, 9, 0, 15, 15, 12, 12, 12, 20, 20, 17, 20, 23, 21, 23, 26, 24, 12]
[3, 3, 0, 8, 8, 8, 8, 3, 3, 9, 10, 14, 14, 11, 16, 17, 3, 17, 21, 21, 18]
[2, 18, 2, 5, 3, 5, 10, 10, 10, 6, 12, 10, 14, 12, 18, 17, 18, 0, 21, 21, 18, 21, 27, 27, 24, 24, 22, 27, 31, 31, 27, 31, 34, 32]
[0, 1, 7, 7, 7, 7, 2, 9, 7, 7, 13, 13, 7]
[4, 3, 4, 13, 7, 7, 4, 7, 8, 12, 12, 8, 0, 16, 16, 13, 16, 17]
[0, 1, 5, 5, 2, 5, 9, 9, 5]
[6, 6, 5, 5, 6, 0, 6, 10, 10, 7, 10, 11, 6, 13, 14, 15, 16, 17, 17, 17, 17, 15, 25, 25, 15, 25, 28, 26]
[0, 4, 4, 1, 4, 7, 5, 7, 10, 8, 8, 8]
[0, 1, 4, 2, 6, 1, 8, 6, 6, 11, 9, 11, 14, 12, 11, 23, 23, 23, 18, 21, 19, 23, 15, 23, 24, 29, 29, 29, 25]
[15, 15, 4, 15, 6, 4, 6, 6, 6, 9, 10, 6, 14, 12, 0, 15]
[4, 4, 4, 0, 4, 5, 6, 9, 6, 9, 10, 11, 14, 17, 17, 17, 12, 20, 20, 17, 17, 24, 24, 17]
[8, 5, 5, 5, 1, 7, 8, 0, 11, 11, 8, 15, 15, 15, 8, 17, 15]
[3, 3, 4, 0, 6, 4, 4, 7, 8, 7, 16, 15, 15, 15, 16, 4, 16, 20, 20, 17]
[6, 3, 4, 6, 6, 0, 8, 6, 11, 11, 8]
[14, 1, 14, 3, 4, 9, 9, 9, 5, 13, 12, 13, 14, 0, 14, 14, 16, 14, 20, 14, 22, 20]
[5, 5, 2, 2, 0]
[0, 4, 4, 1, 6, 7, 4, 11, 11, 9, 7]
[2, 0, 2, 2, 6, 2, 8, 2, 8, 8, 10, 13, 10, 13, 16, 17, 13, 20, 18, 17]
[3, 3, 12, 7, 7, 7, 3, 7, 10, 8, 12, 0, 15, 15, 12, 15, 16, 17, 18, 12, 23, 23, 12, 25, 23, 31, 28, 31, 30, 31, 25, 31, 35, 35, 32, 31, 40, 40, 40, 36]
[2, 4, 4, 0, 8, 8, 8, 4, 4, 11, 14, 14, 14, 4, 14, 14]
[5, 5, 4, 5, 0, 5, 6]
[5, 5, 5, 5, 0, 7, 5, 10, 10, 7, 10, 13, 11, 13, 14, 15, 15]
[2, 0, 4, 2, 4, 5, 11, 11, 8, 8, 6, 4, 14, 12, 14, 15, 14, 17, 2, 21, 2, 24, 24, 21, 24, 25]
[0, 1, 1, 5, 1, 5, 8, 6, 8, 9, 10, 13, 10]
[2, 3, 0, 7, 7, 7, 3, 7, 10, 8]
[4, 4, 4, 0, 7, 7, 4, 13, 13, 13, 13, 13, 7, 7, 17, 17, 7, 17, 20, 18, 20, 23, 20, 23, 23]
[0, 1, 4, 1, 7, 7, 4, 4, 4, 11, 4, 11, 12, 13, 17, 17, 14]
[3, 3, 0, 6, 6, 3, 8, 3, 10, 16, 14, 14, 14, 10, 16, 8, 16, 16]
[2, 0, 2, 2]
[6, 6, 2, 5, 3, 0, 11, 11, 11, 11, 6, 11, 14, 12, 6, 18, 18, 6, 18, 18, 23, 23, 20, 23]
[2, 0, 2, 2]
[0, 3, 1, 11, 4, 7, 11, 9, 7, 9, 3, 13, 11]
[3, 3, 0, 5, 3, 5]
[4, 4, 4, 0, 4, 7, 8, 5]
[0, 1, 2, 5, 6, 3]
[3, 3, 8, 5, 3, 8, 8, 0]
[3, 3, 0, 3, 9, 8, 8, 9, 4, 9, 12, 10]
[2, 4, 4, 0, 4, 7, 5, 4, 13, 13, 13, 13, 4, 18, 18, 18, 18, 13, 18, 19, 20, 24, 24, 21, 24, 29, 29, 29, 25, 4]
[3, 3, 15, 5, 3, 8, 8, 5, 15, 11, 15, 11, 12, 15, 0, 17, 15, 17, 18, 24, 22, 24, 24, 19]
[2, 0, 2, 2]
[3, 3, 0, 3, 7, 7, 4, 7, 8, 3]
[4, 3, 1, 0, 6, 4, 4, 7, 7, 7, 13, 13, 10, 13, 16, 14]
[3, 3, 5, 5, 0, 7, 5, 5, 5, 9, 5, 13, 11, 16, 16, 17, 5]
[0, 3, 1]
[2, 3, 4, 0, 6, 4, 8, 6, 8, 8, 17, 11, 16, 16, 16, 11, 10, 17, 17, 21, 19, 23, 10, 23]
[6, 3, 1, 5, 6, 0, 6, 7, 10, 8, 12, 10, 7, 7, 17, 17, 14, 6]
[5, 5, 5, 5, 0, 7, 8, 5, 8, 9, 10, 11]
[12, 3, 1, 1, 1, 7, 8, 5, 8, 11, 8, 0, 12, 13, 14, 15, 16, 12, 22, 21, 22, 26, 26, 26, 26, 12, 26, 32, 32, 31, 32, 27, 26, 33, 34, 35, 39, 39, 36]
[2, 4, 4, 0, 6, 4, 6, 9, 7, 6, 13, 13, 10, 15, 13]
[4, 3, 4, 0, 4, 7, 5, 14, 12, 12, 12, 14, 14, 7, 14, 17, 18, 15, 18, 18, 14, 25, 25, 25, 21]
[2, 4, 4, 6, 6, 0, 6, 6, 11, 11, 8, 13, 11, 13, 16, 6, 21, 21, 21, 21, 16]
[3, 3, 11, 3, 6, 4, 4, 7, 11, 11, 0, 13, 11, 13, 14, 15, 14, 19, 17, 17, 20, 17, 22, 17, 26, 24]
[4, 4, 4, 0, 4, 5, 10, 10, 10, 4, 12, 10, 12, 15, 16, 13, 19, 19, 10, 19, 20, 25, 25, 25, 19, 27, 25, 30, 30, 27]
[2, 4, 4, 0, 4, 4, 6, 10, 10, 7, 10, 14, 14, 11, 4, 18, 18, 4, 20, 18, 20, 20, 22, 23]
[0, 1, 4, 2, 4, 5, 6, 1, 10, 12, 12, 1, 12]
[0, 3, 5, 5, 1, 1, 10, 9, 10, 6, 10, 13, 15, 13, 11, 15, 19, 19, 16, 19, 22, 19, 10, 26, 26, 23, 26, 29, 26]
[4, 4, 2, 0, 4, 4, 4, 9, 4, 9]
[6, 6, 6, 6, 6, 14, 6, 11, 11, 11, 7, 14, 14, 0, 14, 17, 15, 17, 18, 18, 18, 14]
[10, 1, 2, 3, 3, 3, 3, 9, 10, 0, 13, 13, 10, 10, 17, 17, 10, 17]
[4, 1, 4, 0, 4, 4, 10, 10, 10, 6]
[3, 3, 8, 8, 8, 8, 8, 0, 8, 9, 10, 10, 10, 13, 18, 15, 16, 8, 18, 19]
[0, 4, 4, 1, 4, 9, 9, 9, 5, 1, 13, 13, 10]
[7, 1, 4, 7, 6, 4, 0, 7]
[2, 9, 9, 6, 6, 3, 9, 9, 0, 9]
[2, 3, 0, 3, 6, 3, 9, 9, 6, 9, 14, 14, 14, 10]
[9, 3, 8, 8, 6, 7, 8, 1, 0]
[4, 4, 4, 12, 4, 7, 5, 7, 8, 9, 10, 0, 12, 12]
[5, 4, 4, 5, 0, 5]
[2, 0, 4, 2, 4, 5, 9, 9, 6, 9, 12, 10, 14, 12, 14, 14, 19, 19, 12, 19, 19, 23, 19, 19]
[13, 4, 4, 1, 4, 5, 8, 13, 13, 13, 12, 13, 0, 13, 14, 18, 18, 13, 18, 19, 24, 24, 24, 20, 24]
[2, 0, 2, 2, 2, 9, 9, 9, 17, 13, 10, 10, 9, 17, 17, 17, 2]
[3, 3, 0, 5, 3, 3, 11, 11, 8, 8, 6, 13, 3, 13, 13, 17, 15, 17, 22, 22, 22, 17]
[7, 7, 2, 6, 6, 2, 0, 7, 10, 7]
[2, 3, 6, 3, 4, 0, 9, 9, 6]
[2, 0, 6, 6, 6, 2, 6, 9, 6]
[0, 3, 1, 1, 7, 7, 4, 10, 10, 1, 12, 10, 12, 15, 13]
[0, 4, 4, 1, 4, 4, 6, 1, 10, 8, 10, 13, 11, 16, 16, 13, 20, 20, 20, 16, 20, 23, 21, 23, 20, 27, 29, 29, 20]
[12, 3, 12, 3, 4, 3, 8, 3, 12, 12, 12, 20, 12, 12, 16, 20, 20, 20, 20, 0, 22, 20, 22, 25, 20, 28, 28, 25]
[4, 1, 4, 0]
[2, 3, 0, 3, 7, 7, 3]
[17, 1, 2, 7, 7, 7, 3, 7, 7, 9, 10, 11, 10, 13, 17, 17, 0, 21, 21, 21, 17, 17, 24, 22, 24]
[3, 3, 0, 3, 4, 5, 10, 10, 10, 6, 3, 16, 16, 16, 16, 11, 19, 19, 16, 16, 20, 23, 24, 21]
[2, 8, 2, 5, 3, 8, 8, 0, 8, 11, 9, 8, 14, 12, 14, 17, 15, 20, 20, 8, 22, 20, 22, 25, 20, 27, 25]
[2, 0, 2, 3, 3, 2]
[2, 5, 5, 5, 0, 5, 6, 7, 10, 8, 6, 6, 12, 16, 16, 13, 19, 19, 5, 21, 19, 25, 25, 25, 21]
[4, 4, 4, 0, 4, 7, 5]
[5, 5, 5, 5, 10, 10, 10, 9, 10, 0, 10, 13, 11]
[0, 1, 4, 1, 6, 4, 9, 9, 6]
[3, 3, 0, 3, 4, 3, 6, 7, 7, 11, 9, 14, 14, 11, 17, 17, 14]
[3, 3, 6, 6, 6, 0, 6, 9, 10, 6, 14, 14, 14, 10, 10, 17, 22, 20, 20, 17, 22, 10]
[7, 1, 7, 7, 6, 7, 0, 7, 12, 12, 12, 8, 12]
[4, 1, 1, 0, 4, 7, 13, 9, 7, 9, 12, 10, 4, 13, 13, 17, 15, 17, 18, 23, 23, 23, 19]
[0, 1]
[0, 1, 4, 2]
[4, 4, 4, 0, 8, 8, 8, 4, 4, 11, 9, 11, 11, 15, 13, 15, 18, 15]
[4, 4, 4, 0]
[3, 3, 4, 0, 4, 7, 5, 4, 10, 8, 14, 14, 14, 10, 14, 21, 21, 21, 21, 21, 15]
[0, 4, 4, 1, 6, 1, 8, 6, 10, 8, 14, 14, 14, 10, 14, 19, 18, 19, 15, 19, 20]
[2, 0, 4, 2, 4, 9, 9, 9, 5, 2, 2, 13, 11, 13, 17, 17, 13, 19, 17, 19, 19, 24, 24, 21, 24, 25, 29, 29, 25, 29]
[9, 1, 4, 2, 4, 7, 9, 9, 0, 9, 12, 10]
[4, 4, 4, 0, 4, 4, 8, 6]
[2, 4, 4, 0, 4, 9, 9, 9, 4, 11, 9, 11, 11, 13, 4, 18, 18, 20, 20, 4, 23, 23, 20, 23, 24, 25, 28, 26]
[2, 0, 2, 6, 6, 3]
[3, 3, 4, 0, 4]
[2, 3, 0, 7, 7, 7, 3, 7, 10, 8, 12, 7, 12]
[2, 0, 2, 7, 7, 7, 3, 2, 10, 2, 12, 2, 14, 12, 14, 14]
[2, 4, 4, 0, 6, 8, 8, 4, 10, 12, 12, 4, 14, 15, 12, 15, 18, 22, 22, 21, 22, 15, 22, 22, 22]
[0, 6, 4, 6, 6, 1, 6, 1, 10, 1, 14, 14, 14, 10, 14]
[16, 4, 4, 1, 4, 4, 13, 7, 12, 11, 12, 7, 4, 13, 16, 0, 16, 17, 23, 21, 23, 23, 17]
[14, 7, 7, 3, 3, 7, 14, 7, 11, 11, 8, 14, 14, 0, 14, 15]
[2, 4, 4, 0, 4, 9, 9, 9, 10, 4]
[4, 4, 4, 0, 4, 5, 15, 15, 12, 12, 12, 8, 14, 12, 4, 17, 15, 15, 20, 18, 20, 15, 25, 25, 15, 25, 29, 29, 26]
[2, 10, 2, 7, 7, 7, 3, 9, 7, 0, 14, 14, 14, 10, 14, 17, 14, 10]
[8, 1, 5, 5, 2, 8, 8, 0, 11, 11, 8, 11, 11, 16, 16, 13, 26, 20, 20, 26, 20, 23, 21, 26, 26, 11]
[2, 4, 4, 0, 4, 7, 5, 4, 11, 11, 8]
[2, 0, 4, 2, 4, 4, 8, 6, 11, 11, 8, 2, 15, 15, 2, 19, 19, 19, 15]
[4, 1, 1, 9, 6, 9, 8, 9, 0, 9, 10, 13, 11, 13, 13, 13, 13, 13, 20, 18]
[2, 3, 0, 10, 6, 10, 6, 10, 10, 3, 12, 18, 18, 18, 18, 18, 18, 10, 20, 18, 20, 23, 21]
[4, 4, 4, 0, 7, 7, 4, 11, 11, 11, 7, 11, 15, 15, 12]
[5, 5, 4, 5, 17, 5, 6, 6, 11, 11, 8, 6, 15, 15, 12, 17, 0]
[5, 5, 5, 5, 9, 5, 8, 6, 0, 9]
[20, 5, 5, 5, 1, 9, 8, 9, 5, 5, 12, 5, 15, 15, 20, 17, 15, 20, 20, 0, 20, 27, 27, 27, 27, 27, 20]
[4, 4, 4, 8, 8, 8, 8, 0, 12, 12, 12, 8, 12, 16, 16, 12, 16, 17, 18]
[0, 3, 1, 6, 6, 3, 6, 6, 10, 8, 10, 1]
[4, 4, 4, 0, 4, 9, 9, 9, 5, 9, 10, 11, 11, 21, 18, 18, 18, 21, 21, 21, 4, 21, 24, 22, 24, 25, 24, 29, 27, 31, 29, 35, 35, 35, 31]
[2, 9, 5, 5, 2, 9, 9, 9, 0, 16, 13, 13, 16, 16, 16, 9]
[3, 3, 5, 5, 0, 5, 8, 6]
[2, 0]
[2, 0, 2, 5, 3, 5]
[0, 1, 4, 1, 6, 4]
[2, 5, 5, 5, 0, 5, 6, 5, 12, 11, 12, 18, 12, 13, 17, 17, 18, 5, 18]
[6, 3, 1, 6, 6, 0, 6, 6]
[0]
[0, 4, 4, 1, 7, 7, 4, 7, 7, 7, 4, 15, 15, 15, 11]
[2, 0, 9, 6, 6, 9, 9, 9, 2, 2, 10, 14, 14, 11, 14, 18, 18, 15]
[3, 3, 5, 5, 0]
[2, 15, 2, 5, 3, 5, 6, 5, 10, 5, 10, 11, 15, 15, 0, 15, 18, 16]
[4, 4, 4, 0, 8, 8, 8, 4, 8, 8, 8, 13, 8]
[14, 14, 4, 2, 7, 7, 14, 7, 7, 12, 12, 9, 14, 0, 14, 18, 18, 15, 18, 18, 14, 23, 21, 32, 28, 28, 28, 32, 32, 32, 32, 23, 32, 33, 39, 39, 39, 39, 34]
[2, 6, 6, 6, 6, 0, 8, 6, 8, 11, 9, 15, 15, 15, 11, 17, 15, 19, 17, 19, 22, 20]
[6, 3, 1, 6, 6, 0, 6, 9, 7, 6, 10, 11, 12, 12, 10, 10, 16, 17, 20, 18, 22, 20, 24, 22]
[0, 1, 1, 1, 4, 5, 8, 6, 8, 8, 8, 8, 12, 13]
[10, 4, 4, 10, 4, 7, 5, 9, 10, 0]
[0, 1, 4, 2, 10, 7, 10, 7, 8, 4, 20, 13, 20, 13, 17, 17, 14, 20, 20, 10, 22, 20, 22, 23, 22, 27, 22, 27, 30, 28, 30, 33, 31, 35, 27, 35, 38, 36]
[0, 3, 4, 1, 6, 4, 8, 6, 6, 11, 9, 4, 12, 13, 16, 14]
[2, 0, 4, 2, 6, 4, 4, 9, 7]
[2, 6, 6, 6, 6, 0, 6, 6, 11, 11, 12, 8, 12]
[2, 0, 4, 2, 4, 5, 8, 10, 10, 6, 10, 11, 6, 6, 17, 17, 14]
[9, 3, 1, 3, 6, 4, 9, 9, 0, 11, 9, 11, 11]
[3, 3, 5, 5, 0, 5, 11, 11, 11, 11, 6, 13, 11, 13, 17, 17, 20, 17, 20, 13, 20, 23, 21, 23]
[3, 3, 4, 0, 4, 4, 8, 6, 12, 9, 12, 8, 12, 12, 16, 14]
[2, 6, 2, 2, 6, 10, 10, 10, 10, 0, 13, 13, 10, 16, 16, 20, 20, 20, 20, 13, 20, 24, 24, 21]
[3, 3, 0, 6, 6, 3, 6, 3, 10, 8, 3, 11, 12, 13, 14, 14, 14, 17, 20, 18, 20, 21, 24, 20, 17, 17, 26, 27, 32, 32, 32, 28, 34, 32, 34, 38, 38, 35, 38, 42, 42, 39]
[4, 4, 4, 7, 7, 7, 0, 10, 10, 7]
[3, 3, 0, 5, 3, 7, 3, 7, 8, 3, 10, 11, 12, 15, 13, 15, 18, 15]
[2, 3, 0, 3]
[0, 7, 7, 7, 7, 7, 1, 7, 7, 9, 12, 10, 12]
[2, 13, 2, 2, 4, 8, 8, 2, 8, 12, 12, 9, 0, 13, 17, 17, 14]
[4, 4, 4, 0, 8, 8, 8, 4, 10, 8, 8, 11, 15, 15, 12, 15, 16, 20, 20, 12]
[4, 4, 4, 0]
[5, 3, 1, 5, 0, 8, 8, 5, 8, 12, 12, 8, 8, 13, 14, 5, 18, 5, 20, 18, 20, 20, 24, 20]
[4, 4, 4, 0, 4, 5, 6, 9, 7, 4, 13, 13, 10, 16, 16, 13]
[6, 6, 6, 6, 6, 0, 6, 6, 8, 11, 9, 13, 15, 15, 11, 15, 19, 19, 16, 19, 22, 20, 22, 23]
[2, 0, 2, 6, 6, 3, 2, 9, 13, 13, 13, 13, 2]
[5, 5, 5, 5, 14, 7, 5, 7, 10, 8, 10, 13, 11, 0, 14, 14, 18, 14, 18, 19, 20, 23, 20, 25, 27, 27, 23]
[3, 3, 8, 8, 8, 8, 8, 0, 11, 11, 8, 11, 14, 11, 19, 18, 18, 19, 14, 19, 19, 23, 19, 23, 26, 24]
[4, 4, 4, 20, 4, 5, 6, 9, 7, 9, 10, 13, 15, 15, 20, 15, 18, 15, 20, 0, 22, 20, 25, 25, 22]
[2, 3, 0, 6, 6, 3, 3, 9, 15, 9, 10, 15, 15, 15, 3, 15, 18, 16, 18, 19, 22, 20]
[3, 3, 8, 3, 4, 8, 8, 0, 12, 12, 12, 8, 12, 16, 16, 13, 16, 19, 17, 23, 23, 23, 19, 23, 26, 23, 26, 26]
[2, 0, 4, 2, 6, 4, 6, 6, 11, 11, 6, 11, 14, 12]
[3, 3, 4, 0, 4, 7, 5, 7, 10, 7, 10, 13, 10, 18, 16, 18, 18, 13, 18, 21, 19, 21, 22, 18, 18, 27, 18, 27]
[3, 3, 0, 7, 4, 4, 3]
[3, 3, 0, 3, 4, 5, 10, 10, 10, 6, 13, 13, 10, 15, 13, 18, 18, 15, 18, 22, 22, 19, 18, 26, 26, 18]
[6, 1, 2, 6, 6, 0]
[2, 3, 0, 3]
[10, 1, 1, 5, 3, 5, 6, 9, 7, 0, 12, 10, 15, 15, 10, 15]
[12, 7, 7, 7, 7, 7, 1, 9, 12, 12, 12, 0]
[2, 0, 9, 5, 9, 7, 5, 9, 2, 9, 10, 11, 12, 13, 9, 9, 20, 20, 20, 23, 23, 23, 16, 23, 24, 25]
[2, 5, 2, 3, 0, 5, 9, 9, 6]
[2, 0, 4, 2, 4, 8, 8, 4, 2, 14, 14, 14, 14, 2, 14, 17, 15, 17, 18, 17, 20, 23, 21]
[2, 0, 4, 2, 2, 2, 2, 9, 7, 9, 10, 14, 14, 11, 18, 18, 18, 7, 18, 19, 19]
[2, 11, 2, 2, 8, 8, 8, 2, 10, 11, 0, 13, 14, 11, 16, 11, 16, 16, 16, 19, 23, 23, 20, 23, 23, 25, 29, 29, 26]
[2, 0, 5, 5, 2, 8, 8, 5, 8, 11, 9, 13, 11, 13, 14, 15, 16]
[2, 5, 4, 5, 0]
[0, 1, 4, 1, 4, 5, 5, 7]
[3, 3, 4, 0, 4, 10, 10, 7, 10, 5]
[2, 0, 2, 3, 2, 8, 8, 10, 10, 2, 10]
[2, 3, 0, 5, 3, 5, 8, 6]
[3, 3, 4, 0, 7, 7, 4, 7, 10, 8, 10, 8, 12, 15, 4, 17, 4, 19, 17, 19, 20, 29, 29, 29, 29, 29, 28, 29, 20]
[8, 8, 8, 8, 8, 8, 8, 0, 8, 12, 12, 8, 12, 12, 16, 17, 12]
[4, 4, 4, 0, 4, 8, 6, 5, 14, 13, 10, 13, 14, 8, 16, 14]
[3, 3, 0, 3]
[2, 3, 4, 11, 4, 7, 8, 9, 4, 11, 0, 13, 11, 11, 16, 14, 11]
[5, 3, 5, 5, 0, 5, 5, 9, 7, 13, 13, 13, 5, 15, 13, 15, 19, 19, 15]
[3, 3, 7, 7, 6, 7, 0, 7, 10, 7, 10, 14, 14, 18, 14, 17, 14, 11, 18, 21, 11, 21]
[2, 0, 2, 7, 7, 7, 3, 2, 10, 15, 15, 15, 15, 15, 2]
[3, 3, 4, 0, 4]
[0, 1, 4, 2, 4, 7, 4]
[6, 6, 6, 6, 6, 0, 9, 9, 6, 9, 10]
[3, 3, 5, 5, 0, 5, 8, 5, 10, 8]
[2, 16, 5, 5, 2, 2, 11, 11, 11, 11, 2, 11, 12, 13, 16, 0, 16, 19, 17, 21, 19, 24, 24, 21]
[2, 5, 5, 5, 0, 5, 6, 10, 10, 5, 13, 13, 10, 10, 16, 14, 18, 16]
[4, 4, 4, 9, 4, 7, 5, 9, 0, 9, 12, 10, 9, 13, 14, 17, 20, 20, 20, 15, 23, 23, 20, 25, 23]
[2, 4, 4, 0, 4, 5, 8, 6, 4, 12, 12, 9, 12, 13, 9, 9, 18, 16, 20, 18, 22, 20]
[0, 5, 5, 5, 1, 5, 6, 7, 10, 8]
[2, 0, 4, 2, 2, 2, 6]
[3, 3, 8, 3, 6, 4, 8, 0, 8]
[3, 3, 0, 3, 4, 8, 8, 5, 8, 8, 4, 13, 4, 13, 3]
[0]
[6, 6, 6, 6, 6, 0, 6, 7, 11, 9, 8, 14, 14, 7, 14, 15, 14, 20, 20, 17]
[6, 1, 4, 6, 6, 7, 0, 10, 10, 7, 7, 11, 7]
[4, 3, 4, 10, 4, 7, 5, 10, 10, 0]
[3, 3, 0, 5, 3, 5, 8, 6]
[3, 3, 0, 3]
[5, 5, 5, 5, 0, 5, 5]
[4, 4, 4, 9, 4, 7, 5, 9, 0, 9]
[2, 0]
[2, 0, 5, 5, 7, 7, 2, 9, 7, 11, 9]
[2, 6, 2, 5, 3, 0, 11, 11, 11, 11, 6, 11]
[2, 3, 0, 7, 7, 7, 3, 7, 10, 14, 14, 14, 14, 8, 3, 20, 20, 19, 20, 3]
[4, 4, 4, 13, 8, 8, 8, 4, 10, 4, 13, 13, 0, 13, 14, 15, 14, 19, 17]
[2, 3, 0, 3, 8, 8, 8, 4]
[5, 5, 5, 5, 0, 5, 11, 7, 10, 8, 6, 14, 14, 11]
[3, 3, 0, 3, 6, 4, 6, 9, 7]
[3, 3, 0, 7, 7, 7, 3, 9, 7, 11, 3, 11, 14, 11, 17, 17, 14, 17, 18]
[5, 5, 5, 5, 0, 5, 6, 5, 10, 14, 14, 14, 14, 5, 14, 21, 20, 20, 20, 21, 15, 21]
[0]
[2, 0, 2, 6, 6, 3, 10, 10, 10, 2, 10, 10, 10, 13, 14, 14, 16, 19, 17]
[0, 1]
[3, 3, 0, 3, 3, 5]
[2, 0, 4, 2, 2, 8, 8, 2, 8]
[15, 15, 4, 2, 4, 5, 6, 7, 4, 11, 9, 15, 15, 15, 0, 15, 18, 16, 15]
[3, 3, 0, 3]
[4, 4, 4, 5, 0, 7, 5, 9, 10, 12, 12, 7, 12, 16, 16, 13, 16]
[12, 1, 4, 2, 6, 4, 6, 9, 6, 9, 12, 0, 12, 12, 16, 14, 16, 16]
[0, 4, 4, 1, 6, 4, 10, 10, 10, 4, 10, 10, 10, 15, 13, 15, 18, 15, 18, 24, 20, 20, 20, 19]
[0, 1, 5, 5, 2, 5, 9, 9, 5, 13, 13, 13, 1, 15, 13, 15, 18, 15, 15, 19]
[2, 0, 4, 2, 4, 5, 6, 2, 10, 2, 10, 10]
[2, 5, 2, 2, 0, 7, 5, 5, 11, 11, 8, 11, 12, 13, 16, 14, 21, 21, 21, 21, 16, 23, 21, 25, 23, 25, 26, 23, 23, 29, 30]
[6, 6, 6, 6, 6, 7, 0, 9, 7, 9, 9, 11, 12, 16, 16, 12]
[7, 5, 5, 5, 7, 7, 0, 10, 10, 7, 13, 13, 10, 13, 13, 20, 20, 20, 20, 15]
[3, 3, 20, 3, 4, 9, 9, 9, 5, 9, 12, 10, 14, 12, 12, 12, 16, 20, 20, 0, 20, 20, 25, 25, 22, 25, 26, 20, 30, 33, 33, 33, 20, 35, 33]
[2, 0, 4, 2, 4, 7, 5, 7, 11, 11, 8, 11, 14, 12]
[0, 1, 5, 5, 2, 5, 6]
[2, 11, 2, 2, 2, 5, 11, 11, 11, 11, 0, 11, 16, 13, 16, 12]
[3, 3, 10, 3, 3, 7, 5, 10, 10, 0]
[4, 4, 4, 0]
[6, 3, 1, 6, 6, 0, 6, 6, 10, 6, 12, 10]
[0, 3, 1, 3, 7, 7, 4, 7, 10, 8, 12, 10, 12, 13, 18, 18, 18, 10, 18, 21, 19, 19, 24, 22]
[3, 3, 9, 3, 6, 4, 9, 9, 0, 13, 13, 13, 9, 9, 16, 9, 20, 20, 20, 16, 20, 23, 20, 23, 24, 27, 20, 27, 27]
[2, 23, 2, 7, 7, 7, 2, 2, 12, 12, 12, 8, 23, 13, 16, 14, 13, 17, 18, 19, 20, 23, 0, 25, 23]
[2, 5, 5, 5, 0, 5, 10, 10, 10, 6, 12, 5, 12, 16, 16, 12]
[3, 3, 0, 5, 7, 7, 3, 10, 10, 3, 10]
[2, 0, 2, 9, 6, 9, 9, 9, 3]
[6, 6, 6, 6, 6, 7, 0, 10, 10, 7, 10, 14, 14, 11]
[6, 6, 4, 5, 6, 0]
[2, 3, 0, 5, 3, 3, 6, 7, 13, 13, 13, 13, 8, 13, 19, 19, 16, 16, 13, 19]
[2, 5, 5, 5, 0, 8, 8, 5, 8, 11, 9, 11, 12, 13, 17, 17, 14]
[2, 0, 2, 7, 7, 7, 2, 2, 12, 12, 12, 2, 12, 17, 17, 17, 13]
[2, 0, 2, 2, 6, 4, 6, 6, 6, 12, 12, 9, 14, 9, 18, 18, 18, 14, 22, 22, 22, 18, 22, 25, 27, 27, 23, 29, 27]
[3, 3, 7, 5, 3, 7, 0, 7, 11, 11, 8, 13, 11, 15, 13, 19, 19, 19, 15, 21, 19, 19, 13, 13, 24, 24]
[3, 3, 12, 3, 6, 4, 6, 7, 8, 9, 12, 0, 15, 15, 12, 12]
[2, 0, 5, 5, 2, 5, 5, 11, 11, 11, 5, 14, 14, 11, 2, 17, 18, 2, 20, 18, 20, 24, 24, 21]
[2, 3, 0, 7, 6, 7, 3, 7, 13, 13, 13, 13, 8, 3, 28, 17, 15, 17, 28, 28, 22, 28, 24, 28, 26, 24, 26, 3]
[4, 3, 4, 0, 4, 11, 8, 11, 11, 11, 4, 11, 12, 12]
[2, 3, 0, 5, 3, 3, 8, 6, 8, 13, 13, 13, 9]
[14, 4, 4, 1, 7, 7, 4, 4, 4, 11, 9, 13, 14, 0, 14, 15, 19, 19, 16, 19, 24, 24, 24, 19, 24, 27, 25, 27, 31, 31, 28]
[2, 3, 0, 3, 9, 9, 9, 9, 3, 9, 13, 13, 10, 13, 14, 13, 20, 20, 20, 16]
[2, 4, 4, 0, 4, 19, 8, 6, 8, 16, 12, 16, 16, 16, 16, 9, 19, 19, 4, 21, 19, 23, 21, 21, 24]
[5, 3, 5, 5, 0, 5, 9, 9, 5, 5, 15, 15, 15, 15, 10]
[2, 0, 4, 2, 12, 8, 8, 9, 12, 12, 12, 4, 12, 15, 13]
[3, 3, 15, 3, 3, 3, 3, 7, 3, 11, 9, 13, 15, 15, 0, 17, 15, 19, 15, 22, 22, 19, 24, 22]
[2, 0, 5, 5, 2, 5, 6, 12, 12, 12, 12, 2, 12, 13, 16, 14, 18, 16]
[7, 7, 7, 7, 7, 7, 15, 7, 12, 12, 12, 8, 15, 15, 0, 15, 18, 16]
[2, 7, 2, 3, 7, 7, 0, 13, 13, 13, 13, 13, 7, 13, 17, 17, 13]
[4, 4, 4, 0, 6, 4, 6, 9, 7, 11, 6, 11, 6, 15, 6, 17, 15, 19, 17, 19, 17]
[2, 0, 4, 2, 4, 7, 5, 7, 11, 11, 7, 13, 2, 13, 13, 2, 23, 17, 17, 17, 20, 21, 2, 25, 23]
[3, 3, 0, 7, 6, 7, 3, 9, 7, 9, 9, 9, 9, 16, 16, 13, 16, 19, 9, 3]
[2, 0, 4, 7, 6, 7, 2, 7]
[5, 3, 5, 5, 0, 7, 5, 11, 11, 11, 5, 11, 14, 12]
[0, 6, 6, 6, 6, 1, 8, 1, 8, 11, 9, 11, 15, 15, 11, 24, 19, 19, 24, 19, 22, 20, 24, 15, 24, 24, 28, 26]
[5, 5, 5, 5, 0, 5, 8, 6]
[4, 4, 4, 0, 7, 7, 4, 7, 10, 8, 10, 13, 11, 8, 8, 8, 18, 16, 18, 18, 18, 18]
[6, 3, 1, 5, 6, 0, 6, 7, 6, 11, 9, 13, 6, 18, 18, 18, 18, 13, 18, 18, 25, 25, 22, 22, 20, 18, 28, 29, 26]
[3, 3, 0, 3, 6, 3, 3, 7, 10, 3, 10, 10, 10, 13, 16, 14, 16, 17, 18, 18, 22, 18]
[2, 0, 2, 5, 2]
[3, 3, 0, 5, 3]
[2, 0]
[6, 6, 6, 6, 6, 0, 6, 7, 6, 11, 9, 11, 12]
[4, 4, 4, 0, 6, 4, 8, 6]
[22, 3, 1, 5, 3, 5, 6, 7, 10, 8, 10, 13, 11, 8, 16, 14, 16, 19, 17, 22, 22, 0, 22, 22]
[3, 3, 0, 5, 3, 3, 6, 11, 10, 11, 7, 16, 16, 16, 16, 3, 18, 19, 16, 19, 22, 20, 28, 28, 26, 28, 28, 16, 31, 31, 28]
[2, 6, 2, 6, 6, 0, 6, 7, 8, 9, 10, 15, 15, 15, 10]
[2, 8, 5, 5, 2, 8, 8, 0, 8, 11, 9, 11, 12, 16, 16, 13]
[2, 7, 7, 7, 7, 7, 0, 7, 12, 12, 12, 8, 15, 15, 12, 15]
[13, 4, 4, 1, 4, 4, 6, 7, 8, 13, 12, 13, 0]
[5, 4, 4, 5, 14, 8, 8, 5, 8, 9, 13, 13, 14, 0, 14, 14, 18, 16, 18, 18]
[11, 4, 4, 1, 4, 8, 8, 4, 4, 9, 0, 13, 11, 15, 11]
[2, 0, 4, 6, 6, 2, 6, 10, 10, 7, 13, 13, 10]
[2, 0, 4, 2, 2, 8, 8, 5, 11, 11, 2, 14, 14, 11, 2]
[3, 3, 0, 10, 6, 10, 10, 10, 10, 3]
[3, 3, 0, 6, 6, 3, 10, 10, 10, 3, 12, 10]
[2, 0, 2, 3, 6, 2, 8, 6, 10, 8, 8, 8, 8, 15, 13, 22, 18, 20, 20, 22, 22, 15, 22, 29, 29, 29, 29, 29, 23]
[10, 10, 4, 2, 4, 10, 10, 10, 10, 0, 12, 10, 16, 16, 16, 12, 16, 19, 17, 19, 20, 21, 26, 26, 24, 22]
[14, 1, 4, 2, 1, 8, 8, 5, 8, 12, 12, 9, 14, 0]
[7, 7, 7, 3, 7, 7, 8, 0, 10, 8, 10, 13, 11, 17, 17, 17, 10, 17, 18]
[2, 8, 2, 7, 7, 7, 2, 0, 11, 11, 8, 11, 12, 11, 16, 11, 16]
[2, 3, 0, 6, 6, 3, 8, 6, 8, 8, 8]
[2, 6, 2, 2, 2, 0, 9, 9, 6, 9, 12, 9, 6, 15, 22, 15, 16, 22, 20, 22, 22, 6, 27, 25, 27, 27, 22, 29, 27, 29, 30]
[4, 4, 4, 0, 4, 8, 8, 4, 8, 11, 9]
[0, 4, 4, 1, 4, 7, 5, 7, 11, 11, 12, 8, 12, 12, 14, 15, 4, 19, 4, 22, 22, 19, 22, 22, 26, 22, 28, 26, 28, 31, 28]
[3, 3, 0, 5, 3, 5, 8, 3, 8, 8, 12, 10, 12, 12, 8, 18, 18, 15, 20, 21, 15, 21, 27, 27, 24, 24, 22, 27]
[0, 1, 2, 2, 9, 9, 9, 9, 4, 11, 9, 13, 11, 13, 16, 18, 18, 14, 11, 21, 19, 25, 24, 25, 21, 27, 25, 27]
[3, 3, 0, 3, 6, 4, 8, 6, 10, 8, 10, 14, 14, 8, 14, 15, 15, 20, 20, 17]
[6, 5, 5, 5, 1, 0, 6, 6, 10, 8, 12, 10, 12, 15, 13, 15, 16, 17, 20, 18]
[2, 0, 2, 3, 3, 7, 5]
[2, 3, 0, 5, 3, 3, 9, 9, 3, 9, 9, 3]
[3, 3, 0, 5, 3, 7, 5, 7, 7, 7, 13, 13, 10, 15, 13, 15, 3, 20, 20, 3, 25, 25, 25, 25, 20]
[0, 1, 4, 2, 2, 7, 2, 2, 8, 9, 15, 15, 15, 15, 10, 17, 15, 19, 17, 17, 22, 20, 22, 25, 23, 25, 30, 30, 30, 26, 30, 33, 31]
[0, 3, 1, 1, 6, 4, 1, 9, 1, 9, 9, 14, 14, 11]
[0, 1, 4, 6, 6, 1, 6, 6, 10, 8]
[5, 5, 5, 5, 7, 7, 0, 9, 7, 13, 13, 13, 9, 13, 16, 13]
[2, 22, 7, 7, 7, 7, 2, 7, 8, 9, 12, 10, 16, 15, 16, 12, 16, 17, 18, 22, 22, 0, 22, 23, 27, 27, 24]
[4, 1, 4, 0, 4, 8, 8, 5, 8, 9, 9, 11, 12, 15, 13, 12, 18, 16, 18, 19, 18, 24, 24, 18, 24, 25]
[4, 4, 4, 0, 6, 4, 4, 7, 4, 9]
[3, 3, 9, 3, 3, 7, 5, 9, 0, 9, 9, 13, 9, 13, 14, 14, 20, 20, 20, 16, 22, 20, 24, 14]
[5, 5, 5, 5, 0, 5, 9, 9, 6, 12, 12, 9, 5]
[7, 7, 6, 6, 6, 7, 0, 9, 7, 9, 10, 10]
[0, 6, 6, 6, 6, 1, 6, 10, 10, 7, 6, 6, 12, 16, 16, 13]
[11, 11, 4, 11, 7, 7, 4, 4, 8, 11, 0, 11, 15, 15, 11, 15]
[2, 0, 9, 5, 9, 9, 9, 9, 2, 11, 9, 11, 12, 12]
[2, 10, 2, 3, 4, 5, 10, 10, 10, 0]
[2, 0, 5, 5, 2, 11, 8, 11, 11, 11, 2, 11, 17, 15, 17, 17, 12, 11, 21, 21, 18]
[0, 3, 1, 5, 3, 1, 6, 6, 6, 6, 10, 10, 14, 12, 14, 14, 18, 6, 20, 18, 22, 20, 22, 25, 23]
[8, 7, 7, 3, 6, 3, 1, 0, 8, 9, 12, 10, 12, 16, 16, 13, 16, 17, 20, 18, 17, 23, 21]
[2, 7, 2, 3, 7, 7, 0, 7, 8]
[2, 6, 2, 5, 3, 0, 9, 9, 6, 13, 13, 13, 9, 6]
[4, 4, 4, 0, 6, 4, 8, 6]
[10, 4, 4, 1, 4, 7, 5, 9, 10, 0, 10, 13, 11, 13, 16, 14, 10]
[2, 0, 9, 5, 9, 9, 6, 6, 2, 11, 2, 14, 14, 11, 2]
[4, 4, 4, 0, 8, 8, 8, 4, 8, 11, 9]
[4, 3, 4, 0, 4, 10, 10, 10, 10, 5, 13, 13, 10, 13, 14]
[3, 1, 6, 6, 6, 0, 9, 9, 11, 11, 6, 11]
[4, 4, 4, 9, 4, 8, 8, 4, 0, 11, 9, 11, 11, 13, 17, 17, 14, 9, 9, 19, 19, 21, 21, 25, 23]
[0, 4, 4, 1, 7, 7, 4, 7, 12, 12, 12, 4, 12, 16, 16, 12, 19, 19, 16, 21, 19, 23, 21, 27, 26, 27, 23, 27, 31, 31, 27, 33, 27, 33, 34]
[2, 0, 5, 5, 2]
[6, 3, 4, 1, 6, 0, 8, 10, 10, 6, 15, 15, 15, 15, 10, 6, 19, 19, 6, 21, 19, 19, 26, 25, 26, 22]
[5, 4, 4, 5, 0, 5, 5, 9, 7]
[10, 3, 1, 3, 8, 8, 8, 10, 10, 0, 10, 13, 11, 15, 21, 21, 21, 21, 20, 21, 10, 21, 22]
[2, 3, 0, 5, 3]
[2, 4, 4, 0, 4, 9, 9, 9, 5, 9, 13, 13, 9, 13, 18, 18, 18, 14, 18, 21, 22, 19]
[0, 1, 2, 3, 4, 7, 5]
[8, 3, 1, 3, 4, 5, 5, 0, 12, 12, 12, 8, 14, 12, 14, 18, 16, 15]
[9, 9, 2, 3, 4, 7, 9, 7, 0]
[2, 4, 4, 0, 6, 4, 4, 9, 7, 4, 10, 4, 4, 16, 16, 13, 18, 16, 20, 18, 22, 18, 18, 25, 23]
[3, 3, 0, 3, 3, 7, 5, 3, 11, 11, 8]
[0, 1, 1, 5, 3, 5, 8, 6, 8, 8, 1, 15, 15, 15, 1, 15, 18, 16, 20, 18, 15, 23, 26, 26, 26, 15, 26]
[0, 1, 4, 2, 4, 7, 5]
[2, 0, 4, 2, 2, 7, 5, 10, 10, 2, 10, 13, 10, 10, 10, 10]
[3, 3, 0, 5, 3, 3, 8, 6, 8, 14, 10, 10, 14, 9, 25, 25, 19, 19, 25, 21, 24, 24, 24, 19, 3]
[4, 4, 4, 0, 6, 4]
[0, 3, 1, 1, 7, 7, 4]
[2, 7, 2, 7, 7, 7, 0]
[5, 5, 5, 5, 0, 7, 5, 5, 11, 11, 5, 13, 11, 18, 18, 18, 18, 13, 18, 21, 19, 23, 18, 23, 27, 27, 24, 27, 30, 28]
[0, 1, 4, 2, 4, 4, 1, 9, 1, 11, 9, 11, 12, 13]
[3, 3, 8, 3, 6, 8, 8, 0, 8, 12, 12, 14, 14, 8]
[2, 3, 0, 8, 8, 5, 5, 3, 8, 9]
[3, 3, 0, 9, 7, 7, 9, 9, 3, 11, 9, 13, 9, 16, 16, 13, 9, 9, 18, 21, 22, 18, 22]
[12, 4, 4, 12, 12, 12, 12, 12, 12, 12, 12, 0, 12, 13]
[0, 1, 9, 5, 6, 9, 9, 9, 2, 9, 9, 13, 9, 13, 14, 14, 19, 19, 16, 14, 23, 23, 20, 23]
[4, 4, 4, 0, 8, 8, 8, 4, 10, 12, 12, 8, 12, 12, 16, 14, 12, 19, 17, 19, 19]
[12, 1, 2, 7, 7, 7, 2, 7, 11, 11, 8, 0, 18, 18, 18, 18, 18, 12]
[5, 5, 5, 5, 0, 5, 8, 6]
[4, 3, 4, 9, 7, 7, 4, 9, 0, 15, 15, 15, 15, 15, 9, 17, 15, 17, 18, 18, 15, 23, 15, 23, 24]
[2, 7, 2, 7, 7, 7, 0, 9, 10, 7, 7, 13, 11, 13, 14, 17, 15]
[4, 4, 4, 5, 0, 7, 5, 7, 11, 11, 8, 15, 15, 15, 5, 18, 18, 15, 15, 23, 23, 23, 19]
[10, 3, 5, 5, 1, 7, 10, 10, 10, 0, 10, 13, 10, 13, 13, 17, 15, 17, 21, 21, 18]
[7, 7, 7, 7, 7, 7, 0, 7, 8, 12, 12, 9]
[9, 9, 5, 5, 9, 9, 6, 6, 0]
[3, 3, 0, 3, 9, 9, 9, 9, 3, 11, 9, 14, 14, 11, 19, 19, 19, 19, 14]
[2, 4, 4, 0, 7, 7, 4, 7, 10, 8, 13, 13, 4, 15, 13, 13, 18, 16, 13, 23, 23, 23, 13]
[7, 3, 7, 5, 7, 7, 0, 7, 13, 13, 13, 13, 8]
[26, 1, 4, 2, 7, 7, 4, 14, 14, 14, 14, 14, 14, 7, 7, 19, 18, 19, 15, 19, 22, 20, 24, 26, 26, 0, 28, 26, 26, 31, 29, 36, 36, 36, 36, 31, 38, 36, 38, 41, 39]
[3, 3, 0, 3, 7, 7, 3, 7, 7]
[9, 1, 4, 7, 7, 7, 1, 9, 0, 9, 9, 16, 14, 16, 16, 9]
[2, 0, 2, 5, 3, 5, 9, 9, 5]
[5, 5, 5, 5, 0]
[3, 3, 0]
[3, 3, 5, 5, 0]
[4, 3, 4, 25, 6, 4, 6, 6, 12, 12, 12, 8, 14, 12, 14, 19, 19, 19, 15, 25, 25, 25, 25, 25, 0, 27, 25]
[5, 5, 5, 5, 0, 5, 8, 10, 10, 6]
[3, 3, 7, 7, 6, 7, 0, 7, 11, 11, 7, 15, 15, 15, 11, 15, 15, 19, 17]
[3, 3, 0, 3, 4, 11, 11, 11, 8, 11, 3, 15, 15, 15, 11, 15, 20, 20, 20, 16, 11, 21, 11, 25, 23, 27, 23, 29, 27]
[2, 0, 4, 2, 2, 8, 8, 9, 5, 11, 9]
[2, 8, 8, 6, 6, 8, 8, 0]
[3, 3, 0, 7, 7, 7, 3, 7]
[2, 0, 5, 5, 6, 2, 6, 2, 11, 11, 2]
[8, 1, 2, 5, 3, 8, 8, 0, 10, 8, 10, 8, 15, 13, 8, 15, 16, 17, 8, 21, 8, 23, 24, 21, 27, 27, 24]
[8, 4, 4, 1, 8, 8, 8, 0]
[4, 4, 4, 0, 4, 7, 5, 4]
[2, 0, 2, 5, 2, 2, 2, 2, 10, 8, 12, 10]
[12, 5, 5, 5, 12, 5, 9, 9, 5, 12, 12, 0]
[6, 3, 6, 6, 6, 15, 6, 15, 8, 15, 15, 15, 15, 15, 0, 15, 15, 19, 17, 22, 22, 19, 24, 22, 26, 24]
[2, 0, 2]
[11, 3, 1, 3, 4, 11, 11, 9, 11, 11, 0, 11, 12, 12, 16, 14, 16, 17]
[2, 3, 0, 3, 7, 7, 4, 7, 10, 8, 10, 11, 12, 17, 17, 17, 12, 12, 18, 18, 22, 20]
[7, 7, 7, 7, 6, 7, 0, 7, 14, 9, 9, 11, 14, 7, 14, 19, 19, 19, 21, 21, 15, 21, 21, 21, 27, 27, 21]
[2, 4, 4, 0, 7, 7, 4, 12, 12, 12, 12, 7, 14, 12, 17, 17, 14, 17, 21, 21, 18]
[3, 3, 5, 5, 9, 7, 9, 9, 0, 11, 9]
[0, 3, 1, 3, 7, 7, 4, 3, 3, 12, 12, 9]
[2, 0, 4, 5, 2, 7, 5, 2, 10, 8, 12, 14, 14, 10]
[11, 4, 4, 1, 4, 7, 4, 11, 11, 11, 0, 21, 21, 15, 21, 15, 18, 16, 21, 21, 11, 21, 22, 21, 27, 27, 21, 27, 30, 28, 32, 30, 35, 35, 32, 35, 36]
[3, 3, 0, 3, 6, 3]
[3, 3, 0, 3, 9, 9, 6, 6, 4, 3, 3, 11, 12, 11, 16, 14, 16, 19, 17, 21, 11, 24, 24, 21, 24, 27, 25, 24, 24, 29, 32, 30]
[3, 3, 0, 5, 6, 7, 3, 12, 12, 11, 12, 7, 14, 12, 14, 17, 15, 14, 20, 18, 20, 20]
[0, 4, 4, 1, 4]
[6, 1, 4, 2, 4, 0, 6, 13, 10, 13, 10, 10, 7]
[3, 3, 0, 3, 7, 7, 4, 7, 10, 8, 10, 10]
[5, 5, 4, 5, 0, 7, 5, 10, 10, 12, 12, 7, 12, 13, 16, 18, 18, 14, 20, 18]
[2, 4, 4, 0, 4, 9, 9, 9, 4, 9, 13, 13, 9, 13, 14, 17, 15, 20, 20, 17]
[0, 3, 5, 5, 1, 5, 5, 1, 10, 13, 12, 13, 1, 13, 21, 21, 21, 17, 20, 17, 13, 21, 22, 25, 23, 21]
[0, 1, 4, 2]
[3, 3, 0, 5, 3, 5, 3, 7, 8, 9, 9, 11, 16, 16, 16, 12, 16, 17, 18]
[3, 3, 9, 3, 7, 7, 4, 9, 0, 11, 9]
[4, 4, 4, 0, 4, 8, 8, 5, 4, 13, 13, 13, 9]
[0]
[2, 3, 0, 5, 3, 3, 3, 9, 7, 9, 12, 10, 14, 9, 14, 17, 15]
[4, 4, 4, 10, 4, 5, 10, 10, 10, 0, 10, 11, 11]
[4, 4, 4, 0, 4, 7, 5, 4, 10, 4, 12, 10]
[4, 4, 4, 0, 4, 9, 9, 9, 5, 11, 9, 11, 11, 11, 11, 9, 9, 19, 17, 4, 22, 26, 22, 25, 23, 4, 29, 29, 26]
[2, 9, 9, 9, 6, 4, 9, 9, 0, 13, 12, 13, 9]
[0, 1, 1, 3, 3, 3, 9, 9, 6]
[0, 4, 4, 1, 4, 5, 1, 9, 7, 9, 12, 10, 12, 12, 14, 15, 12, 17]
[2, 24, 5, 5, 2, 5, 8, 6, 24, 24, 24, 13, 24, 13, 14, 15, 18, 16, 24, 24, 20, 20, 20, 0, 26, 28, 28, 24, 28, 28, 30, 31, 28, 37, 37, 37, 33, 40, 38, 37]
[2, 0, 2, 5, 3, 5, 8, 6, 10, 2, 13, 13, 10, 13]
[2, 0, 4, 5, 2, 7, 5, 10, 10, 7, 13, 13, 5, 15, 13, 13, 18, 16]
[0, 1, 4, 2, 4, 4, 9, 9, 6, 9, 13, 13, 10, 4, 19, 19, 16, 16, 4, 19, 20]
[3, 3, 15, 3, 6, 4, 3, 9, 7, 9, 12, 10, 15, 15, 0, 17, 15, 21, 21, 21, 17, 21, 24, 22]
[8, 4, 4, 8, 4, 7, 5, 13, 8, 13, 13, 13, 0, 13, 14, 15, 18, 16, 18, 21, 18, 21, 22, 23, 23]
[4, 4, 4, 0, 4, 5, 5, 9, 5]
[2, 0, 5, 5, 2, 5, 9, 7, 6, 5, 15, 15, 14, 15, 5, 15, 16, 17, 20, 18]
[13, 1, 4, 1, 1, 1, 8, 6, 8, 8, 13, 13, 0, 15, 13, 13, 16, 17, 17, 21, 19, 19, 22]
[2, 7, 7, 7, 7, 7, 0, 7, 12, 12, 12, 8]
[2, 0]
[3, 3, 0, 3, 3, 7, 3]
[3, 3, 0, 3, 6, 4, 11, 9, 11, 11, 6]
[3, 3, 9, 3, 3, 5, 8, 6, 0, 11, 9, 9, 14, 12, 16, 14, 16, 19, 17, 19, 19, 21, 25, 25, 22]
[5, 5, 5, 5, 7, 7, 0, 7, 10, 8, 7, 13, 15, 15, 7, 15, 16, 16, 15, 21, 19, 21, 22]
[2, 11, 11, 6, 6, 3, 11, 11, 11, 11, 0]
[3, 3, 0, 3, 4, 7, 3, 9, 7, 12, 12, 9, 12, 16, 16, 13]
[2, 3, 0, 3, 6, 4, 6, 6, 8, 9, 13, 13, 10, 13, 14, 6, 6, 6, 18, 18, 20, 24, 24, 21, 24, 25]
[6, 6, 6, 6, 6, 0, 6, 7, 10, 8, 16, 16, 15, 15, 16, 18, 18, 10]
[0, 3, 1, 3, 6, 4, 6, 7, 1, 12, 12, 1, 12, 15, 12, 19, 16, 16, 15]
[2, 0, 4, 2, 4, 11, 8, 11, 11, 11, 5, 2, 14, 15, 2, 15, 20, 20, 20, 16]
[10, 3, 1, 5, 3, 5, 6, 10, 10, 0, 13, 13, 10, 13, 14, 15, 18, 16, 10, 19, 19, 24, 24, 21, 10, 10, 26, 26, 31, 31, 28, 33, 31]
[2, 8, 2, 7, 7, 7, 3, 0, 13, 13, 13, 13, 8]
[4, 4, 4, 6, 6, 0, 6, 9, 7, 6, 14, 14, 14, 10, 18, 18, 18, 14]
[2, 0, 4, 2, 4, 7, 4]
[2, 0, 2, 3, 7, 7, 4]
[4, 4, 4, 22, 6, 4, 4, 9, 7, 9, 14, 14, 14, 10, 17, 15, 4, 21, 21, 21, 17, 0, 22, 23, 24, 24, 22, 29, 27, 29, 32, 29]
[14, 4, 4, 1, 4, 9, 9, 9, 4, 9, 13, 13, 14, 0, 14, 15, 18, 19, 16, 19, 22, 20, 19, 25, 23]
[2, 3, 0, 3, 3, 8, 8, 5, 10, 8]
[2, 0, 5, 5, 2, 2, 6, 9, 7, 9, 7, 13, 11, 2, 16, 2, 18, 16, 20, 21, 18, 18, 24, 22]
[4, 4, 4, 0, 7, 7, 4, 10, 10, 7, 14, 14, 14, 10, 14, 19, 16, 16, 15]
[2, 0, 2, 5, 2, 5, 5, 9, 7]
[2, 0, 4, 5, 2, 5, 10, 10, 10, 6]
[3, 3, 0, 8, 8, 8, 8, 3, 11, 11, 8, 14, 14, 11]
[4, 4, 4, 0, 4, 5]
[2, 7, 2, 5, 3, 7, 0, 7, 7, 7, 13, 13, 10, 21, 14, 20, 20, 20, 20, 21, 13, 21, 24, 22]
[0, 3, 1, 6, 6, 3, 3, 9, 7, 13, 13, 13, 3]
[2, 0, 2, 5, 3, 7, 2, 9, 7, 9, 12, 10, 9, 13]
[0, 1, 2, 5, 3, 5, 9, 9, 6, 5, 10]
[2, 7, 2, 5, 3, 7, 0, 7, 10, 8, 10, 10, 12, 16, 16, 13, 8, 21, 21, 21, 17]
[4, 4, 4, 8, 8, 8, 8, 0, 15, 15, 10, 10, 12, 15, 8, 8, 18, 19, 8, 19, 23, 23, 20, 23, 26, 24]
[2, 0, 4, 2, 6, 2, 2, 9, 7, 14, 10, 14, 14, 9, 14, 15, 16, 16, 15, 21, 19, 14, 14, 25, 14, 25, 25, 30, 30, 27]
[3, 3, 0, 5, 3, 9, 9, 9, 5, 9, 10, 18, 18, 13, 16, 13, 18, 11, 18, 22, 22, 19]
[0, 1, 1, 3, 4]
[0, 1, 2, 1, 6, 1, 8, 6, 8, 8, 8]
[3, 3, 5, 5, 16, 5, 10, 10, 10, 6, 10, 13, 10, 16, 16, 0, 16, 19, 17, 19, 20, 21]
[6, 6, 6, 6, 6, 7, 0, 7, 7, 7, 10, 15, 14, 15, 11, 7]
[3, 3, 4, 0, 7, 7, 4, 7, 10, 8, 4, 14, 14, 15, 4, 15, 19, 19, 16, 19, 22, 20]
[5, 5, 5, 5, 0, 7, 5, 7, 10, 8]
[6, 6, 4, 6, 6, 0, 10, 10, 10, 6]
[3, 3, 0]
[0, 1, 1, 5, 1, 1]
[7, 5, 5, 5, 1, 7, 0, 9, 7, 9, 12, 10, 12, 15, 13]
[6, 1, 1, 5, 6, 11, 6, 10, 10, 11, 0, 13, 11, 11, 14, 15, 11, 19, 11, 19, 20]
[4, 4, 4, 0]
[5, 5, 5, 5, 20, 5, 10, 10, 10, 6, 10, 14, 14, 20, 20, 20, 20, 20, 20, 0, 22, 24, 24, 20, 24, 24, 24]
[8, 4, 2, 1, 8, 8, 6, 0, 8, 9, 12, 10]
[0, 1, 2, 3, 6, 4, 6, 9, 7]
[4, 4, 4, 0, 7, 7, 4, 9, 10, 7, 10, 15, 15, 15, 11, 7, 20, 20, 20, 16, 20, 23, 21]
[0, 1, 4, 2, 4, 7, 5, 2, 14, 11, 14, 14, 14, 2, 14, 18, 18, 14, 1, 21, 1]
[17, 4, 4, 1, 7, 7, 11, 11, 11, 11, 4, 11, 14, 12, 16, 11, 0, 17, 18, 19, 22, 19, 18, 23]
[6, 6, 2, 2, 6, 0, 9, 9, 6, 11, 13, 13, 9, 13, 14, 18, 16, 15, 6]
[2, 3, 0, 5, 3, 5, 9, 9, 5, 9, 12, 9, 14, 12, 17, 17, 14]
[0, 1, 5, 5, 2, 5, 6, 9, 7, 9, 13, 13, 10]
[2, 5, 2, 5, 0, 8, 8, 5, 10, 8]
[0, 1, 4, 2, 1, 1, 6, 7, 10, 7, 6, 14, 14, 11]
[2, 0, 4, 2, 4, 7, 5, 9, 7, 9, 12, 10, 14, 9, 14, 19, 18, 19, 15, 22, 22, 19, 24, 22, 24, 34, 34, 29, 34, 29, 29, 29, 34, 25, 34, 37, 43, 39, 43, 43, 43, 43, 34]
[0, 3, 1, 6, 6, 1, 6, 9, 7, 12, 12, 9, 12, 12, 16, 12, 16, 20, 20, 17]
[3, 3, 0, 5, 3, 3, 8, 6]
[4, 4, 4, 7, 7, 7, 0, 7, 10, 8, 10, 13, 11, 13, 14, 15, 15, 14]
[8, 5, 5, 5, 8, 5, 8, 0, 8, 9]
[2, 5, 5, 5, 0, 5, 5, 7, 10, 7, 7, 13, 7, 13, 13, 19, 19, 19, 15, 21, 13, 24, 24, 21]
[3, 3, 6, 6, 6, 0, 14, 12, 12, 12, 12, 14, 14, 6]
[2, 0]
[11, 5, 5, 3, 11, 5, 5, 7, 10, 8, 0, 13, 15, 15, 11, 15, 16, 17, 20, 18, 20, 24, 24, 25, 21, 20, 26]
[13, 3, 1, 3, 7, 7, 4, 7, 10, 7, 1, 11, 0, 13, 13, 17, 15, 17, 17, 13, 22, 23, 13, 26, 26, 23, 26]
[3, 3, 0, 6, 6, 3, 8, 6]
[7, 7, 7, 7, 4, 4, 0]
[4, 1, 4, 14, 7, 7, 4, 7, 10, 8, 14, 14, 14, 0, 14, 14, 20, 20, 20, 16]
[2, 8, 2, 7, 4, 4, 3, 0, 8, 9, 10, 10, 8, 15, 8]
[4, 4, 4, 0, 4, 5, 6, 10, 10, 13, 13, 13, 6, 13, 16, 14, 20, 20, 20, 4, 20, 21, 24, 22]
[2, 3, 0, 6, 6, 3, 6, 6, 8]
[3, 3, 0, 3, 7, 7, 4, 7, 8, 9, 9, 9, 14, 12]
[3, 3, 11, 5, 3, 7, 5, 7, 8, 11, 0, 11, 12, 13, 14]
[6, 6, 6, 5, 3, 0, 6, 9, 7, 12, 12, 6, 16, 16, 16, 12, 19, 19, 16, 21, 19, 21, 25, 25, 22]
[2, 5, 2, 5, 10, 7, 5, 10, 10, 0, 13, 13, 10, 13, 17, 17, 14]
[0, 4, 4, 1, 4, 9, 9, 9, 5, 9, 9, 13, 9]
[2, 0, 2, 2, 6, 4, 6, 6, 10, 8, 10, 13, 11, 13, 2]
[2, 11, 6, 3, 6, 2, 8, 11, 11, 11, 0, 11, 14, 17, 14, 14, 12]
[2, 4, 4, 0, 4, 7, 8, 4, 8]
[14, 6, 4, 6, 6, 14, 8, 6, 10, 8, 8, 13, 8, 0, 16, 14, 14, 20, 20, 17, 20, 21, 26, 26, 26, 20]
[8, 3, 8, 3, 3, 8, 8, 0, 8, 12, 12, 9]
[3, 3, 18, 5, 3, 3, 8, 3, 8, 12, 12, 9, 14, 18, 18, 17, 18, 0, 18, 18]
[0, 3, 1, 5, 3, 5, 8, 6, 11, 11, 1, 11, 11, 16, 16, 13, 16, 19, 16, 21, 19, 21, 25, 25, 22]
[5, 1, 4, 2, 0, 7, 5, 7, 7, 11, 9]
[4, 4, 4, 9, 9, 9, 9, 9, 0, 9, 10, 11, 15, 15, 12, 9, 24, 17, 20, 18, 24, 24, 24, 9, 26, 24]
[2, 0, 2, 2, 6, 2, 2, 9, 2, 9, 9, 9, 15, 15, 12, 15, 16, 19, 16]
[0, 1, 4, 2, 6, 1, 20, 9, 20, 9, 13, 13, 9, 13, 14, 17, 15, 17, 20, 1, 20, 20, 24, 22, 24, 24, 29, 29, 26]
[0, 1, 4, 5, 2, 1, 11, 11, 11, 11, 6, 13, 11, 13, 16, 13, 20, 20, 20, 16, 13, 21, 24, 22, 26, 27, 24, 27, 31, 31, 28]
[2, 3, 0, 3, 8, 7, 8, 4, 3, 9, 10, 15, 15, 15, 11]
[2, 8, 8, 8, 8, 8, 8, 0, 8, 11, 9, 13, 11, 13, 14, 13, 13, 20, 20, 17, 22, 20, 22, 25, 22]
[10, 1, 5, 5, 7, 7, 2, 10, 10, 0, 12, 10, 12, 13, 16, 14]
[3, 3, 0, 3, 4]
[0, 1, 5, 5, 2]
[2, 0, 2, 3, 7, 7, 4, 7, 2, 11, 9]
[11, 3, 1, 3, 4, 5, 5, 9, 11, 11, 0, 11, 16, 16, 16, 12]
[0, 1, 2, 6, 6, 3, 1]
[0, 1, 5, 5, 2]
[4, 4, 4, 0, 4, 4, 10, 10, 10, 6]
[2, 7, 2, 5, 3, 7, 0, 7, 8, 9, 9, 13, 7, 13, 13, 18, 18, 15, 21, 21, 18, 21, 21, 25, 23, 25, 25]
[2, 3, 0, 5, 3, 5, 6, 5, 8, 11, 9, 13, 3, 15, 18, 18, 18, 13, 18, 18, 18, 18]
[9, 3, 9, 3, 6, 7, 3, 7, 15, 9, 14, 13, 14, 10, 0, 15, 15, 17, 17, 17, 24, 23, 24, 20, 24, 25]
[2, 4, 4, 0, 4, 5, 13, 13, 13, 13, 13, 13, 5]
[3, 3, 0, 3, 6, 4, 6, 6, 11, 11, 8, 11, 15, 15, 12, 3, 20, 20, 20, 3, 22, 20, 22, 31, 31, 25, 25, 25, 28, 31, 23]
[4, 4, 4, 0, 4, 8, 8, 5, 8, 9]
[5, 1, 4, 2, 0, 9, 9, 9, 5, 9, 9, 13, 11, 13, 16, 14]
[4, 1, 1, 0, 11, 11, 9, 7, 11, 11, 4, 11, 15, 15, 12]
[2, 13, 2, 6, 6, 3, 6, 11, 11, 11, 7, 13, 0, 16, 16, 13, 16, 16, 20, 16, 20]
[5, 5, 5, 5, 14, 5, 8, 6, 8, 11, 9, 14, 14, 0, 14, 14, 21, 21, 21, 21, 16]
[4, 4, 4, 0, 4, 4, 9, 9, 6]
[2, 0, 7, 7, 7, 7, 2, 13, 13, 12, 12, 13, 7, 13, 16, 17, 13]
[0, 7, 7, 7, 7, 7, 1, 7, 10, 7]
[6, 1, 5, 5, 2, 0, 9, 9, 6, 6, 13, 13, 10]
[4, 4, 4, 6, 6, 0, 15, 14, 14, 11, 14, 11, 14, 15, 6, 15, 18, 16]
[11, 1, 2, 5, 11, 5, 8, 6, 11, 11, 0, 11, 11, 11, 17, 17, 14, 14, 18, 21, 19, 19, 24, 22, 24, 24]
[3, 3, 4, 0, 10, 10, 10, 10, 10, 4, 13, 13, 10, 13, 17, 17, 14]
[2, 7, 5, 5, 2, 5, 0, 14, 8, 11, 8, 14, 14, 7, 14, 14, 19, 19, 16, 19, 20, 21]
[0, 1, 1, 7, 7, 7, 3, 1, 12, 9, 12, 1, 15, 15, 12, 15, 16, 15, 21, 19, 12, 23, 21, 25, 23, 25, 25, 25, 25, 31, 23, 31, 34, 32]
[2, 3, 4, 0, 4, 7, 5, 7, 10, 8]
[3, 3, 8, 3, 4, 5, 5, 0, 10, 8, 8, 16, 16, 16, 16, 11]
[4, 4, 4, 0, 4, 5, 6, 9, 6, 4, 13, 13, 4, 15, 13, 18, 18, 15, 18, 19]
[2, 0, 2, 3]
[0, 5, 5, 5, 1, 5, 9, 9, 10, 5, 12, 10, 10, 15, 13, 15]
[3, 3, 0, 3, 8, 7, 8, 3]
[2, 0, 2, 6, 6, 3, 8, 2, 10, 8, 8, 14, 14, 11, 8, 8]
[4, 4, 4, 0, 6, 4, 6, 9, 6, 11, 9, 11, 14, 12, 6, 17, 18, 6, 18, 21, 19]
[5, 5, 4, 5, 0, 5, 8, 6, 5, 12, 12, 9, 5, 5, 16, 14, 18, 16, 16, 19]
[3, 3, 0, 5, 3, 5, 3]
[0, 1, 1]
[0]
[4, 4, 4, 0, 4, 8, 8, 5, 8, 11, 9]
[5, 5, 5, 5, 0]
[3, 3, 4, 0, 6, 4, 8, 4, 8, 11, 8]
[11, 6, 6, 6, 6, 1, 11, 11, 11, 11, 0, 11, 16, 16, 16, 12, 19, 19, 11, 19, 20, 20, 25, 25, 19, 25, 26]
[12, 1, 5, 5, 2, 1, 8, 1, 8, 11, 9, 0, 15, 15, 12, 15, 18, 15, 21, 21, 18]
[2, 3, 0, 3, 4, 5, 9, 9, 6, 3, 10, 11, 14, 12, 21, 18, 18, 21, 18, 19, 11, 21, 22, 22, 26, 24]
[11, 6, 6, 5, 6, 1, 6, 7, 8, 9, 0, 16, 16, 15, 16, 11, 19, 19, 16, 19, 25, 25, 25, 25, 20]
[2, 5, 5, 5, 0, 5, 8, 5, 8, 9, 8, 11]
[3, 3, 4, 0, 4, 8, 8, 5]
[3, 3, 0, 3, 3, 7, 3, 3]
[2, 6, 2, 5, 3, 0, 8, 6, 10, 8, 12, 10]
[3, 3, 0, 6, 6, 3, 6, 6, 10, 8, 10, 10]
[2, 3, 0, 5, 3, 8, 8, 5, 8, 9, 3, 13, 3, 17, 17, 17, 13, 19, 17, 19, 19, 25, 25, 25, 21, 25, 28, 26]
[3, 3, 0, 3, 4, 5, 9, 9, 6, 9, 13, 13, 10, 3, 16, 17, 3, 19, 17, 17, 22, 20, 22, 23]
[3, 3, 20, 5, 3, 9, 9, 9, 5, 12, 12, 9, 9, 15, 13, 18, 18, 20, 20, 0, 20]
[7, 3, 7, 7, 6, 7, 0, 9, 7, 9, 12, 10, 16, 16, 16, 9, 16, 17]
[5, 5, 5, 5, 12, 5, 6, 12, 12, 12, 12, 0, 12, 16, 16, 12, 18, 12, 18, 22, 22, 19]
[2, 3, 0, 10, 6, 8, 8, 10, 10, 3, 10, 11, 14, 12, 14, 14, 16, 17, 22, 22, 22, 18, 22, 23, 24, 27, 25, 27, 30, 27]
[3, 3, 4, 0, 6, 4, 9, 9, 6]
[4, 4, 4, 0, 4]
[2, 0, 9, 9, 4, 9, 9, 9, 2, 12, 12, 9, 14, 12]
[0, 1, 4, 1, 4, 7, 4, 7, 1]
[3, 3, 0, 5, 3, 3, 8, 6, 10, 8, 10, 14, 14, 11]
[2, 0, 5, 5, 2, 2, 2, 9, 10, 7, 10, 13, 11, 10]
[3, 3, 0, 10, 6, 10, 10, 10, 10, 3, 10, 13, 11, 13, 16, 13, 18, 16, 18, 19, 19]
[2, 0, 6, 6, 6, 2, 9, 7, 2, 9, 12, 10, 14, 12, 16, 18, 18, 14]
[2, 5, 5, 5, 0, 5, 8, 6, 8, 12, 12, 9, 16, 16, 16, 5, 16, 19, 17, 25, 25, 25, 25, 25, 19]
[0, 4, 4, 1, 4, 8, 8, 4, 11, 11, 8, 11]
[0, 8, 8, 3, 4, 8, 8, 1, 12, 11, 12, 8, 12, 15, 16, 12, 18, 12, 1, 21, 25, 21, 25, 25, 1, 28, 28, 25]
[2, 0, 2, 2, 6, 4, 8, 6, 8]
[0, 1, 5, 5, 2, 5, 10, 10, 10, 6]
[8, 1, 2, 5, 3, 7, 8, 0, 8, 8, 12, 10]
[2, 5, 2, 3, 0, 11, 11, 11, 10, 11, 5]
[0, 3, 1, 3, 7, 7, 4, 7, 11, 11, 8, 13, 11]
[2, 0, 2, 2, 7, 7, 2, 7, 7, 9, 12, 10, 12]
[3, 3, 0, 3, 4, 8, 8, 3]
[4, 4, 4, 6, 6, 0, 8, 6, 10, 8, 10, 13, 11]
[5, 5, 5, 5, 0, 5, 5]
[2, 4, 4, 0, 4, 5, 4, 9, 7, 4, 13, 13, 4, 15, 13]
[7, 1, 1, 7, 7, 7, 0, 7, 8, 7]
[3, 3, 0, 3, 7, 7, 4, 12, 12, 12, 12, 3, 14, 12]
[2, 4, 2, 0, 7, 7, 4, 7, 11, 11, 8, 8, 14, 12]
[5, 5, 5, 5, 9, 5, 8, 5, 0, 11, 9]
[3, 3, 0, 5, 3, 8, 8, 5, 8, 11, 9, 13, 11, 16, 16, 13, 18, 16, 20, 18]
[6, 6, 6, 6, 6, 0, 10, 10, 10, 6, 12, 10, 12, 15, 13]
[3, 3, 6, 3, 4, 0, 6, 10, 10, 7]
[5, 5, 5, 5, 0, 5, 8, 6, 5, 5, 10, 10, 12, 13, 17, 17, 14]
[2, 3, 7, 7, 7, 7, 0, 7, 8, 11, 7, 15, 15, 15, 11]
[6, 1, 1, 6, 6, 0]
[4, 4, 4, 6, 6, 0]
[2, 0, 4, 2, 4, 5]
[2, 0, 2, 6, 6, 2, 2]
[2, 0, 4, 2, 2, 2, 6, 6, 8, 11, 9, 13, 6, 13, 14]
[2, 0]
[7, 7, 7, 7, 7, 7, 0, 7, 11, 11, 8]
[4, 4, 4, 0]
[2, 0, 4, 2, 6, 4, 9, 9, 6]
[2, 9, 9, 3, 4, 9, 9, 9, 0]
[4, 4, 4, 0, 4, 7, 5, 10, 10, 4, 13, 13, 10, 15, 13]
[3, 3, 0, 3, 6, 4, 3, 10, 10, 3, 10, 11]
[12, 4, 4, 1, 7, 7, 12, 12, 12, 12, 12, 0, 12, 13, 14, 15, 18, 16, 18, 24, 24, 24, 24, 18]
[2, 0, 2, 3, 6, 7, 3, 7, 12, 12, 12, 8, 12, 12]
[4, 4, 4, 0, 4, 7, 10, 9, 10, 5, 12, 10, 12, 10, 16, 14]
[18, 3, 1, 6, 6, 18, 13, 11, 10, 11, 13, 13, 6, 13, 17, 17, 14, 0, 20, 18, 31, 24, 24, 31, 24, 28, 28, 25, 31, 31, 20, 33, 31, 35, 33, 35, 35]
[2, 0, 2, 3, 4, 5, 8, 2, 8, 9, 2, 2, 15, 15, 2, 15, 23, 23, 18, 21, 18, 18, 16]
[2, 0, 2, 3, 4, 5, 4, 7, 7]
[2, 5, 5, 5, 0, 5, 5, 10, 10, 7, 14, 14, 14, 5, 14]
[9, 9, 5, 5, 2, 2, 8, 6, 0, 9, 12, 10, 15, 15, 12, 17, 18, 15, 18, 18]
[6, 3, 6, 6, 6, 0]
[2, 0, 5, 5, 2, 8, 8, 5, 10, 8, 10, 10, 12]
[6, 6, 6, 6, 6, 0, 10, 10, 10, 6, 10, 10, 14, 12, 14, 15, 16, 16, 16, 19, 20, 10, 22, 23, 24, 27, 25]
