[6, 3, 6, 6, 6, 9, 9, 9, 0, 9, 9, 18, 14, 15, 18, 18, 18, 11]
[2, 0, 7, 7, 7, 7, 2]
[3, 3, 13, 3, 6, 4, 3, 7, 10, 12, 12, 8, 0, 15, 18, 15, 18, 13, 21, 21, 18, 18]
[0, 1, 2, 5, 2, 5, 2, 7, 10, 8, 15, 15, 15, 15, 10, 10, 18, 16, 20, 16, 22, 20, 26, 26, 26, 22, 26, 26, 28, 29]
[2, 0, 4, 2, 4, 9, 6, 6, 5]
[0, 3, 1, 3, 6, 3, 6, 7, 11, 11, 3, 11, 12, 12, 18, 18, 18, 14]
[0, 1, 2, 1, 7, 7, 4, 7, 10, 8, 16, 16, 12, 15, 13, 10, 16]
[5, 4, 4, 5, 8, 7, 8, 0, 8, 9, 10, 13, 11]
[2, 5, 2, 5, 0, 5, 6, 9, 7, 9, 13, 13, 10, 10, 10, 15]
[2, 8, 4, 2, 8, 8, 8, 0]
[0, 4, 4, 1, 4]
[6, 3, 6, 6, 6, 9, 9, 9, 0, 9]
[3, 3, 0, 5, 3, 7, 5, 7, 7, 11, 9, 5, 5, 15, 5]
[2, 5, 4, 2, 0, 5, 5, 9, 7, 9, 13, 13, 10, 13]
[2, 3, 0, 3, 9, 7, 9, 9, 4, 16, 13, 13, 16, 16, 16, 9, 16]
[2, 0]
[3, 3, 7, 3, 6, 4, 0, 7, 10, 8, 7, 13, 11, 16, 16, 7, 16, 19, 17, 19, 23, 23, 20, 23, 23]
[4, 4, 4, 0, 4]
[2, 3, 0, 5, 3, 5, 6, 3, 8]
[5, 3, 5, 5, 0, 5, 9, 9, 6, 6, 6, 11]
[5, 3, 5, 5, 9, 9, 9, 9, 0, 9, 9, 11, 12, 16, 16, 13, 9]
[4, 4, 4, 0, 7, 7, 4, 7, 7, 11, 9, 4, 14, 17, 17, 17, 4]
[3, 3, 7, 3, 4, 5, 0, 7, 13, 13, 13, 13, 8]
[2, 5, 5, 5, 0, 5, 12, 12, 12, 11, 12, 5, 12, 12]
[3, 3, 7, 6, 6, 3, 0, 7, 8, 9, 15, 15, 12, 12, 10, 7, 19, 19, 16]
[0, 3, 1, 3, 4, 3, 8, 3, 8, 12, 12, 9, 12, 15, 12]
[0, 5, 5, 5, 1, 8, 8, 5, 8, 9, 9, 9, 12]
[2, 3, 0, 6, 6, 3, 6, 10, 10, 7, 10, 10]
[5, 1, 2, 5, 0, 5, 6, 9, 7]
[23, 11, 4, 11, 4, 5, 11, 11, 10, 11, 23, 11, 12, 15, 13, 15, 19, 19, 16, 23, 23, 23, 0, 23, 28, 27, 28, 24]
[0, 3, 1, 5, 3]
[0, 4, 4, 1, 4, 8, 8, 5, 10, 8, 10, 13, 1, 15, 13, 13, 18, 16, 18, 21, 19, 23, 18, 23, 26, 24, 23, 27]
[0, 4, 4, 5, 1, 5, 8, 6, 8, 12, 12, 9, 5, 13, 5, 17, 15, 17, 20, 18]
[0, 1, 2, 5, 3, 1, 10, 10, 10, 6]
[3, 3, 0, 6, 6, 3, 3, 10, 10, 11, 3, 11, 11, 15, 13]
[5, 5, 5, 5, 0, 8, 8, 5, 10, 8]
[11, 4, 4, 1, 8, 8, 8, 4, 10, 11, 0, 11, 11, 16, 16, 13, 16]
[2, 5, 5, 5, 0]
[8, 8, 8, 8, 8, 8, 8, 0, 11, 11, 8, 15, 12, 15, 11, 18, 18, 15]
[5, 5, 5, 5, 0, 7, 5, 10, 10, 7, 5, 15, 15, 15, 5, 15, 16, 17, 18, 19, 17]
[4, 1, 1, 0, 6, 4, 9, 9, 6, 6, 10, 6, 17, 17, 17, 17, 12]
[2, 0, 5, 5, 2]
[3, 3, 0, 3, 3, 7, 9, 9, 3, 9, 10, 11, 12, 13, 11, 18, 18, 11]
[4, 4, 4, 21, 6, 4, 9, 9, 6, 9, 12, 10, 12, 12, 14, 18, 18, 21, 18, 18, 32, 21, 21, 21, 28, 28, 28, 24, 32, 32, 32, 0, 32, 32, 32, 32, 36, 39, 37, 37, 42, 40]
[2, 4, 4, 0, 7, 7, 4]
[0, 3, 1, 3, 4, 4, 3, 9, 7, 9, 13, 13, 10, 13, 17, 17, 14, 3, 20, 3, 20, 20, 1, 25, 28, 25, 28, 1]
[2, 6, 6, 6, 6, 0, 6]
[2, 5, 2, 3, 0, 7, 13, 7, 7, 11, 9, 13, 5, 15, 13, 15, 18, 15, 18, 22, 22, 19]
[3, 3, 0, 3, 3, 7, 3, 9, 3, 11, 12, 9, 12, 16, 16, 13, 16, 21, 21, 21, 17]
[27, 3, 1, 5, 3, 3, 9, 9, 6, 11, 9, 11, 15, 15, 12, 15, 16, 19, 17, 19, 22, 20, 25, 25, 27, 27, 0, 27, 27, 29, 30, 31]
[2, 0, 4, 2, 2, 8, 8, 5, 2, 11, 2, 13, 11, 13, 16, 13, 16, 16]
[11, 4, 4, 1, 4, 5, 11, 11, 11, 11, 0, 11, 11, 15, 11, 15, 18, 16]
[9, 1, 6, 6, 6, 9, 9, 9, 0, 9, 12, 10, 12, 12, 19, 19, 16, 16, 12]
[2, 5, 5, 5, 0, 5, 8, 6, 10, 5, 12, 16, 14, 16, 16, 10, 16, 17, 18]
[3, 3, 6, 6, 6, 9, 6, 9, 0, 11, 9, 11, 14, 12]
[2, 8, 8, 8, 8, 8, 8, 0, 8, 8, 13, 13, 8, 8, 16, 8, 19, 19, 16, 19, 22, 20, 19, 19, 24, 28, 28, 25, 30, 28]
[3, 3, 0, 5, 3, 8, 8, 5, 8, 11, 8, 8, 14, 12, 8, 8, 16, 17, 16, 23, 22, 23, 19, 3, 26, 27, 3, 27, 30, 27, 32, 30, 27, 33, 34]
[14, 3, 1, 3, 6, 4, 6, 9, 7, 14, 14, 14, 14, 0, 14, 18, 18, 15, 15, 22, 22, 19]
[2, 8, 2, 3, 6, 3, 8, 0, 8, 12, 12, 8, 16, 16, 16, 12, 16]
[6, 6, 6, 6, 6, 0, 11, 11, 11, 11, 6, 11, 12, 15, 13, 17, 15, 15, 18, 6, 6, 24, 24, 6, 26, 24, 26, 29, 27]
[4, 4, 4, 0, 6, 4, 6, 9, 7, 11, 9, 9, 9, 15, 13]
[0, 1, 1, 8, 8, 5, 5, 3, 10, 8, 10, 15, 14, 15, 11, 15, 19, 19, 16]
[0, 1, 6, 6, 6, 2]
[2, 6, 6, 6, 6, 0, 6, 11, 11, 11, 7, 11, 11, 11, 18, 17, 18, 14, 18, 21, 19, 21, 21, 18, 24, 25, 28, 26, 28, 31, 29, 31, 34, 32]
[2, 3, 0, 3, 7, 7, 4, 3, 10, 8, 12, 10, 14, 12, 14, 18, 18, 15, 18, 19, 18, 23, 18]
[0, 1, 2, 1, 6, 1, 10, 10, 10, 6, 10, 10]
[0, 3, 1, 3, 4, 3, 9, 9, 6, 9, 12, 9]
[0, 1, 4, 1, 1, 10, 10, 10, 10, 1, 10, 13, 11, 15, 10]
[4, 4, 4, 0, 4, 4, 8, 4]
[4, 4, 4, 0, 4, 4, 9, 9, 6, 9, 12, 9]
[2, 6, 2, 3, 6, 0, 6, 11, 11, 11, 7]
[2, 27, 4, 2, 2, 7, 5, 2, 2, 9, 12, 9, 12, 13, 14, 14, 9, 9, 20, 18, 20, 20, 25, 25, 22, 27, 0, 27, 31, 31, 28]
[3, 3, 0, 3, 4]
[2, 5, 2, 2, 17, 5, 5, 10, 10, 5, 12, 13, 10, 15, 17, 17, 0, 19, 17, 19, 23, 23, 20]
[3, 3, 0, 5, 3, 7, 5, 3, 8, 9, 12, 10, 14, 12, 14]
[2, 0, 5, 5, 2, 5, 9, 9, 6, 11, 12, 5, 12, 13, 14, 13, 13, 13, 2, 21, 22, 2, 24, 22, 29, 29, 29, 29, 24, 29]
[3, 3, 7, 7, 7, 7, 0]
[0, 1, 4, 2, 8, 8, 8, 4, 10, 8, 12, 10, 14, 10, 17, 17, 14, 20, 20, 14, 20, 21, 24, 21]
[4, 4, 4, 6, 6, 0, 8, 6]
[3, 3, 0, 3, 6, 10, 10, 10, 10, 3]
[0, 5, 5, 5, 1]
[3, 3, 0, 3, 7, 7, 3, 10, 10, 7, 10, 10, 14, 12, 14, 15, 14, 19, 17, 19, 19]
[3, 3, 0, 3, 6, 3, 3, 10, 10, 3, 10, 13, 11, 3, 16, 14, 16, 17, 16, 21, 16, 23, 24, 25, 21, 28, 28, 21, 28, 31, 29]
[4, 4, 4, 0, 6, 4, 10, 10, 10, 6]
[2, 0, 2, 8, 6, 8, 8, 2, 8, 9, 13, 13, 10, 13, 16, 14, 13, 19, 13, 19, 20, 2, 24, 2]
[0, 3, 1, 5, 3, 3, 6, 9, 7, 11, 9, 11, 11, 15, 13, 15, 15, 20, 20, 17]
[0, 3, 1, 6, 6, 3, 8, 6, 6, 11, 9, 11, 17, 17, 17, 17, 12, 19, 17, 19, 23, 23, 20, 23, 27, 27, 24]
[2, 0, 2, 5, 3, 2, 8, 6]
[0, 1]
[3, 3, 9, 9, 9, 7, 9, 9, 0, 9, 13, 13, 10, 13, 17, 17, 14, 25, 25, 21, 25, 25, 25, 25, 17]
[3, 3, 0, 3, 7, 7, 4, 13, 8, 12, 12, 13, 7, 15, 13, 17, 15, 17, 17, 19, 17, 21, 22, 22, 26, 24]
[3, 3, 11, 6, 6, 3, 11, 11, 11, 11, 0, 13, 11, 11, 16, 14, 18, 16, 18, 19, 22, 20, 22, 26, 26, 23]
[2, 3, 8, 3, 6, 4, 8, 0, 10, 8, 12, 10, 12, 12, 17, 17, 14, 12, 18, 19, 19, 23, 21]
[5, 3, 1, 5, 0, 5, 5, 9, 7, 5, 12, 5]
[6, 6, 6, 3, 3, 0, 6, 10, 10, 7, 7, 7, 15, 15, 12]
[2, 4, 4, 0, 4, 7, 5, 7, 10, 8, 10, 11]
[0, 3, 1, 5, 3, 5, 6, 6, 1, 11, 1, 16, 15, 15, 16, 11, 19, 19, 16, 21, 19, 19, 24, 22]
[4, 3, 4, 0, 6, 4, 4, 9, 7]
[8, 5, 5, 5, 1, 8, 8, 0, 8, 9, 10, 8, 15, 15, 12, 17, 15, 17, 21, 21, 17, 21, 26, 25, 26, 22]
[3, 3, 0, 8, 8, 8, 8, 3, 11, 11, 8, 13, 11]
[4, 4, 4, 8, 8, 8, 8, 0, 8, 9, 16, 11, 12, 16, 16, 10, 16, 17, 18, 19]
[2, 4, 4, 0, 4, 7, 5, 4, 10, 17, 12, 10, 14, 12, 17, 17, 4]
[16, 1, 2, 1, 7, 7, 4, 4, 13, 13, 13, 13, 8, 16, 16, 0, 16, 19, 16]
[4, 4, 4, 0, 4, 8, 8, 16, 11, 11, 8, 11, 14, 12, 16, 4, 19, 19, 16, 16, 22, 20]
[3, 3, 0, 3, 6, 4, 6, 6]
[6, 6, 6, 6, 6, 9, 9, 9, 0, 9, 13, 13, 10]
[2, 5, 5, 5, 0, 5]
[0, 1, 1, 5, 3, 5, 6, 7, 8, 11, 9, 11, 14, 11, 16, 19, 19, 19, 11]
[4, 4, 4, 0, 4, 7, 5, 4, 11, 11, 8]
[3, 3, 4, 0, 4, 7, 5, 7, 11, 11, 13, 13, 8, 13]
[19, 4, 4, 1, 4, 7, 5, 4, 10, 4, 12, 10, 14, 15, 12, 12, 18, 16, 0, 19, 20, 20, 24, 22]
[3, 3, 0, 5, 3, 8, 8, 3, 8, 11, 8, 8, 15, 15, 12, 8, 8, 17, 17, 17, 22, 20, 17, 23, 27, 27, 24, 27, 28]
[3, 3, 4, 0, 7, 7, 4, 4, 4, 9, 9, 14, 14, 11, 17, 17, 14, 19, 17, 19, 23, 23, 20, 23, 23, 25]
[0, 5, 5, 5, 1, 5, 5]
[2, 5, 5, 5, 0]
[15, 5, 5, 5, 1, 5, 9, 7, 6, 15, 13, 13, 10, 15, 0, 15]
[2, 0, 4, 2, 6, 2, 8, 6, 6, 11, 9, 2, 14, 17, 16, 17, 2, 17, 22, 22, 22, 18, 24, 22, 24, 25, 25]
[6, 6, 6, 6, 6, 8, 8, 0, 13, 9, 13, 13, 8, 13, 16, 14]
[4, 4, 4, 9, 4, 7, 5, 4, 0]
[2, 3, 0, 5, 3, 5, 8, 5, 8, 9, 10, 13, 11]
[7, 3, 1, 7, 7, 7, 0]
[4, 4, 4, 7, 7, 7, 0, 7, 10, 7, 7, 13, 11, 13, 16, 14]
[2, 0, 2, 7, 4, 7, 2, 9, 7, 11, 9, 13, 11, 13, 17, 17, 14, 17, 17, 22, 22, 17]
[6, 5, 5, 5, 6, 0, 6, 9, 6, 9]
[0, 3, 1, 3, 6, 4, 3, 7, 8]
[2, 4, 4, 0, 4, 12, 12, 7, 10, 8, 12, 4]
[3, 3, 0]
[8, 8, 4, 8, 8, 8, 8, 0, 8, 8, 13, 13, 15, 15, 8, 17, 15, 19, 17, 21, 19, 21, 24, 22]
[2, 9, 5, 5, 2, 7, 5, 9, 0, 9, 14, 14, 14, 10, 9, 19, 19, 19, 9, 23, 23, 23, 19, 26, 26, 23, 30, 30, 30, 26]
[0, 3, 1, 3]
[2, 0, 4, 2, 11, 10, 6, 6, 10, 11, 4, 13, 11, 11, 16, 19, 16, 17, 11, 19, 22, 19, 26, 26, 26, 22, 28, 26, 28, 33, 33, 33, 29]
[2, 6, 2, 3, 6, 0, 8, 6, 12, 12, 12, 8]
[4, 4, 4, 8, 6, 4, 8, 0, 8, 11, 8, 13, 11, 13, 14]
[4, 4, 4, 0, 4, 7, 5, 9, 7, 11, 9, 11, 17, 15, 17, 17, 11, 11, 20, 21, 18, 18, 18, 25, 23]
[5, 5, 2, 2, 13, 7, 5, 7, 11, 11, 8, 13, 0, 13, 13, 18, 18, 15, 20, 15]
[5, 1, 2, 5, 0, 5, 5, 10, 10, 7]
[10, 4, 4, 10, 4, 5, 6, 10, 10, 0]
[5, 5, 5, 5, 0]
[4, 4, 4, 0, 8, 8, 8, 4, 13, 9, 13, 13, 8]
[2, 0, 4, 2, 4, 4, 2, 2, 2]
[2, 0, 4, 2, 2, 7, 2, 7, 2]
[2, 3, 0, 7, 7, 7, 3, 7, 8, 13, 13, 13, 9, 18, 18, 18, 18, 13, 20, 18, 22, 20, 26, 26, 26, 22]
[2, 10, 4, 2, 6, 2, 10, 10, 10, 0, 10, 13, 11]
[0, 1, 6, 6, 6, 2, 8, 1]
[0, 1, 2]
[7, 1, 5, 5, 1, 7, 0, 9, 7, 7, 13, 13, 7, 13, 18, 17, 18, 14, 20, 18, 25, 25, 25, 25, 20, 27, 25, 29, 27]
[2, 0, 2, 2, 6, 2, 6, 6, 6, 11, 9, 9, 14, 9, 14, 15, 14]
[2, 0, 2, 5, 3, 3, 9, 9, 6, 2, 12, 14, 14, 2, 14, 15]
[2, 4, 4, 0, 6, 4, 4, 9, 7, 12, 12, 4, 14, 12, 16, 14, 18, 20, 20, 16]
[0, 1, 4, 1, 10, 10, 10, 10, 10, 4, 13, 13, 10, 13]
[0, 3, 1, 7, 7, 7, 1, 7]
[4, 4, 4, 0, 4, 9, 9, 9, 5, 13, 12, 13, 9, 13, 16, 14, 13, 13, 21, 21, 18, 23, 21, 23, 26, 24]
[3, 3, 0, 6, 6, 3, 6, 10, 10, 7, 13, 13, 3, 15, 13, 17, 15, 15, 18, 18, 20]
[0, 3, 1, 6, 6, 8, 8, 3, 8, 8, 10]
[6, 6, 6, 5, 6, 0]
[6, 6, 6, 6, 6, 8, 8, 0, 11, 11, 8, 11, 12, 8, 16, 17, 8, 17, 20, 18]
[5, 5, 5, 5, 0, 7, 5, 9, 7, 18, 14, 14, 14, 18, 14, 15, 18, 7, 21, 21, 18]
[2, 3, 0, 3, 4, 7, 5, 7, 7, 12, 12, 9, 3, 15, 3, 19, 19, 19, 15, 21, 19, 19, 24, 22, 24, 27, 25]
[6, 3, 6, 6, 6, 0, 6, 7, 8, 6, 13, 13, 10, 16, 16, 13, 16, 17]
[13, 1, 2, 6, 6, 3, 13, 13, 13, 13, 10, 11, 0, 13, 18, 18, 18, 14, 13, 21, 22, 19, 22, 23]
[0, 5, 5, 5, 1, 1, 6]
[2, 0, 4, 2, 4, 7, 4]
[2, 8, 8, 6, 6, 8, 8, 0, 8, 8, 12, 13, 8, 13, 14, 13, 16]
[2, 0, 4, 2, 4, 8, 8, 4, 2, 9, 10, 13, 11]
[5, 3, 5, 5, 0, 5, 6, 7, 8, 11, 9, 15, 15, 15, 11, 15, 18, 15]
[6, 1, 4, 1, 6, 0, 6, 10, 10, 7, 12, 6, 14, 12, 14, 6]
[6, 6, 2, 2, 6, 10, 10, 10, 10, 0, 10, 11, 12, 13]
[2, 3, 0, 3]
[2, 6, 6, 6, 6, 0, 6, 7, 6, 13, 13, 11, 6]
[4, 4, 4, 0, 4, 5, 11, 11, 11, 11, 6, 11, 11, 16, 16, 13, 16, 17, 18, 17, 20, 23, 11, 23, 26, 24, 26, 29, 23]
[4, 3, 4, 0, 7, 7, 4, 7, 10, 7, 14, 14, 14, 10]
[4, 4, 4, 6, 6, 0, 6]
[4, 4, 4, 0, 6, 4, 6, 9, 7]
[2, 3, 0, 3, 3, 7, 5, 9, 3, 11, 9]
[2, 3, 0, 7, 6, 7, 3, 9, 7, 12, 12, 9, 12, 12]
[4, 3, 4, 8, 4, 8, 8, 0, 8, 11, 9, 9, 15, 15, 12, 8, 8, 22, 20, 22, 22, 17]
[3, 3, 0, 5, 3, 3, 11, 9, 10, 11, 6]
[2, 5, 5, 5, 0, 5, 5, 7, 13, 13, 13, 13, 8]
[2, 0, 2, 2, 4, 5, 8, 6, 2, 13, 13, 13, 2]
[3, 3, 0, 5, 3, 7, 5, 12, 12, 12, 12, 7]
[4, 4, 4, 0, 4, 5]
[2, 0, 2, 6, 6, 2, 6, 7, 10, 8, 10, 11, 18, 18, 14, 14, 18, 8, 22, 22, 22, 18, 24, 22, 24, 25, 28, 26, 28, 29]
[3, 3, 7, 5, 3, 5, 0, 7, 7, 9, 13, 13, 10]
[2, 0, 4, 2, 4, 2, 10, 10, 10, 2, 12, 10, 12, 13, 14, 15, 20, 20, 20, 15]
[4, 1, 1, 0]
[2, 5, 5, 5, 0, 5, 5, 9, 14, 14, 14, 14, 14, 5, 16, 5, 5, 21, 21, 21, 17, 25, 25, 25, 21, 25, 26, 29, 21]
[3, 3, 0, 3, 4, 5, 5, 5, 10, 5, 13, 13, 3, 17, 17, 17, 13, 17, 17, 21, 19, 21, 21]
[5, 1, 5, 5, 0, 8, 8, 5, 8, 9]
[3, 3, 0, 3, 6, 3, 6, 10, 10, 7, 6, 14, 14, 6, 17, 17, 14, 17, 17, 17, 17, 21, 25, 25, 22]
[6, 6, 6, 6, 6, 0, 8, 6, 8, 9, 14, 14, 14, 10]
[2, 3, 0, 5, 3, 5, 8, 6, 5, 9, 10, 3, 14, 3, 14, 17, 15, 17, 21, 21, 18, 21, 22, 25, 23]
[4, 4, 4, 0, 6, 4, 9, 9, 6, 6, 13, 13, 6, 13, 16, 14]
[8, 3, 1, 7, 7, 7, 8, 0, 10, 8, 8, 8, 12, 16, 16, 13, 16]
[10, 3, 1, 3, 8, 8, 8, 10, 10, 0]
[3, 3, 0, 3, 6, 4, 6, 10, 10, 3]
[2, 11, 4, 2, 2, 9, 9, 9, 2, 9, 0, 13, 11, 15, 13, 15, 18, 15, 18, 21, 19]
[3, 3, 0, 5, 3, 5, 6, 3, 10, 8]
[4, 4, 4, 5, 0, 7, 5, 9, 7, 7, 5, 5, 12, 13, 13, 19, 19, 19, 15]
[2, 4, 4, 0, 4, 5, 8, 6]
[2, 13, 4, 2, 4, 7, 5, 4, 11, 11, 8, 11, 0, 15, 13, 17, 13]
[2, 0, 2, 6, 6, 3, 6, 7, 6, 6, 13, 13, 10, 15, 13, 15, 16, 19, 17, 17, 24, 23, 24, 20]
[0, 1, 5, 5, 2, 2, 8, 6, 1]
[3, 3, 0, 3, 3, 8, 8, 5, 8, 12, 12, 8, 12, 13, 16, 14]
[0, 1, 6, 6, 6, 2, 10, 9, 10, 6, 12, 10, 10, 10, 16, 14, 16, 19, 17, 23, 23, 23, 16]
[0, 4, 4, 1, 6, 1, 6, 9, 10, 6]
[2, 4, 4, 0, 4, 10, 6, 9, 7, 4, 12, 10, 16, 16, 16, 12, 16, 16, 21, 21, 16, 21, 21, 21, 21, 25, 26, 29, 27, 29, 35, 33, 35, 35, 30, 37, 35, 35, 40, 35, 40]
[2, 0, 4, 2, 6, 8, 8, 4, 11, 11, 8, 11, 11, 15, 13]
[5, 5, 5, 5, 0, 5, 9, 9, 6, 9, 10]
[4, 4, 4, 0, 6, 4, 10, 7, 10, 6, 12, 15, 15, 15, 10]
[2, 3, 0, 3, 4, 13, 13, 7, 11, 11, 8, 13, 3, 13, 16, 14]
[3, 3, 0, 3, 4, 3, 8, 6, 12, 12, 10, 3, 16, 16, 16, 12, 19, 19, 16, 19]
[2, 6, 2, 3, 6, 0, 9, 9, 6, 6, 12, 14, 14, 6]
[5, 5, 5, 5, 0, 8, 8, 11, 11, 11, 5, 11, 11, 15, 13]
[4, 4, 4, 7, 7, 7, 0, 7]
[3, 3, 0, 3, 6, 4, 6, 7, 12, 12, 12, 6, 14, 12]
[12, 3, 1, 7, 7, 7, 12, 12, 12, 12, 12, 0]
[4, 4, 4, 14, 6, 4, 8, 6, 8, 12, 12, 9, 14, 0, 18, 18, 18, 14]
[3, 3, 5, 5, 0, 5, 8, 6, 5, 11, 5, 13, 11, 13, 14, 19, 19, 19, 15, 21, 13, 21, 5]
[0, 5, 5, 5, 1, 5, 8, 5, 10, 8, 13, 13, 10, 10, 10, 15, 15, 15, 18, 25, 25, 25, 25, 25, 15, 27, 25]
[2, 0, 2, 5, 3, 5, 6, 6, 11, 11, 8, 13, 6, 18, 16, 18, 18, 13, 20, 18, 20, 23, 21, 23, 26, 24, 23, 29, 30, 27, 30, 31, 32]
[4, 4, 4, 0, 6, 4, 6, 7, 17, 12, 12, 17, 12, 15, 13, 17, 8, 20, 20, 17, 17, 21, 25, 25, 22]
[2, 4, 4, 0, 4, 9, 9, 9, 5, 12, 12, 9, 12, 15, 13, 19, 19, 19, 15, 15, 22, 15, 25, 25, 22]
[3, 3, 6, 6, 6, 0, 6, 6, 6, 11, 9, 11, 11, 17, 17, 17, 13]
[5, 5, 2, 2, 0, 5, 6, 10, 10, 7, 13, 13, 14, 10, 16, 14, 16, 16, 18, 22, 22, 10, 26, 26, 26, 22, 31, 29, 31, 31, 26]
[2, 0, 2, 6, 6, 2, 6, 7, 6, 11, 9, 2, 15, 15, 2, 15, 18, 16]
[2, 0, 2, 2, 9, 9, 9, 9, 4, 2, 12, 2, 14, 12, 14, 14, 18, 14, 20, 18]
[10, 1, 4, 2, 1, 7, 5, 9, 7, 0, 13, 13, 10, 13, 13, 15, 19, 19, 16, 22, 22, 19, 25, 25, 22]
[3, 3, 5, 5, 0, 5, 6, 9, 7, 9, 9, 6, 6, 13, 17, 17, 14, 17, 20, 17, 20, 20, 22]
[2, 0, 4, 2]
[2, 0, 4, 2, 6, 2, 6, 7, 10, 8, 10, 11, 12, 16, 16, 13, 12, 19, 17]
[2, 0, 5, 5, 2, 5, 6, 7, 10, 8, 2, 11, 12, 13, 13, 15]
[13, 13, 2, 6, 6, 3, 13, 9, 13, 13, 13, 13, 0, 18, 17, 17, 18, 13, 18, 13]
[3, 3, 0, 3, 3, 5, 8, 6, 3]
[0, 1, 6, 6, 6, 2, 6, 11, 11, 11, 7, 1]
[7, 7, 7, 7, 7, 7, 9, 9, 0, 9, 10, 9, 12, 13, 16, 14, 16, 17]
[8, 4, 4, 1, 4, 8, 8, 0, 8, 11, 9, 11, 14, 12, 21, 18, 18, 21, 21, 21, 11, 21, 25, 25, 27, 27, 21]
[2, 4, 4, 0, 4, 4, 4, 11, 11, 11, 7, 16, 16, 16, 16, 11, 18, 16, 21, 21, 16, 23, 21, 23]
[2, 9, 2, 7, 6, 7, 3, 9, 0, 11, 12, 9, 12, 16, 16, 13]
[2, 0, 2, 6, 6, 2, 6, 6, 8]
[4, 3, 4, 0, 13, 5, 13, 7, 11, 11, 8, 13, 4, 15, 13, 15, 19, 19, 16, 19, 23, 23, 20]
[12, 12, 4, 2, 6, 4, 9, 9, 6, 12, 12, 0]
[3, 3, 0, 3, 7, 7, 4]
[2, 0, 2, 5, 3, 5]
[2, 0, 2, 3, 6, 4, 8, 3, 8, 9, 9, 3, 15, 15, 3, 15, 16, 17, 20, 18, 20, 20, 20, 23, 2, 31, 29, 29, 26, 31, 2, 35, 35, 35, 31, 37, 35, 37, 40, 38, 42, 40]
[4, 4, 4, 0, 4, 5, 8, 4, 11, 11, 8, 15, 14, 15, 8, 15, 16]
[2, 10, 7, 7, 7, 7, 2, 10, 10, 0, 12, 10, 17, 17, 17, 17, 12, 17, 21, 21, 18, 23, 17, 25, 23, 25, 28, 26, 26, 33, 33, 33, 29]
[0, 1, 6, 3, 6, 2, 6, 7, 10, 8, 10, 13, 11, 13, 13, 17, 6, 21, 20, 21, 17]
[2, 4, 4, 0, 8, 8, 8, 4, 10, 8, 10, 4, 14, 4, 17, 17, 14, 19, 17, 21, 19, 19, 24, 22, 26, 24, 26, 29, 26]
[4, 4, 4, 16, 6, 4, 6, 12, 12, 12, 12, 7, 16, 16, 16, 0, 16, 17, 16, 22, 22, 16, 22, 23]
[4, 4, 4, 0, 4, 5, 9, 9, 6, 9]
[6, 1, 6, 6, 6, 0, 18, 18, 11, 11, 8, 11, 11, 18, 18, 18, 18, 6, 24, 21, 24, 24, 24, 18]
[0, 1, 4, 1, 4, 7, 5]
[2, 4, 4, 0, 4, 8, 8, 5, 8, 9, 14, 11, 12, 8, 17, 17, 18, 14, 20, 18, 20, 23, 21]
[2, 25, 2, 3, 7, 7, 4, 7, 10, 7, 2, 13, 2, 13, 14, 17, 15, 17, 18, 19, 19, 21, 25, 25, 0, 29, 29, 29, 25]
[0, 3, 1, 5, 3, 8, 8, 5]
[2, 0, 2, 5, 2, 7, 2, 7, 7]
[6, 3, 1, 6, 6, 0, 9, 9, 6, 6, 10, 11, 6, 16, 16, 18, 18, 13]
[4, 4, 4, 0, 4, 5, 6, 5, 10, 5, 10, 10, 14, 12]
[2, 13, 2, 5, 2, 2, 8, 6, 8, 11, 9, 13, 0, 13, 17, 17, 14]
[3, 3, 0, 6, 6, 3, 6, 10, 10, 6, 10, 13, 11]
[7, 7, 7, 5, 7, 7, 0, 12, 12, 11, 12, 7, 7, 13, 14, 14, 18, 16, 21, 21, 18, 23, 21, 23, 26, 24]
[3, 3, 9, 3, 3, 8, 8, 5, 0, 17, 13, 13, 17, 13, 13, 17, 9, 17, 20, 17, 22, 20, 24, 22, 22, 22, 29, 29, 26]
[2, 4, 4, 0, 4, 4, 6, 10, 10, 7, 6, 6, 12, 12]
[2, 14, 2, 6, 6, 3, 3, 13, 13, 13, 13, 13, 7, 0, 16, 17, 14, 19, 17, 19, 20, 17, 24, 22, 17, 25, 30, 30, 30, 32, 32, 26, 32, 32, 34]
[4, 4, 4, 0, 4, 4, 6, 4, 4, 9, 10, 14, 14, 9, 16, 14, 16, 16, 20, 16, 20]
[6, 6, 6, 6, 6, 8, 8, 0, 8, 13, 12, 13, 9, 15, 13, 15, 15, 19, 20, 17, 20, 23, 21]
[2, 5, 5, 5, 0, 7, 5, 14, 14, 14, 12, 14, 14, 7, 14, 14, 19, 19, 16, 14, 14, 23, 21, 23, 27, 27, 24, 27, 30, 27, 14, 33, 14, 40, 40, 40, 36, 36, 40, 33, 40]
[0, 5, 4, 5, 1]
[2, 18, 2, 5, 3, 8, 8, 5, 11, 11, 18, 11, 12, 16, 16, 13, 18, 0, 20, 18, 20, 20, 20]
[2, 3, 0, 5, 3, 7, 5, 7, 10, 8, 12, 7, 14, 15, 12]
[3, 3, 9, 3, 4, 8, 8, 5, 0, 13, 13, 13, 9, 17, 17, 17, 13, 17, 20, 17]
[0, 1, 4, 1, 4, 7, 5, 1, 8, 11, 1, 11, 14, 12, 11, 15, 18, 19, 16, 19, 19]
[4, 3, 4, 0, 4, 7, 5, 4, 10, 8, 4, 13, 11, 15, 13, 13, 13, 19, 17, 19, 22, 20, 17, 25, 23]
[3, 3, 0, 7, 7, 7, 3]
[0]
[2, 0, 4, 2, 4, 7, 5]
[3, 3, 6, 6, 6, 0, 6, 6, 6, 11, 9, 11, 15, 15, 12]
[4, 4, 4, 0, 6, 9, 9, 9, 4, 9, 9, 14, 14, 11, 17, 17, 18, 14, 18]
[2, 0, 2, 2, 10, 5, 5, 10, 10, 2, 10, 10, 14, 12]
[2, 0, 2, 5, 2, 2, 10, 10, 10, 6]
[4, 4, 4, 0]
[0]
[0]
[0]
[2, 3, 0, 3, 6, 3, 10, 10, 10, 6]
[4, 3, 4, 0, 4, 4, 4]
[0]
[3, 3, 0, 3, 6, 3, 6, 9, 7, 9, 13, 13, 10]
[0]
[3, 3, 0, 5, 3, 5, 6]
[4, 4, 4, 0, 4, 8, 8, 5, 8, 4, 12, 4, 12]
[0, 5, 5, 5, 1, 5, 8, 5, 8, 9, 10, 10]
[2, 5, 2, 5, 0, 7, 5, 7, 14, 14, 14, 14, 14, 8, 18, 18, 18, 7, 18, 19]
[2, 0, 4, 9, 4, 8, 8, 5, 2, 2, 13, 13, 2, 15, 13]
[4, 4, 4, 0, 4]
[4, 4, 4, 0, 6, 4, 6, 9, 6, 9, 10]
[7, 7, 7, 7, 7, 7, 0, 7, 7, 9, 12, 10, 22, 22, 22, 22, 16, 19, 17, 22, 22, 7, 22, 23, 27, 27, 24]
[2, 0, 2, 2, 11, 5, 8, 6, 10, 11, 2, 11, 19, 19, 14, 15, 18, 16, 12, 19, 23, 23, 20, 19, 19, 27, 25, 27, 27, 29, 32, 33, 30, 33]
[0, 1, 1, 5, 3, 5, 12, 12, 8, 11, 8, 6, 15, 15, 1, 15, 16, 19, 17, 19, 23, 23, 20, 25, 19, 25, 25, 27, 30, 28, 30]
[3, 3, 4, 0, 4, 5, 4, 9, 7, 7, 7, 13, 11, 13, 18, 18, 18, 14, 18, 21, 22, 18]
[3, 3, 4, 0, 6, 4, 8, 12, 10, 12, 12, 6, 14, 6, 16, 14, 16, 17, 18, 18, 20]
[6, 6, 2, 6, 6, 0]
[2, 5, 5, 5, 0, 9, 9, 9, 5, 13, 13, 13, 9]
[2, 4, 4, 0, 4, 9, 9, 9, 5, 9, 10, 11, 11]
[2, 3, 0, 5, 3, 9, 8, 9, 5, 9, 10, 5, 12, 13, 16, 14, 16, 19, 17]
[5, 5, 5, 5, 0, 5, 8, 6]
[4, 4, 4, 0, 4, 7, 5, 4, 8, 4, 13, 13, 4, 15, 13]
[18, 1, 2, 6, 6, 3, 8, 6, 11, 11, 12, 8, 12, 15, 13, 17, 18, 0, 18, 21, 19]
[3, 3, 0, 3, 8, 8, 8, 4, 10, 8, 12, 10]
[4, 4, 4, 6, 6, 0, 6, 9, 7, 9, 12, 10, 6, 6, 6, 15, 15, 17, 18, 18]
[2, 3, 0, 3, 4, 12, 6, 12, 8, 11, 9, 5, 14, 12, 5, 17, 5, 20, 20, 17, 20, 21, 22, 25, 23, 25, 28, 26]
[0, 1, 4, 2]
[4, 4, 4, 11, 4, 8, 8, 5, 10, 11, 0, 11, 11, 13, 18, 18, 18, 14]
[2, 0, 4, 5, 2, 5, 6, 5, 11, 11, 8, 11, 12]
[4, 4, 4, 17, 4, 7, 5, 9, 4, 11, 9, 13, 11, 17, 17, 17, 0, 17, 20, 18]
[2, 4, 4, 0, 4, 5, 4, 9, 7]
[2, 0, 2, 6, 6, 3, 6, 9, 7, 9, 14, 14, 14, 10]
[0, 1, 1, 5, 3, 5, 9, 9, 6, 1, 12, 13, 1, 13, 14, 15, 14]
[0, 1, 6, 6, 6, 2, 2, 9, 2, 9, 12, 10, 1, 19, 17, 17, 19, 19, 13]
[6, 6, 4, 5, 6, 0, 6, 11, 11, 11, 6, 11, 14, 12, 14, 14]
[2, 3, 7, 7, 6, 7, 0, 10, 10, 7, 10, 7, 14, 12, 17, 17, 7, 17, 21, 21, 18, 21, 22, 23, 21, 27, 21]
[4, 4, 4, 0, 4, 7, 5]
[4, 4, 4, 9, 4, 7, 5, 9, 0, 9, 9, 13, 11]
[5, 5, 5, 5, 0, 10, 10, 10, 10, 5, 12, 13, 10]
[3, 3, 0, 3, 3]
[22, 1, 2, 3, 6, 2, 8, 6, 10, 6, 10, 10, 14, 15, 10, 20, 20, 20, 20, 22, 22, 0, 24, 22, 22, 28, 28, 25]
[2, 4, 4, 0, 4, 4, 4, 9, 7, 7, 12, 10, 12, 12, 17, 17, 14]
[4, 4, 4, 0, 4, 5, 4, 9, 7, 4, 13, 13, 4, 13, 13, 17, 15]
[4, 4, 4, 0, 6, 4, 6, 10, 10, 6, 6, 11, 12, 16, 16, 4, 16, 19, 17]
[2, 6, 6, 6, 6, 0, 11, 11, 10, 11, 6, 11, 16, 15, 16, 12]
[3, 3, 8, 8, 8, 8, 8, 0, 8, 12, 12, 9, 19, 19, 19, 19, 19, 19, 8, 23, 23, 23, 19, 25, 19]
[2, 3, 0, 3, 6, 3, 6, 10, 10, 7, 6, 13, 11, 13, 16, 14, 3, 22, 20, 22, 22, 3, 22, 22, 27, 27, 24]
[2, 6, 2, 5, 2, 0, 6, 7, 8, 11, 9, 14, 14, 11]
[2, 0, 2, 2, 7, 5, 2, 7, 10, 8, 14, 14, 14, 10]
[4, 1, 1, 0, 4, 7, 4, 7, 7, 7, 10, 11, 16, 15, 16, 12, 18, 11, 18, 18, 18, 23, 21, 23, 26, 24, 18, 27, 28, 28]
[3, 3, 15, 7, 7, 7, 3, 11, 10, 11, 15, 15, 15, 15, 0]
[0, 1, 4, 1, 4, 7, 8, 5, 1, 12, 12, 1, 12, 18, 18, 18, 18, 13, 18]
[2, 4, 4, 0, 4, 8, 8, 4, 4, 12, 12, 4, 4, 15, 13]
[2, 0, 2, 2, 16, 16, 16, 7, 8, 9, 7, 13, 7, 16, 16, 4]
[2, 0, 4, 6, 6, 2, 8, 6, 8, 12, 12, 9, 12, 16, 16, 13]
[5, 5, 5, 5, 0, 9, 8, 9, 5, 9, 5, 17, 17, 17, 17, 17, 5, 17, 20, 18]
[2, 0, 2, 7, 7, 7, 2]
[0, 1, 4, 2, 4, 8, 8, 4, 8, 9, 10, 10, 14, 8]
[9, 1, 4, 2, 7, 7, 1, 9, 0, 9, 9, 13, 9, 15, 13]
[5, 5, 2, 2, 0, 7, 5, 5, 11, 11, 8, 5, 15, 15, 5, 17, 15, 17, 15, 15, 20]
[3, 3, 4, 0, 7, 7, 4, 7, 8, 15, 15, 13, 15, 15, 4, 17, 15, 19, 17, 19, 20, 23, 21, 26, 26, 4, 32, 32, 30, 32, 32, 26, 34, 32, 34, 37, 35, 40, 40, 37]
[0, 3, 1, 3, 4, 3, 8, 6, 8, 9, 10, 13, 11, 1, 16, 14, 16, 21, 21, 21, 17, 1, 26, 26, 26, 1, 28, 26, 28, 28, 30, 31, 31]
[3, 3, 11, 5, 3, 9, 8, 9, 5, 11, 0, 11, 15, 15, 12, 15, 16]
[2, 5, 5, 5, 0, 5, 10, 10, 10, 5, 10, 10]
[3, 3, 0, 5, 3, 5, 8, 6, 8, 11, 8]
[0, 1, 4, 2]
[2, 15, 2, 5, 6, 3, 6, 9, 11, 11, 7, 11, 15, 15, 0, 15, 16, 17, 20, 18]
[18, 3, 1, 6, 6, 3, 9, 9, 6, 12, 12, 15, 14, 15, 6, 17, 18, 0, 18, 22, 22, 19]
[6, 3, 1, 5, 3, 0, 6, 9, 10, 6]
[3, 3, 0, 7, 7, 7, 3]
[0, 3, 1, 3, 8, 8, 8, 4]
[3, 3, 0, 3, 3, 3, 8, 6]
[0, 3, 1, 3, 4, 5, 13, 13, 11, 11, 13, 13, 5, 5, 18, 17, 18, 14]
[4, 4, 4, 10, 4, 8, 8, 4, 10, 0]
[4, 4, 4, 0, 4, 4, 10, 9, 10, 4]
[2, 0, 2, 3, 4, 4, 4, 9, 12, 12, 12, 7]
[11, 1, 8, 5, 8, 8, 8, 2, 11, 11, 0, 13, 11, 13, 14, 13, 18, 16, 16, 19]
[2, 0, 7, 5, 7, 7, 2, 16, 16, 9, 10, 11, 16, 16, 16, 7, 16, 17]
[13, 1, 4, 2, 6, 4, 8, 6, 8, 9, 13, 13, 0, 18, 16, 18, 18, 13]
[3, 3, 0]
[2, 0, 4, 2, 8, 8, 8, 4]
[2, 0, 5, 5, 2, 8, 8, 11, 10, 8, 2]
[4, 4, 4, 12, 8, 5, 8, 4, 10, 8, 12, 0, 12, 12, 16, 14, 20, 20, 20, 16, 20, 23, 24, 25, 20, 25, 26]
[16, 3, 1, 5, 6, 3, 6, 6, 6, 11, 12, 6, 16, 16, 16, 0, 16, 19, 17, 21, 19, 23, 21, 23, 26, 24, 29, 29, 26, 29]
[6, 6, 6, 6, 6, 11, 8, 11, 11, 11, 0, 11, 14, 12]
[3, 3, 0]
[3, 3, 6, 6, 6, 0, 6, 11, 11, 11, 7, 6, 14, 6, 14, 15, 6, 20, 20, 6, 20, 23, 21]
[2, 3, 0, 5, 3, 3, 3, 9, 7, 7, 13, 13, 10, 13, 14]
[6, 4, 4, 6, 6, 0, 8, 6, 10, 11, 8]
[2, 0, 2]
[3, 3, 0, 3]
[16, 3, 1, 1, 7, 7, 16, 7, 8, 9, 12, 10, 12, 16, 16, 0, 16, 17]
[2, 0, 2, 2, 4, 4, 2, 7]
[3, 3, 0, 3, 3, 8, 8, 5, 10, 8, 10, 11, 12, 13, 12, 18, 18, 15, 18]
[0, 6, 6, 6, 6, 1, 1, 1, 8, 8, 12, 10]
[2, 6, 6, 6, 6, 0]
[2, 0, 5, 5, 7, 7, 2, 9, 7, 13, 13, 13, 7, 2, 2, 2, 19, 19, 16, 22, 22, 19, 22, 26, 26, 22]
[5, 5, 5, 5, 0, 7, 5, 5, 11, 11, 8]
[9, 3, 1, 5, 9, 9, 9, 9, 0, 9, 9, 9, 12]
[2, 5, 5, 5, 0, 5, 8, 11, 11, 11, 6, 14, 14, 11, 14, 19, 18, 19, 14]
[5, 5, 4, 5, 8, 8, 8, 0]
[5, 1, 4, 1, 0, 8, 8, 5, 8, 11, 9, 5, 5, 15, 13]
[2, 3, 0, 3, 3, 5, 9, 9, 6, 5, 14, 14, 14, 10, 17, 17, 5, 20, 20, 17, 20, 21, 20, 25, 23]
[7, 3, 7, 5, 7, 7, 0, 7, 8]
[0, 1, 2, 2]
[3, 3, 6, 5, 6, 0, 6, 9, 7]
[2, 11, 2, 7, 7, 7, 3, 9, 11, 11, 0, 11, 14, 12, 16, 11, 18, 16]
[4, 1, 1, 5, 0, 7, 5, 5, 12, 9, 9, 8, 5, 15, 13, 18, 18, 5, 21, 21, 22, 18, 22, 25, 23]
[2, 3, 0, 5, 3, 7, 5, 7, 10, 8]
[2, 0, 4, 2, 6, 4, 6, 11, 11, 11, 7]
[2, 0, 12, 12, 4, 4, 4, 9, 7, 12, 12, 2, 12, 15, 13, 15, 16]
[0, 1, 9, 9, 9, 5, 8, 5, 2, 1, 12, 1, 12, 13, 16, 14, 16, 20, 20, 17, 20]
[2, 4, 4, 0, 4, 4, 4, 9, 7, 14, 14, 14, 14, 9, 19, 19, 19, 19, 14, 19, 25, 23, 25, 25, 20, 25, 28, 26]
[4, 4, 4, 0, 4, 8, 8, 5, 11, 11, 8, 11, 12, 15, 13, 15, 16, 17, 17, 19, 24, 24, 24, 15, 24, 27, 25, 27, 28, 31, 29]
[0]
[3, 3, 4, 0, 6, 4, 9, 9, 6, 11, 9]
[0, 1, 5, 5, 2, 5, 6, 11, 11, 11, 5, 11, 15, 15, 11, 18, 18, 15, 20, 18, 20, 24, 22, 21, 24]
[2, 0, 2, 6, 6, 2, 2, 9, 2]
[0, 3, 1, 1, 4, 7, 5, 1, 10, 8, 1, 1, 1, 13, 17, 17, 13, 17, 20, 18]
[6, 5, 5, 5, 6, 12, 6, 10, 10, 7, 12, 0, 12, 13, 14, 14, 16, 19, 16, 13, 13, 21, 24, 22, 24, 27, 24]
[3, 3, 10, 5, 3, 5, 9, 9, 6, 0, 10, 13, 11, 11, 17, 17, 14, 17, 18, 19, 20, 24, 24, 11, 24, 27, 24, 27, 30, 28]
[3, 3, 0, 3, 4, 5, 5, 9, 5, 11, 5, 13, 11, 13, 16, 14]
[6, 6, 6, 6, 6, 0, 6, 13, 10, 13, 12, 13, 7, 15, 13, 17, 15, 15, 23, 21, 23, 23, 18]
[4, 3, 4, 12, 6, 4, 4, 10, 10, 7, 12, 0, 12, 13, 14, 15]
[2, 0, 2, 5, 3, 7, 5, 7, 10, 8, 5, 11, 14, 12, 14, 17, 15, 14, 18, 22, 22, 18, 22, 27, 27, 27, 22]
[2, 10, 5, 5, 2, 5, 9, 9, 5, 0, 12, 10, 14, 10, 14, 15]
[2, 3, 0, 5, 3, 5, 8, 6, 3, 13, 13, 13, 14, 3, 16, 14, 16, 17, 18]
[3, 3, 0, 6, 6, 3, 8, 6, 6, 9, 12, 10, 12, 16, 16, 13]
[0, 6, 6, 6, 6, 1, 1, 10, 10, 7]
[2, 0, 4, 5, 2, 2, 6, 10, 10, 7, 10, 11, 14, 12, 14, 17, 14]
[7, 3, 7, 3, 3, 7, 0, 7, 8, 11, 9]
[2, 0, 4, 2, 8, 8, 8, 4, 8, 13, 13, 13, 9, 19, 18, 18, 18, 19, 2, 21, 19, 21, 21]
[5, 5, 5, 5, 0, 8, 8, 5, 10, 8, 15, 15, 15, 15, 5, 15, 16, 15, 20, 18, 23, 23, 18, 23]
[0]
[4, 4, 4, 0, 10, 9, 8, 9, 10, 4, 12, 15, 15, 15, 10, 15]
[4, 4, 4, 10, 4, 9, 9, 9, 4, 0, 13, 13, 10]
[4, 4, 4, 0, 4, 4]
[2, 0, 2, 2, 2, 7, 2, 7, 8, 13, 13, 13, 2, 15, 19, 15, 19, 19, 13]
[3, 3, 7, 3, 6, 4, 0, 11, 11, 11, 7, 11, 15, 15, 11]
[2, 0, 2, 5, 3]
[2, 6, 6, 6, 6, 0, 6, 11, 11, 11, 7, 14, 14, 6, 14, 15, 16, 19, 17]
[3, 3, 0, 8, 8, 8, 8, 3]
[2, 0, 2, 2]
[3, 3, 0, 6, 6, 3, 3, 9, 3, 9, 10, 16, 12, 15, 16, 11, 9, 9, 20, 18, 20, 21, 21]
[3, 3, 5, 5, 0, 7, 5, 9, 7, 7, 12, 10, 14, 12, 14, 14]
[7, 7, 2, 5, 2, 2, 19, 7, 10, 8, 10, 14, 14, 11, 19, 19, 18, 19, 0]
[2, 0, 2, 5, 3]
[15, 15, 7, 7, 7, 7, 15, 10, 10, 7, 10, 15, 15, 15, 0]
[3, 3, 0, 6, 6, 3]
[3, 3, 18, 3, 3, 8, 8, 3, 8, 12, 12, 9, 15, 15, 12, 18, 18, 0, 18, 22, 22, 18]
[19, 3, 4, 1, 4, 8, 8, 5, 8, 11, 9, 19, 19, 19, 19, 19, 18, 19, 0]
[2, 6, 6, 6, 6, 0]
[4, 4, 4, 12, 7, 7, 4, 12, 12, 12, 12, 0, 12, 12]
[2, 0, 2, 2, 7, 7, 2]
[4, 4, 4, 0, 6, 4, 6, 6, 10, 8]
[0, 3, 4, 1, 6, 4, 6, 10, 10, 4, 12, 10, 1, 19, 19, 19, 19, 19, 1, 19, 23, 21, 20]
[2, 0, 2, 3]
[0, 1, 1, 3, 3, 7, 5, 9, 1, 12, 12, 9, 12, 12, 12, 18, 18, 15, 20, 18, 20, 23, 21, 25, 9, 27, 28, 30, 30, 25, 33, 33, 30]
[2, 3, 0, 3, 6, 3, 11, 11, 11, 11, 3]
[4, 4, 4, 5, 0, 7, 5, 9, 7, 9, 9, 9, 9]
[3, 3, 8, 5, 3, 5, 5, 0, 10, 8, 12, 8, 12, 12, 17, 17, 14]
[2, 3, 0, 6, 6, 3, 9, 9, 6]
[3, 3, 22, 7, 7, 7, 3, 7, 7, 9, 15, 15, 15, 15, 10, 18, 18, 15, 18, 21, 19, 0, 27, 27, 27, 27, 22, 27, 33, 33, 33, 33, 28]
[2, 3, 0, 6, 6, 3, 3, 9, 3, 9, 14, 13, 14, 10, 14, 20, 20, 20, 20, 15, 3, 24, 24, 3, 27, 27, 24, 27]
[3, 3, 6, 6, 6, 0, 8, 14, 8, 11, 8, 14, 14, 6, 16, 14, 18, 21, 21, 21, 16]
[5, 4, 4, 5, 0, 5, 5, 10, 10, 23, 12, 10, 10, 15, 13, 10, 10, 17, 21, 21, 18, 23, 5, 25, 23, 25, 26, 29, 25, 31, 29, 5]
[3, 3, 0, 3, 6, 3, 6, 9, 7, 11, 13, 13, 9, 3]
[4, 4, 4, 0, 4, 9, 9, 9, 11, 11, 5, 15, 15, 15, 4, 15, 15, 19, 17, 4, 26, 26, 26, 26, 26, 4]
[2, 6, 6, 6, 6, 0, 6, 7, 8, 9, 6, 11, 15, 15, 12, 17, 15, 15, 18, 19, 19, 19, 26, 26, 26, 15, 29, 29, 26, 29, 30, 29, 29, 35, 33, 35, 39, 39, 35]
[2, 0, 4, 2, 4, 5, 8, 6, 12, 12, 12, 8, 14, 12, 14, 15, 18, 16]
[4, 3, 4, 0, 6, 4, 8, 6, 10, 6, 17, 17, 17, 15, 17, 17, 10]
[3, 3, 32, 3, 17, 7, 17, 10, 10, 7, 15, 15, 12, 12, 10, 17, 4, 20, 20, 17, 20, 24, 24, 20, 24, 27, 25, 29, 32, 29, 30, 0, 32, 35, 33]
[5, 5, 5, 5, 0, 7, 5, 7, 11, 11, 8, 7, 14, 12, 14, 15, 16, 19, 17]
[0, 1, 2, 1, 8, 7, 8, 1]
[4, 4, 4, 0, 11, 8, 8, 11, 11, 11, 4]
[2, 3, 0, 3, 3, 5, 5, 7, 3, 3]
[2, 3, 0, 5, 3, 5, 6, 3, 10, 11, 3, 13, 11]
[3, 3, 0, 3, 7, 7, 4, 9, 7, 7, 12, 7]
[13, 1, 1, 12, 6, 4, 9, 9, 6, 12, 12, 1, 0, 17, 17, 17, 13, 17, 23, 23, 20, 21, 17]
[0, 3, 1, 1, 8, 7, 8, 4, 1, 1, 10, 10, 10]
[3, 3, 7, 3, 7, 7, 15, 7, 15, 9, 13, 13, 10, 15, 0, 18, 18, 15, 21, 21, 18, 21, 27, 27, 27, 27, 22]
[0, 1, 2, 9, 6, 9, 6, 9, 3, 12, 12, 9, 17, 16, 16, 17, 12, 12, 21, 21, 12, 24, 24, 21]
[3, 3, 0, 3, 3, 3, 6, 10, 10, 7, 3, 14, 14, 17, 17, 17, 3]
[0, 1, 2, 1, 1, 7, 5, 9, 7, 11, 9]
[2, 4, 4, 0, 4, 8, 8, 4, 8, 9, 10, 4, 19, 15, 19, 15, 15, 19, 4, 19]
[4, 4, 4, 0]
[2, 10, 4, 5, 2, 10, 10, 10, 10, 0, 10, 14, 12, 11, 18, 18, 18, 14, 20, 18]
[2, 3, 8, 3, 7, 7, 3, 0, 11, 11, 8, 11, 12, 11]
[2, 0, 2, 3, 3, 2, 2, 7, 7, 11, 9]
[14, 4, 4, 1, 4, 9, 6, 6, 4, 11, 14, 14, 14, 0, 18, 17, 18, 14, 18, 23, 23, 23, 18]
[2, 0, 2, 2, 6, 4, 8, 2, 10, 8, 12, 13, 15, 15, 8, 8, 18, 8, 18, 19, 22, 23, 19]
[2, 0, 2, 3, 6, 4, 9, 9, 6, 9, 13, 13, 10, 9, 14, 15]
[3, 3, 0, 3, 3, 5, 8, 6, 8, 12, 12, 9, 5, 5, 14, 17, 15, 3, 21, 21, 3, 23, 24, 21, 24, 27, 25]
[5, 5, 5, 5, 8, 8, 8, 0, 8, 8]
[3, 3, 0, 8, 8, 8, 8, 3, 13, 12, 12, 13, 8, 13, 17, 17, 13]
[4, 4, 4, 0, 6, 4, 8, 6, 8, 11, 9, 14, 14, 8]
[9, 3, 1, 9, 7, 7, 4, 9, 0, 9, 12, 10, 9, 9, 17, 17, 14, 17, 18, 9]
[7, 4, 4, 5, 1, 7, 0, 7, 10, 11, 7, 11, 15, 15, 12]
[5, 4, 4, 5, 15, 7, 5, 7, 7, 9, 12, 10, 15, 15, 0, 15, 18, 16, 20, 18, 22, 15, 22]
[6, 6, 6, 6, 6, 0, 6, 9, 7, 11, 6, 11, 14, 11, 17, 17, 19, 19, 14]
[0, 3, 1, 5, 3, 5, 5, 14, 10, 14, 14, 13, 14, 3]
[12, 6, 6, 6, 6, 1, 12, 12, 12, 11, 12, 0, 15, 15, 12, 15, 18, 15]
[2, 0, 2, 7, 7, 7, 3]
[4, 3, 4, 12, 4, 9, 9, 9, 5, 12, 12, 0, 14, 12, 18, 18, 18, 14]
[0]
[2, 0, 5, 5, 2, 5, 11, 9, 11, 11, 5, 13, 11, 5, 18, 18, 18, 14]
[3, 3, 0, 3, 7, 7, 4]
[0, 1, 2, 2, 4, 7, 5, 7, 8]
[4, 3, 1, 0, 4, 5, 4, 4, 8]
[6, 6, 4, 6, 6, 0, 6, 7, 8]
[2, 9, 2, 5, 3, 5, 6, 7, 0, 12, 12, 9, 14, 16, 16, 12, 12, 20, 20, 17]
[2, 5, 5, 5, 0]
[2, 0]
[4, 4, 4, 0, 6, 4, 6, 6, 6, 12, 12, 9]
[3, 3, 0, 7, 7, 7, 3, 9, 7]
[5, 5, 5, 5, 0, 8, 8, 5, 5, 17, 17, 13, 11, 15, 17, 17, 5, 19, 17, 22, 22, 19]
[5, 5, 4, 2, 0, 5]
[7, 7, 7, 7, 7, 7, 0, 7]
[4, 4, 4, 0, 4, 8, 8, 5, 11, 11, 4, 11, 14, 12, 16, 14, 18, 16, 16, 16, 20, 21, 24, 20, 24, 25, 26, 29, 27]
[2, 8, 2, 5, 2, 8, 8, 0, 8, 8, 13, 13, 10, 13, 16, 14, 16]
[2, 0, 2, 3, 6, 2, 6, 6, 10, 8, 10]
[3, 3, 0, 3, 6, 4, 6, 9, 11, 11, 3, 11, 12, 15, 12, 15, 18, 15, 20, 18, 22, 20, 25, 25, 15, 27, 25, 27]
[2, 0, 4, 2, 2, 2, 2, 10, 10, 2, 15, 15, 14, 15, 10, 19, 19, 19, 15]
[2, 6, 2, 2, 6, 0, 6]
[3, 3, 13, 3, 6, 4, 6, 9, 7, 13, 13, 13, 0, 13]
[2, 11, 2, 5, 3, 5, 5, 9, 5, 11, 0, 11, 14, 12]
[3, 3, 0, 3, 3, 8, 8, 5, 3, 9, 12, 10, 12, 15, 13]
[5, 5, 4, 5, 0, 7, 5, 5, 10, 12, 12, 8]
[2, 3, 0, 5, 3, 7, 5, 5, 10, 12, 12, 8, 5, 19, 17, 17, 14, 19, 5, 19, 19, 21, 24, 22, 26, 24]
[2, 8, 2, 5, 3, 5, 5, 0, 8, 11, 8, 11, 12, 16, 16, 13, 16, 19, 17, 19, 20, 21, 21, 21, 21]
[2, 4, 4, 0, 4, 4, 8, 6, 10, 8, 10, 10]
[3, 3, 0, 3, 6, 4, 3, 9, 7, 13, 12, 13, 9, 13, 14, 15, 21, 17, 21, 21, 16, 13, 26, 26, 26, 13, 26, 31, 30, 31, 27, 34, 34, 31]
[4, 4, 4, 0, 4, 11, 9, 9, 11, 11, 5]
[7, 1, 4, 2, 7, 7, 0, 7, 10, 7, 13, 13, 10, 17, 17, 17, 13, 17, 18]
[0, 3, 1, 3, 6, 4, 10, 10, 10, 1, 10, 13, 11, 13, 17, 17, 14]
[8, 3, 1, 3, 7, 7, 4, 0, 10, 11, 8]
[6, 6, 2, 6, 6, 0, 8, 6]
[6, 3, 1, 6, 6, 0, 9, 9, 6, 6, 12, 10]
[2, 0, 4, 2, 8, 8, 8, 4, 2, 12, 12, 9, 18, 18, 18, 18, 18, 2, 18, 19, 20, 25, 25, 25, 21]
[3, 3, 10, 3, 6, 4, 10, 10, 10, 0, 10, 10, 10, 15, 10]
[3, 3, 0, 8, 6, 8, 8, 3, 10, 8, 3, 15, 15, 15, 3, 3]
[6, 1, 2, 6, 6, 0, 6, 7, 13, 13, 13, 13, 6, 13, 16, 14, 18, 13, 21, 21, 18, 21, 21, 21, 26, 24]
[4, 4, 4, 0, 4, 5, 6, 12, 12, 9, 9, 7, 4, 4, 4, 15, 16, 21, 20, 21, 17]
[3, 3, 9, 3, 4, 9, 9, 9, 0, 9, 12, 13, 9, 9, 14, 17, 15, 17, 18]
[2, 5, 2, 3, 0, 7, 5, 7, 12, 11, 12, 8]
[2, 5, 5, 5, 0]
[3, 3, 5, 5, 0, 9, 9, 9, 5, 9, 12, 10, 9, 16, 16, 13]
[2, 0, 2, 2, 2, 10, 8, 10, 10, 5, 13, 13, 10]
[3, 3, 0, 5, 3, 7, 5, 7, 8, 7, 13, 13, 7, 13, 14, 3, 20, 20, 20, 3, 22, 20, 22, 22, 27, 27, 22, 30, 30, 27]
[6, 1, 1, 3, 4, 0, 8, 6, 8, 11, 9, 6, 14, 6, 16, 17, 14]
[7, 7, 7, 6, 6, 7, 0]
[10, 4, 4, 1, 4, 10, 10, 10, 10, 0]
[2, 5, 4, 2, 0, 8, 8, 5, 8, 8]
[5, 5, 5, 5, 0, 8, 8, 5, 8, 8, 12, 10, 5]
[4, 4, 4, 0, 4, 7, 5, 7]
[2, 4, 4, 0, 6, 4, 4, 10, 10, 4, 10, 14, 14, 10, 16, 14]
[5, 5, 5, 5, 7, 7, 0, 11, 11, 11, 7, 11, 14, 12, 11, 11, 16, 20, 20, 17]
[3, 3, 8, 8, 8, 8, 8, 0, 10, 8, 22, 11, 14, 12, 17, 17, 14, 22, 20, 22, 22, 10]
[2, 3, 0, 5, 7, 7, 3]
[9, 9, 5, 5, 2, 5, 8, 6, 0, 11, 9, 13, 14, 11, 14, 15, 15]
[6, 6, 6, 3, 3, 8, 8, 0]
[2, 0, 2, 5, 3, 2, 6, 7, 12, 12, 12, 8, 7, 7, 24, 24, 18, 24, 18, 19, 24, 24, 24, 14]
[3, 3, 7, 7, 7, 7, 0, 10, 10, 7, 10, 13, 11, 11, 11, 17, 11, 17, 20, 17, 20, 21]
[3, 3, 0, 3, 3, 8, 8, 5, 15, 13, 13, 13, 15, 15, 3]
[3, 3, 0, 5, 3]
[2, 0, 5, 5, 2, 7, 5, 7, 8, 9, 12, 10, 14, 12, 14, 14]
[4, 4, 2, 0, 6, 4, 4, 11, 10, 11, 7, 11]
[2, 0, 4, 2, 4, 4]
[2, 0, 5, 5, 2, 5, 10, 10, 10, 5, 2, 14, 14, 15, 2, 15, 15, 15, 18, 22, 22, 19]
[2, 0, 4, 2, 4, 10, 6, 6, 6, 5, 2, 15, 14, 12, 2, 15]
[2, 4, 4, 0, 4, 7, 5, 7, 10, 8, 10, 11]
[2, 0, 2, 3, 4, 9, 9, 9, 5]
[0, 5, 5, 5, 1, 7, 5, 10, 10, 7, 13, 13, 17, 13, 16, 14, 10, 17, 18, 19]
[9, 4, 4, 1, 7, 7, 9, 9, 0]
[5, 5, 5, 5, 0, 8, 8, 5, 8, 11, 9]
[7, 1, 2, 5, 3, 7, 0, 10, 10, 7, 7, 11, 14, 12, 16, 14, 16]
[7, 7, 7, 7, 7, 7, 0, 7, 8, 11, 9]
[3, 3, 0, 3, 4]
[2, 0, 2, 5, 9, 9, 9, 9, 3, 2, 13, 11, 2, 13, 13]
[4, 4, 4, 0, 6, 4, 9, 9, 6, 9, 12, 10, 12, 12, 14, 4, 18, 4, 21, 21, 18, 18, 22, 25, 23, 27, 25, 27]
[2, 0, 8, 7, 7, 7, 8, 2, 11, 11, 8, 11, 12]
[10, 1, 5, 5, 2, 5, 6, 10, 10, 0, 10, 13, 11, 15, 10, 17, 15, 17, 20, 18, 24, 24, 24, 20, 27, 27, 24]
[2, 6, 6, 6, 6, 0, 9, 9, 6, 9]
[5, 5, 5, 5, 0, 5, 9, 9, 5]
[6, 3, 6, 6, 6, 0, 6, 9, 7, 9, 12, 13, 10, 16, 16, 13]
[2, 0, 2, 3, 3, 5]
[3, 3, 0, 5, 3, 12, 8, 12, 8, 9, 12, 5, 3]
[3, 3, 11, 3, 7, 7, 4, 9, 11, 11, 0, 15, 15, 15, 18, 18, 18, 11, 18, 21, 19]
[3, 3, 0, 3, 7, 7, 4, 7, 7]
[2, 0, 4, 2, 2, 2, 6, 9, 7]
[0, 1, 1, 1, 1, 7, 1, 1]
[4, 4, 4, 0, 4, 7, 5, 9, 4, 11, 9, 9, 9]
[0, 3, 1, 1, 1, 7, 5]
[2, 7, 7, 7, 7, 7, 0, 7, 10, 11, 7, 11, 18, 15, 18, 18, 18, 11, 18, 19, 19, 23, 21, 23, 24, 25, 26, 27]
[2, 0, 4, 2, 4, 8, 8, 9, 5, 11, 9, 11, 14, 12, 14, 17, 15, 17, 21, 21, 17, 23, 17, 23]
[0, 1, 1, 3, 3, 5, 9, 9, 1, 11, 9, 9, 12, 9]
[25, 3, 1, 3, 6, 3, 6, 9, 7, 11, 9, 15, 15, 15, 3, 15, 18, 15, 18, 18, 20, 23, 25, 25, 0, 27, 25]
[2, 17, 2, 3, 7, 7, 4, 7, 7, 13, 10, 13, 9, 17, 17, 17, 0, 19, 17, 19, 22, 20]
[6, 3, 1, 5, 6, 0, 6, 7, 10, 7, 6, 14, 14, 11, 14, 19, 16, 17, 15, 6, 20, 24, 24, 21, 24, 27, 25]
[0, 1, 8, 3, 7, 7, 3, 2]
[7, 7, 4, 5, 6, 7, 0, 12, 12, 12, 12, 7, 12, 13, 14, 18, 18, 14]
[8, 8, 8, 8, 4, 4, 8, 0, 8, 12, 12, 8, 12, 15, 16, 13]
[3, 3, 0, 3, 6, 4, 6, 9, 7, 12, 12, 3, 12, 13, 17, 17, 14, 17, 20, 21, 22, 18]
[2, 7, 7, 7, 7, 7, 0, 7, 12, 12, 12, 8, 12, 15, 13, 20, 16, 20, 20, 15, 20, 20, 22, 25, 23, 25, 26, 27, 32, 32, 32, 27]
[7, 1, 4, 1, 6, 1, 0, 9, 7, 11, 9, 11, 15, 15, 12, 15, 16, 16, 22, 22, 22, 18, 29, 26, 26, 29, 26, 29, 22, 31, 29]
[2, 5, 5, 5, 0, 5, 8, 6, 5, 11, 5, 13, 11, 17, 17, 17, 13, 17, 21, 21, 17]
[2, 3, 0, 5, 3, 7, 10, 10, 8, 12, 12, 5, 14, 12, 14, 19, 19, 19, 15]
[6, 6, 2, 2, 6, 0, 6, 11, 11, 11, 7, 11, 12]
[3, 3, 8, 3, 4, 8, 8, 0, 8, 9]
[3, 3, 0, 3, 3, 9, 9, 9, 5]
[4, 4, 4, 23, 6, 4, 9, 9, 6, 11, 6, 13, 11, 13, 20, 20, 16, 16, 20, 13, 23, 23, 0, 23]
[2, 5, 5, 5, 0, 5, 5, 7, 5, 11, 12, 5, 12, 15, 12, 15, 16, 17, 17]
[5, 1, 2, 5, 0, 5, 5, 9, 7]
[10, 4, 4, 1, 4, 4, 10, 10, 10, 0, 12, 10, 12, 15, 13, 10]
[2, 0, 2, 5, 2, 7, 5, 10, 10, 7, 10, 11]
[5, 5, 5, 5, 0, 5, 5, 9, 7, 9, 13, 13, 10, 13, 13]
[2, 0, 2, 2, 6, 2, 6]
[2, 6, 6, 6, 6, 0, 6, 9, 10, 6, 12, 10, 12, 15, 13]
[2, 0, 5, 5, 2, 5, 11, 11, 10, 11, 5, 13, 16, 16, 16, 11, 11, 17]
[2, 0, 5, 5, 2, 2, 8, 6, 11, 11, 8, 11]
[2, 6, 2, 3, 6, 0, 6, 9, 11, 11, 7, 11, 12, 11, 16, 18, 18, 11, 20, 18]
[0, 3, 5, 5, 1]
[0, 4, 4, 1, 4, 5, 6, 9, 6, 9, 4, 13, 17, 13, 16, 14, 4, 17, 20, 18, 20, 20, 24, 22]
[4, 4, 4, 0, 6, 9, 6, 7, 11, 11, 4, 14, 14, 11, 11, 17, 11, 20, 20, 17, 20, 23, 20]
[2, 0, 4, 2, 2, 14, 14, 7, 7, 11, 14, 14, 14, 5]
[4, 4, 4, 8, 8, 8, 8, 0, 8, 12, 12, 9, 14, 12, 14, 17, 15, 20, 20, 14, 20, 21, 22, 27, 27, 27, 20, 27, 30, 28, 32, 30, 35, 35, 32]
[0, 1, 4, 2, 1, 1, 6, 6, 13, 13, 13, 13, 8, 15, 13, 15, 21, 21, 20, 21, 15]
[3, 3, 5, 5, 0, 7, 5, 7, 8, 9, 9, 5]
[0, 1, 1, 3, 6, 4, 6, 9, 7, 17, 12, 13, 17, 17, 17, 17, 6, 17, 20, 18]
[0, 1, 1, 1, 8, 8, 8, 4, 8, 13, 10, 10, 9]
[2, 6, 6, 6, 6, 0, 6, 9, 7, 9, 10, 9, 12, 16, 16, 13]
[0, 1, 5, 5, 2]
[2, 0, 4, 2, 4, 7, 4, 7, 8]
[4, 4, 4, 0, 4, 4, 10, 10, 10, 4, 10, 13, 11]
[2, 3, 0, 5, 3, 10, 8, 10, 10, 5]
[5, 3, 5, 5, 8, 8, 8, 0, 11, 11, 8, 8, 8, 13, 14, 17, 15, 14, 20, 18, 20, 24, 24, 21, 28, 25, 28, 20]
[2, 0, 8, 8, 7, 7, 8, 2, 11, 11, 8, 11, 14, 12, 14, 17, 15]
[2, 0, 2]
[3, 3, 0, 5, 3, 9, 8, 9, 5, 9, 12, 10]
[4, 3, 4, 0, 10, 10, 10, 10, 10, 4]
[5, 5, 5, 5, 8, 8, 8, 0, 8, 11, 9, 11, 12, 13, 16, 13]
[6, 1, 2, 3, 6, 0, 6, 7, 10, 7, 12, 7, 12, 12, 12, 15, 18, 16, 18, 21, 19, 21, 22, 18, 27, 27, 24]
[3, 3, 0, 3, 6, 7, 4, 3, 11, 11, 8, 11, 12, 15, 13, 15, 20, 20, 20, 16, 22, 20, 22, 22, 26, 24]
[3, 3, 0, 3, 6, 4, 4, 4, 8, 9, 12, 10, 4, 16, 16, 4, 16, 16]
[4, 4, 2, 12, 4, 5, 12, 12, 12, 12, 12, 0]
[2, 4, 4, 0, 4, 5, 5]
[2, 0, 11, 3, 9, 8, 8, 9, 11, 11, 2, 11, 15, 15, 12, 17, 11, 17]
[4, 3, 4, 6, 6, 0, 8, 6, 6, 12, 12, 6, 12, 15, 13]
[2, 0]
[4, 4, 4, 0]
[2, 0, 4, 2, 6, 4, 6, 7, 8, 17, 17, 13, 17, 13, 16, 14, 4, 19, 17]
[2, 0, 2, 3, 7, 7, 4]
[0, 1, 2]
[4, 4, 4, 0]
[2, 7, 2, 5, 2, 7, 0, 10, 10, 13, 13, 13, 7, 13, 16, 13, 18, 16, 18, 18, 23, 23, 20]
[2, 0, 2, 5, 2, 12, 12, 12, 12, 12, 12, 5, 17, 17, 17, 17, 2, 19, 17, 22, 22, 19, 26, 26, 26, 19, 26, 26, 31, 31, 28]
[2, 3, 0, 6, 6, 3, 3, 10, 10, 13, 13, 13, 3, 13, 16, 13, 16]
[3, 3, 0, 5, 7, 7, 3, 3, 12, 12, 12, 3, 14, 12]
[5, 5, 5, 5, 0, 5, 10, 10, 10, 5]
[2, 6, 6, 5, 6, 0, 6, 9, 7, 9, 12, 10, 12, 15, 13, 15, 16, 17, 20, 18]
[6, 1, 2, 6, 6, 0]
[4, 4, 4, 6, 6, 0, 11, 11, 11, 11, 6]
[2, 5, 5, 5, 0, 5, 8, 6]
[0, 1, 1, 6, 6, 1, 10, 7, 8, 1, 10, 11]
[0, 1, 6, 6, 6, 2]
[3, 3, 0, 3, 4, 7, 3, 9, 7, 12, 12, 7]
[0, 1, 1, 1, 4, 5, 5, 7, 8]
[3, 3, 0, 3, 7, 7, 4, 7, 11, 11, 7]
[2, 4, 4, 0, 7, 7, 4, 7, 14, 9, 9, 14, 14, 8, 14]
[3, 3, 0, 3, 4, 3, 8, 3, 8, 3]
[2, 0]
[3, 3, 7, 7, 6, 7, 0, 7, 13, 13, 13, 13, 14, 7, 14, 14, 14, 19, 17, 21, 19, 24, 24, 25, 21, 25, 29, 29, 26]
[3, 3, 11, 3, 7, 7, 4, 7, 10, 7, 0, 11, 14, 11, 16, 14, 16]
[3, 3, 31, 6, 6, 3, 3, 3, 8, 12, 12, 9, 12, 15, 13, 17, 18, 15, 18, 21, 19, 21, 24, 21, 31, 31, 28, 31, 30, 31, 0]
[3, 3, 0, 5, 3, 17, 8, 10, 10, 17, 14, 11, 12, 10, 10, 17, 5]
[0, 1, 8, 8, 4, 4, 8, 2, 10, 8, 12, 10, 1]
[16, 3, 1, 3, 4, 7, 5, 5, 12, 12, 12, 8, 15, 15, 16, 0, 19, 19, 16, 22, 22, 19, 22, 23, 22, 25, 26, 29, 27]
[3, 3, 0, 7, 6, 7, 3, 9, 7, 12, 12, 9, 3, 15, 20, 15, 18, 16, 20, 3, 20, 23, 21]
[0, 1]
[2, 5, 5, 5, 0, 5, 8, 11, 11, 11, 5, 11, 11, 5, 16, 5, 22, 19, 22, 22, 22, 26, 26, 26, 26, 16, 26, 27]
[4, 4, 4, 0, 6, 4, 8, 9, 6, 9, 10, 11, 12, 13, 14, 13]
[2, 4, 4, 0, 4, 7, 5, 7, 10, 8, 10, 10, 10, 15, 10, 17, 15]
[3, 3, 7, 5, 6, 3, 0, 7, 7]
[0]
[2, 0, 4, 2, 4, 5, 10, 10, 10, 4, 13, 13, 10, 13, 13]
[3, 3, 0, 3, 3, 7, 5, 3, 8, 11, 9]
[2, 0, 9, 3, 9, 5, 5, 9, 2, 9, 12, 10, 12, 12]
[2, 0, 2, 2, 2, 5, 5, 11, 10, 11, 7]
[6, 6, 6, 6, 6, 16, 6, 10, 10, 6, 13, 13, 10, 16, 16, 0, 19, 19, 16, 21, 19, 23, 21, 27, 27, 27, 21, 27, 27, 27]
[0, 1, 1, 5, 3, 8, 8, 5, 10, 8, 12, 10, 12, 13, 16, 14, 12, 20, 20, 17]
[0, 1, 1, 3]
[2, 4, 4, 0, 6, 4, 9, 9, 10, 4, 12, 10, 14, 10]
[2, 3, 0, 3, 6, 4, 6, 3, 8]
[2, 0, 6, 6, 6, 2, 6, 10, 10, 7, 12, 10, 12]
[2, 0, 2, 2]
[2, 4, 4, 0, 4, 7, 5, 10, 10, 5, 16, 14, 14, 16, 16, 10, 16, 19, 17]
[3, 3, 0, 3, 6, 4, 10, 10, 10, 6, 14, 14, 14, 10, 3]
[0]
[2, 0, 2, 3, 4, 4, 4, 9, 7, 9, 10, 15, 15, 15, 9, 19, 19, 19, 15]
[11, 3, 4, 11, 4, 7, 5, 9, 11, 11, 0, 13, 11, 18, 18, 18, 18, 11, 20, 18, 20, 21, 22, 25, 23]
[4, 4, 4, 8, 8, 8, 8, 0, 10, 8, 10, 13, 11]
[2, 10, 2, 3, 4, 5, 10, 10, 10, 0, 12, 10, 15, 13, 12, 15, 16, 21, 21, 21, 17, 21, 27, 25, 27, 27, 22, 27, 28, 31, 29, 31, 31, 35, 33]
[3, 3, 0, 5, 3, 5, 5, 10, 10, 5, 12, 10, 12, 15, 13, 17, 15, 17, 18, 21, 19]
[3, 3, 0, 6, 6, 3, 8, 6, 10, 8, 10, 14, 14, 11, 14, 14, 14, 17]
[2, 0, 2, 6, 6, 2, 6, 6, 8, 11, 6, 11, 14, 11, 16, 21, 21, 21, 20, 21, 6, 21, 25, 25, 22]
[2, 6, 6, 5, 6, 0, 6, 11, 11, 11, 6, 14, 14, 11, 14, 14, 18, 16, 18, 19, 22, 20, 25, 25, 22, 18, 28, 29, 18]
[13, 1, 2, 2, 2, 9, 9, 9, 5, 13, 13, 13, 0, 15, 13, 13, 13, 17, 21, 21, 18]
[3, 3, 0, 3, 6, 4, 6, 9, 7, 6, 12, 10]
[2, 8, 7, 7, 7, 7, 2, 0, 10, 8, 12, 10]
[0, 3, 1, 5, 3, 5, 8, 6, 3, 9, 14, 14, 14, 10, 14, 17, 15, 17, 21, 21, 18]
[5, 5, 5, 5, 15, 5, 9, 9, 6, 9, 12, 10, 15, 15, 0, 15, 15, 19, 17]
[3, 3, 11, 5, 3, 5, 9, 9, 6, 11, 0, 13, 11, 17, 17, 17, 13, 11, 11, 24, 24, 24, 24, 19, 24, 24, 24, 29, 27, 29, 32, 30, 24, 35, 33]
[2, 0, 2, 5, 6, 2, 6, 9, 6, 2, 13, 13, 10]
[0, 1, 2]
[3, 3, 0, 3, 3, 7, 5, 7, 10, 8, 3, 14, 14, 3, 17, 17, 14]
[5, 3, 5, 5, 13, 5, 11, 11, 8, 11, 6, 13, 0, 16, 16, 13, 16, 19, 17, 21, 16, 23, 21, 23]
[0, 5, 5, 5, 1, 5, 5]
[2, 0, 5, 5, 2, 2, 2, 7, 2, 11, 2, 11, 11, 15, 13]
[3, 3, 0, 3, 7, 7, 3, 9, 7, 9]
[2, 3, 0, 6, 6, 8, 8, 3, 8, 9, 10, 11, 12, 12, 17, 17, 10, 17, 17]
[0]
[3, 3, 6, 6, 6, 0, 6, 9, 7, 11, 9, 14, 14, 11]
[2, 7, 2, 6, 6, 2, 0]
[3, 3, 0, 3, 4, 8, 8, 3, 13, 13, 13, 13, 8]
[2, 0, 2, 5, 3, 7, 3, 7, 8, 9, 13, 13, 10, 13, 18, 18, 18, 13]
[2, 0, 5, 5, 6, 2, 6, 9, 11, 11, 7, 7, 7, 13, 16, 18, 18, 14]
[0, 3, 1]
[2, 3, 0, 3, 3, 8, 8, 5, 11, 11, 8]
[2, 6, 2, 5, 2, 0, 6, 6, 8, 11, 9]
[2, 7, 7, 7, 7, 7, 0, 7, 10, 8, 7, 14, 14, 7, 16, 14, 16, 19, 17, 16, 22, 20]
[6, 6, 6, 6, 6, 0, 6, 7, 8, 11, 8, 13, 11, 13, 17, 17, 14, 17, 22, 19, 19, 18, 29, 29, 29, 27, 29, 29, 17, 31, 29, 34, 34, 31]
[2, 8, 2, 5, 3, 8, 8, 0, 8, 11, 9, 11, 16, 16, 16, 12, 8, 8, 8, 19, 22, 20, 22, 22, 26, 24]
[4, 3, 4, 0, 4, 7, 5, 12, 12, 12, 12, 4, 14, 12, 14, 17, 15, 19, 17, 19]
[10, 4, 4, 1, 1, 1, 8, 6, 10, 0, 12, 10, 12, 13, 14, 15, 20, 17, 17, 16, 20]
[5, 3, 5, 5, 8, 8, 8, 0]
[3, 3, 0, 5, 8, 8, 8, 3]
[4, 1, 4, 0, 6, 4, 6, 7, 10, 12, 12, 4, 4, 4, 14, 14, 20, 19, 20, 16, 22, 20, 24, 25, 22]
[3, 3, 0, 3, 6, 4, 3, 9, 3, 11, 24, 11, 14, 12, 14, 24, 19, 19, 16, 19, 22, 20, 22, 3, 26, 24, 26]
[6, 4, 4, 1, 6, 0, 8, 6, 8, 12, 12, 9, 8, 16, 16, 13, 16, 19, 17, 19, 23, 23, 20, 23, 23]
[2, 4, 2, 0, 4, 8, 8, 4, 10, 13, 10, 13, 8, 15, 13, 15, 18, 15]
[4, 4, 2, 15, 4, 4, 8, 6, 4, 11, 9, 15, 15, 15, 0, 15, 16, 17, 20, 18]
[3, 3, 12, 5, 3, 5, 10, 10, 10, 6, 12, 0, 12, 15, 13, 15, 15, 17]
[2, 0, 2, 5, 3, 7, 2, 7, 8, 11, 9, 13, 11, 15, 13, 19, 19, 19, 15, 19, 23, 23, 20, 19, 27, 27, 24]
[0, 3, 1, 3, 7, 7, 4, 10, 10, 11, 1, 11, 14, 12, 14, 17, 15, 20, 20, 17]
[4, 1, 1, 0, 7, 7, 4, 10, 10, 4, 10, 15, 15, 15, 11]
[0]
[17, 4, 4, 17, 13, 5, 10, 10, 8, 13, 13, 13, 4, 17, 16, 17, 0, 17, 20, 21, 17, 17, 25, 25, 22, 25, 25, 27]
[4, 4, 4, 0, 4, 9, 9, 9, 5, 4, 12, 15, 12, 12, 4, 4]
[3, 3, 0, 3]
[0, 1, 2, 3, 4, 1, 9, 9, 10, 1, 10]
[4, 4, 4, 7, 7, 7, 0, 7, 7, 7, 7]
[2, 0, 7, 7, 4, 7, 2]
[2, 0, 2, 5, 3, 5, 5, 2, 8]
[2, 3, 0, 5, 3, 5, 6, 6]
[0, 3, 1, 5, 3]
[4, 3, 1, 0, 6, 4, 8, 4, 4, 9, 4, 14, 14, 11, 14, 17, 18, 21, 21, 21, 14]
[7, 3, 7, 7, 7, 7, 12, 12, 10, 12, 12, 0, 17, 17, 16, 17, 12, 17, 20, 17]
[6, 6, 6, 6, 6, 0, 6, 12, 11, 11, 12, 7, 12, 13, 16, 14, 12, 17, 18, 19, 23, 23, 20, 23, 27, 27, 23]
[2, 9, 2, 8, 8, 8, 8, 3, 0, 9, 12, 10, 9, 22, 17, 17, 18, 20, 20, 14, 22, 9, 22, 22, 26, 24]
[2, 4, 4, 0, 6, 4, 8, 6, 14, 14, 10, 14, 14, 4, 16, 14, 16, 16, 20, 18]
[4, 4, 4, 23, 6, 4, 6, 11, 11, 11, 7, 13, 11, 16, 16, 13, 16, 16, 23, 23, 20, 20, 0, 27, 26, 27, 23, 27]
[6, 6, 6, 6, 6, 0, 6, 7, 6, 13, 13, 13, 6, 15, 13, 17, 15, 17, 21, 21, 18]
[0, 1, 2, 1, 1, 5, 8, 6]
[2, 0]
[0, 4, 4, 1, 1, 7, 5, 7, 10, 12, 12, 8]
[0, 1, 2, 3, 6, 4, 10, 10, 10, 6, 10, 13, 11, 1]
[3, 3, 0]
[2, 0]
[2, 0, 2, 2]
[4, 4, 4, 16, 4, 7, 4, 4, 10, 8, 12, 10, 12, 13, 16, 0, 16, 21, 21, 21, 16, 21, 22, 23, 23, 27, 25]
[4, 4, 4, 0, 6, 4, 8, 6, 8, 6, 12, 10, 14, 4, 14, 19, 19, 19, 14, 19, 19, 14, 25, 25, 22]
[2, 0, 2, 2, 2, 2, 6, 14, 14, 14, 14, 14, 14, 6]
[2, 7, 2, 6, 6, 3, 0, 12, 12, 12, 12, 7, 12, 15, 13]
[2, 4, 4, 0, 4, 7, 5]
[2, 3, 0, 6, 6, 3, 6, 9, 7, 9]
[2, 5, 5, 5, 0]
[3, 3, 0, 5, 3]
[2, 0, 2, 2, 6, 2, 2, 10, 10, 2, 14, 14, 14, 10]
[4, 4, 4, 0, 8, 8, 8, 4, 13, 11, 13, 13, 8, 13, 13, 13, 16, 20, 20, 17, 27, 27, 24, 27, 27, 27, 13, 4, 31, 31, 4, 31, 34, 32, 31, 35, 38, 36, 31, 42, 42, 31, 44, 42, 47, 47, 44, 47, 48]
[3, 3, 7, 7, 7, 7, 0, 7, 11, 11, 8, 11, 11, 7, 16, 14, 16, 17, 24, 24, 24, 24, 24, 7, 24, 28, 28, 25]
[4, 4, 4, 0, 8, 7, 8, 4, 8, 8, 14, 14, 14, 8, 25, 17, 15, 17, 20, 18, 20, 21, 17, 23, 14, 25, 28, 26, 28, 29]
[2, 4, 4, 0, 4, 4, 9, 9, 6, 11, 9, 15, 15, 15, 11]
[2, 0, 2, 2, 4, 5, 6, 13, 13, 13, 13, 13, 7]
[0, 3, 1, 6, 6, 1, 1, 7, 8, 12, 12, 9, 1, 1, 14, 20, 20, 20, 20, 15, 22, 23, 14, 23, 29, 29, 28, 29, 24, 31, 29, 31, 34, 31, 34, 31, 38, 31, 41, 41, 38, 38, 42, 43, 47, 47, 43]
[0, 4, 4, 6, 6, 1, 6, 12, 12, 12, 12, 7, 12, 13, 1, 21, 21, 21, 21, 21, 1, 21, 24, 22, 24, 27, 25, 27, 31, 31, 33, 33, 28, 33, 33]
[2, 0, 8, 8, 8, 7, 8, 2, 8, 13, 12, 13, 9, 8, 2, 17, 2, 17, 20, 18, 20, 23, 20, 20, 27, 27, 31, 31, 31, 31, 24, 31, 34, 32]
[4, 1, 1, 0, 6, 18, 10, 10, 10, 6, 12, 10, 14, 12, 14, 17, 15, 4]
[10, 3, 1, 5, 3, 5, 6, 9, 10, 0, 12, 10, 14, 15, 12, 17, 15, 17, 18, 17, 22, 20, 22, 36, 28, 28, 28, 24, 28, 29, 30, 30, 34, 35, 36, 10, 40, 40, 40, 36, 42, 40, 42, 45, 43, 45]
[3, 3, 0]
[2, 4, 4, 0, 4, 5, 4]
[2, 0, 4, 5, 2, 7, 2, 7, 7, 7, 15, 15, 15, 15, 10, 15, 15, 21, 21, 21, 17, 21, 24, 21]
[2, 0, 2, 3, 4, 3, 6, 7, 8, 11, 7, 2, 16, 16, 16, 2, 19, 19, 16, 19]
[4, 4, 4, 13, 13, 7, 5, 7, 8, 9, 9, 13, 0, 15, 13, 17, 15, 21, 21, 21, 17, 26, 26, 26, 26, 21, 26, 27]
[6, 6, 2, 2, 6, 10, 6, 6, 8, 0, 10, 11, 11, 10, 17, 17, 14, 17, 20, 18]
[3, 3, 6, 6, 6, 0, 8, 6, 8, 8, 8, 11]
[0, 1, 2, 1, 4, 5, 8, 14, 14, 14, 12, 14, 14, 5, 20, 18, 18, 20, 20, 14]
[2, 0, 4, 2, 6, 2, 6, 9, 6, 11, 9, 16, 14, 16, 16, 9, 19, 19, 16]
[2, 3, 0, 5, 3, 5, 8, 6, 8, 9, 3, 14, 14, 3, 16, 14, 16, 17]
[4, 4, 4, 0]
[2, 3, 0, 3, 7, 7, 3, 7, 10, 8, 10, 14, 14, 11, 14]
[3, 3, 5, 5, 0, 5, 6, 6, 6, 9]
[4, 4, 4, 0, 6, 4, 8, 6, 11, 11, 8]
[2, 3, 0, 3, 6, 4, 6, 9, 7, 9, 10, 9, 14, 9, 16, 14, 16, 16]
[3, 3, 0, 3, 6, 4, 6, 7, 4, 14, 12, 14, 14, 4, 17, 17, 14]
[8, 3, 8, 8, 8, 8, 8, 0, 8, 8, 13, 13, 8, 16, 16, 13]
[3, 3, 16, 5, 3, 7, 5, 7, 8, 12, 12, 16, 16, 16, 16, 0]
[2, 4, 4, 0, 4, 4, 4, 11, 11, 11, 7, 11, 11, 13, 4, 15, 16]
[2, 6, 2, 5, 3, 0, 8, 6, 11, 11, 6]
[3, 3, 0, 5, 3, 5, 9, 9, 6, 3, 15, 15, 15, 15, 16, 3, 16, 17, 18, 23, 23, 23, 19]
[2, 0, 4, 2, 4, 4, 6, 6, 8, 11, 9, 4, 15, 15, 12]
[5, 3, 5, 3, 0]
[0, 4, 4, 1, 1, 1, 6, 9, 7, 7, 12, 10, 12, 15, 13, 15, 16]
[0, 1, 1, 1, 1, 5, 10, 10, 10, 6, 10, 14, 14, 10]
[4, 4, 4, 5, 0, 5, 9, 9, 6, 5, 12, 5, 12, 13, 14, 17, 15, 17, 27, 21, 27, 21, 24, 21, 27, 27, 18]
[6, 6, 6, 5, 6, 0, 6, 7, 10, 8, 10, 14, 14, 10]
[0, 1, 4, 2, 4, 5, 4, 7, 10, 8, 10, 11]
[2, 0, 5, 5, 2, 7, 5, 24, 11, 11, 24, 14, 14, 11, 17, 17, 11, 17, 20, 18, 24, 21, 24, 7]
[2, 4, 4, 0, 6, 4, 6, 7, 11, 11, 8, 13, 6, 15, 13, 17, 22, 17, 20, 18, 22, 15]
[0, 3, 1, 5, 3, 5, 10, 10, 10, 6, 5, 15, 14, 15, 5]
[0, 1, 5, 5, 2, 5, 5, 9, 12, 12, 12, 5]
[8, 8, 6, 6, 6, 2, 8, 0, 11, 11, 8, 13, 11]
[2, 0, 2, 3, 4, 5, 6, 9, 7]
[2, 0, 2, 5, 3, 5, 6, 9, 7, 13, 13, 13, 9, 13, 18, 18, 18, 14, 22, 22, 22, 13, 26, 26, 24, 22, 26, 29, 30, 27]
[3, 3, 0, 3, 7, 7, 3, 13, 8, 13, 13, 13, 3, 3, 16, 3, 16, 16, 3, 21, 24, 24, 24, 3, 26, 24, 26, 26]
[20, 1, 2, 3, 3, 12, 9, 9, 12, 12, 12, 2, 14, 20, 20, 20, 20, 20, 20, 0, 20, 21, 22]
[4, 4, 4, 0, 4, 4, 6, 9, 7, 9, 12, 10]
[2, 3, 0, 3, 4, 5, 8, 6, 10, 8]
[2, 0, 4, 2, 4, 9, 8, 9, 5, 11, 12, 13, 9, 9, 16, 14, 19, 19, 16, 19, 20, 21, 25, 25, 22, 14, 28, 29, 30, 26, 30, 34, 34, 31, 36, 34, 36, 39, 37]
[4, 4, 4, 0, 4, 11, 11, 7, 10, 7, 5, 4, 15, 15, 17, 17, 4, 19, 17, 21, 19, 21, 21, 27, 27, 27, 23]
[3, 3, 0, 3, 4, 5, 8, 5]
[2, 3, 0, 3, 4, 5, 8, 6, 3, 3, 12, 17, 17, 17, 17, 17, 3]
[3, 3, 21, 6, 6, 3, 6, 9, 7, 9, 10, 7, 15, 15, 12, 15, 18, 16, 20, 21, 0, 23, 24, 21, 24, 25]
[0, 1, 2, 11, 6, 11, 11, 7, 8, 9, 3, 13, 11, 15, 13, 13, 13, 17, 21, 21, 18]
[3, 3, 0, 3, 4, 5, 6, 9, 3, 9, 10, 14, 14, 11]
[3, 3, 6, 3, 4, 0, 6, 6, 10, 8, 6, 13, 6, 13, 16, 14, 16, 17, 18]
[8, 3, 8, 3, 7, 7, 4, 17, 8, 9, 12, 10, 12, 12, 17, 17, 0, 17, 20, 17, 22, 20, 22, 25, 23, 22, 26, 27, 31, 31, 28]
[0, 5, 5, 5, 1, 5, 9, 9, 6]
[4, 4, 4, 0, 4, 5, 8, 6, 8, 6, 6, 15, 15, 15, 6]
[3, 3, 0, 3, 4]
[2, 3, 0, 5, 3, 5, 6, 5, 10, 8, 10, 14, 14, 11]
[2, 0, 4, 2, 7, 7, 4, 11, 11, 11, 7, 11, 11]
[2, 0, 2, 2, 2, 2, 8, 13, 8, 12, 12, 9, 6, 15, 13, 15, 16, 17, 18, 18, 20, 21]
[4, 4, 4, 0, 6, 4, 6, 6, 8, 6, 6, 11, 12, 12, 11, 11, 16]
[2, 3, 0, 3, 6, 4, 6, 9, 10, 7]
[2, 6, 5, 5, 2, 0, 8, 6, 11, 11, 8, 11, 15, 15, 12, 15, 18, 16, 15, 21, 19]
[5, 4, 4, 5, 14, 7, 5, 7, 10, 5, 10, 14, 14, 0, 14, 17, 15, 17, 21, 21, 18, 17, 24, 17, 24, 27, 25, 29, 27, 29]
[8, 8, 8, 3, 3, 5, 5, 0]
[4, 1, 1, 21, 11, 8, 8, 11, 11, 11, 4, 13, 21, 13, 14, 15, 21, 21, 21, 21, 0]
[2, 0, 4, 2, 8, 8, 8, 4, 8, 11, 9, 11, 14, 12]
[4, 4, 4, 0, 4, 7, 5]
[0]
[2, 11, 2, 5, 3, 5, 9, 9, 6, 11, 0, 11, 15, 15, 12, 11, 11, 19, 17, 21, 17, 25, 25, 25, 21]
[5, 5, 5, 5, 10, 5, 6, 10, 10, 0]
[8, 3, 8, 3, 4, 8, 8, 0, 8, 9, 12, 10, 12, 12]
[4, 4, 4, 0, 4]
[2, 0, 4, 2, 4, 8, 8, 5, 10, 2, 2, 13, 2, 15, 13, 17, 15, 17, 15, 19, 22, 20, 2, 25, 2, 27, 25, 25, 31, 31, 28]
[5, 5, 4, 5, 0, 5, 6, 6]
[0, 6, 6, 6, 6, 1, 6, 7, 8, 12, 12, 9, 12, 13, 14]
[0, 4, 4, 1, 8, 7, 8, 1, 10, 8, 13, 13, 10, 15, 13, 17, 15, 20, 20, 17, 20]
[3, 3, 5, 5, 0, 7, 5, 9, 7, 9, 12, 10]
[5, 5, 5, 5, 0, 5]
[3, 3, 0, 3]
[2, 5, 5, 5, 0, 7, 5, 7, 8]
[4, 4, 4, 0, 4, 7, 4, 4, 10, 8, 12, 13, 4, 15, 17, 17, 13]
[2, 0, 2, 3, 4, 7, 5, 3, 3, 11, 15, 13, 15, 15, 9, 15, 20, 19, 20, 15, 20, 23, 21]
[3, 3, 0, 6, 6, 3, 8, 6, 16, 11, 16, 11, 15, 15, 11, 8, 16, 19, 17, 21, 6]
[3, 3, 7, 7, 7, 7, 0]
[2, 5, 2, 3, 0, 8, 8, 5, 10, 8, 13, 13, 10, 13, 16, 14, 16, 5, 22, 22, 22, 27, 22, 25, 22, 27, 5, 27, 32, 31, 32, 27, 35, 35, 32, 35, 36]
[3, 3, 0, 5, 3, 7, 5, 7, 11, 11, 7, 11, 12, 13, 17, 17, 14]
[2, 0, 5, 5, 2, 5, 9, 9, 6]
[2, 0, 5, 5, 2, 5, 5]
[9, 7, 7, 7, 7, 7, 9, 9, 0, 9, 10, 14, 14, 11, 14, 18, 18, 15, 22, 22, 22, 18]
[3, 3, 4, 0, 4, 4, 9, 9, 6, 11, 9, 11, 11, 11, 14, 17, 4, 19, 21, 19, 17, 23, 21, 23, 26, 27, 23, 27, 31, 31, 28]
[2, 4, 4, 0, 4, 5, 6, 7, 11, 11, 8, 4, 15, 15, 4, 18, 18, 15, 18, 19]
[2, 7, 7, 7, 7, 7, 0, 7, 10, 8, 13, 13, 10, 7, 16, 7, 18, 16]
[2, 3, 0]
[5, 5, 4, 5, 7, 7, 0, 9, 7, 11, 9, 11, 12, 9, 14, 18, 18, 15]
[13, 7, 6, 5, 6, 7, 13, 7, 10, 13, 13, 13, 0, 13, 16, 14]
[3, 3, 25, 6, 6, 3, 8, 25, 10, 25, 10, 11, 16, 15, 16, 11, 18, 25, 20, 18, 20, 24, 24, 21, 0, 25]
[3, 3, 0, 3, 3, 7, 5, 7, 10, 8, 10, 14, 14, 11, 14, 18, 18, 15]
[2, 5, 5, 5, 0, 5, 5, 5, 11, 11, 5, 13, 11]
[0, 3, 1, 3, 3, 7, 11, 11, 11, 11, 5, 11, 16, 16, 16, 12, 16, 19, 16]
[5, 5, 5, 5, 0, 5, 8, 6, 8, 9, 5, 5, 5, 15, 13]
[0, 1, 1, 8, 8, 8, 8, 3, 8, 8, 12, 8]
[2, 0, 5, 5, 2, 5, 8, 6, 8, 12, 12, 8]
[4, 1, 4, 0, 4, 5, 8, 6, 8, 9, 16, 13, 16, 16, 16, 10]
[4, 4, 4, 0, 8, 7, 8, 4, 8, 11, 9, 8, 15, 15, 12, 4, 20, 20, 20, 4, 24, 24, 24, 20]
[3, 3, 0, 3, 6, 4, 6, 9, 7, 3, 12, 14, 12, 3, 3, 20, 20, 20, 20, 15, 3, 24, 24, 21, 24, 24]
[2, 0, 2, 6, 6, 2, 6, 7, 6, 9]
[2, 4, 4, 0, 6, 4, 10, 10, 10, 6, 10, 10, 14, 10, 16, 14, 16, 20, 20, 17]
[2, 14, 2, 5, 3, 7, 2, 7, 10, 8, 14, 14, 14, 0]
[2, 0, 2, 2]
[2, 5, 4, 5, 7, 7, 0, 9, 7, 7]
[3, 3, 0, 3, 6, 3, 6, 7, 12, 11, 12, 8, 12, 12, 16, 12, 16, 19, 17]
[4, 4, 4, 7, 7, 7, 0, 11, 11, 11, 7, 13, 11, 13, 14, 17, 15, 11, 20, 18, 20, 21, 24, 22]
[3, 3, 14, 5, 3, 5, 10, 10, 10, 6, 12, 14, 14, 0]
[2, 0, 2, 3, 4, 5, 8, 6, 2, 11, 2, 13, 11, 13, 2, 19, 18, 19, 2, 19, 19, 23, 21, 25, 23]
[2, 3, 0, 3]
[4, 4, 4, 25, 4, 4, 6, 7, 8, 12, 12, 9, 12, 16, 16, 13, 12, 19, 20, 12, 23, 23, 20, 25, 0, 28, 28, 25, 28, 33, 33, 33, 29]
[3, 3, 0, 3, 8, 8, 8, 4]
[4, 3, 4, 0]
[2, 9, 2, 5, 3, 9, 9, 9, 0, 9, 14, 14, 14, 10]
[4, 3, 4, 6, 6, 0, 6, 7, 10, 7, 6, 13, 11]
[3, 3, 7, 7, 7, 7, 0, 9, 7, 11, 9, 11, 12, 13]
[2, 6, 2, 3, 6, 0, 8, 10, 10, 6, 10, 13, 10, 10, 14, 17, 15, 23, 20, 23, 20, 21, 17, 23, 24]
[4, 4, 4, 0, 7, 7, 4]
[3, 3, 0, 3, 3, 7, 3, 10, 10, 3, 12, 10, 12, 18, 18, 18, 18, 13, 21, 21, 12, 21, 22, 25, 22, 25, 25]
[2, 9, 2, 3, 4, 7, 5, 9, 0]
[3, 3, 0, 3, 4, 3]
[5, 5, 5, 5, 0, 5, 8, 6, 12, 12, 12, 5, 12, 16, 16, 12, 16, 17, 18, 19, 20, 23, 21, 23, 26, 24]
[2, 10, 2, 2, 10, 10, 10, 10, 10, 0, 12, 10, 12, 15, 13, 17, 15, 19, 17]
[4, 1, 1, 0, 4, 5]
[3, 3, 0, 3, 6, 4]
[6, 3, 6, 6, 6, 0]
[0, 1, 4, 2, 1, 1, 1, 7, 10, 7, 12, 10]
[2, 6, 2, 6, 6, 0, 8, 11, 11, 11, 6, 13, 11, 13, 6, 17, 18, 6, 20, 18]
[3, 3, 0, 3, 7, 7, 4, 7, 11, 11, 8]
[2, 3, 8, 3, 8, 5, 8, 0, 8, 11, 9, 13, 8, 13, 16, 13, 13, 20, 20, 13, 23, 23, 20, 23]
[5, 5, 5, 5, 0]
[7, 7, 7, 7, 7, 7, 10, 10, 10, 0, 10, 14, 14, 11, 14, 10, 18, 16]
[2, 4, 4, 0, 6, 4, 6, 9, 7, 9, 10, 4, 4, 13, 16, 13, 13, 17, 20, 18]
[2, 0, 2, 5, 3, 5, 8, 5]
[3, 3, 0, 3, 6, 4, 6, 7, 6, 11, 6, 11, 14, 12, 14, 15]
[2, 4, 2, 0, 4, 4, 6, 9, 11, 11, 7, 13, 11, 11, 16, 14, 18, 16, 20, 22, 22, 18, 22, 23]
[2, 6, 6, 6, 6, 0, 6, 6, 10, 8, 13, 13, 8, 8, 17, 17, 14, 17, 18]
[6, 3, 6, 3, 4, 0, 8, 6, 8, 11, 9, 11, 12, 6, 14, 17, 15]
[0, 4, 4, 1, 4, 4, 6, 7, 1, 11, 1, 13, 11, 15, 13, 1, 18, 1, 20, 18, 18, 23, 21, 18, 24, 31, 26, 26, 31, 31, 25, 31, 31]
[2, 0]
[3, 3, 11, 3, 4, 5, 11, 11, 11, 11, 0, 13, 11, 19, 19, 19, 19, 19, 13, 21, 13]
[2, 0, 9, 5, 9, 9, 9, 9, 2, 13, 12, 13, 9, 2, 18, 18, 18, 14, 24, 21, 19, 24, 24, 18, 24, 27, 25, 31, 31, 31, 27, 31, 31]
[3, 3, 0, 3, 3, 5, 8, 3, 12, 12, 12, 8, 12, 13]
[0, 1, 8, 8, 8, 7, 8, 1, 8, 9, 12, 10, 12, 15, 13]
[3, 3, 0, 7, 7, 7, 3, 7, 10, 8, 15, 15, 15, 15, 3, 18, 18, 15, 18, 18, 20, 21, 24, 20, 26, 24, 24, 27]
[4, 4, 4, 9, 9, 7, 9, 7, 0, 9, 14, 14, 14, 10]
[0, 1, 4, 2, 4, 4, 9, 9, 6, 9, 10, 13, 14, 1, 14, 14]
[3, 3, 0, 3, 7, 7, 4, 10, 10, 3, 10, 11, 12, 12, 12]
[2, 7, 2, 6, 6, 2, 0, 7, 7, 9, 10, 13, 11, 13]
[6, 6, 6, 6, 6, 10, 9, 9, 6, 0, 10, 10, 15, 15, 17, 15, 12]
[4, 4, 4, 0, 4, 5, 6, 4, 8, 14, 14, 14, 14, 8, 14, 17, 15, 15, 18, 22, 22, 19]
[3, 3, 6, 3, 4, 0, 10, 10, 10, 6, 12, 10]
[15, 4, 4, 1, 7, 7, 4, 4, 10, 4, 15, 15, 15, 15, 0, 15, 18, 16]
[6, 3, 6, 6, 6, 0, 6, 9, 11, 11, 6, 11, 14, 11, 11, 19, 19, 19, 15]
[0, 1, 1, 5, 3, 5, 6, 7, 11, 11, 8, 13, 11, 1, 16, 1, 16, 19, 17]
[3, 3, 0, 3, 6, 4, 6, 6]
[2, 10, 2, 5, 2, 5, 10, 9, 10, 0, 12, 10]
[3, 1, 7, 3, 6, 3, 0, 9, 7, 9, 10, 7, 7, 16, 16, 7, 18, 16, 20, 18, 20, 21, 24, 20, 7]
[4, 4, 4, 6, 6, 0, 6, 9, 6, 9, 13, 13, 9, 6, 16, 14]
[4, 4, 4, 0]
[3, 3, 8, 7, 7, 7, 3, 0, 8, 8, 12, 8, 15, 15, 12]
[3, 3, 11, 3, 7, 7, 4, 11, 11, 11, 0, 11, 14, 12, 16, 14, 16, 22, 22, 22, 22, 17]
[3, 3, 0]
[13, 4, 4, 1, 6, 4, 6, 9, 7, 13, 13, 13, 0, 13, 14, 15]
[4, 4, 4, 0, 6, 4, 8, 6, 8, 8, 10, 11, 15, 15, 12]
[2, 8, 2, 2, 2, 7, 5, 0, 12, 12, 12, 13, 8, 16, 16, 20, 16, 20, 20, 13, 20, 24, 24, 20, 27, 27, 24, 27, 31, 31, 27]
[2, 0, 4, 2, 6, 4, 10, 10, 10, 11, 6]
[2, 3, 0, 9, 4, 7, 9, 9, 3, 11, 9, 13, 11, 13, 13, 3, 18, 3, 20, 18, 23, 23, 20, 23, 24, 29, 29, 29, 23, 29, 29]
[2, 0, 2, 2, 2, 5, 6, 5, 8, 11, 5, 15, 15, 15, 11]
[0]
[2, 7, 2, 3, 7, 7, 0, 7, 8, 7, 12, 7, 12, 16, 16, 13, 16, 19, 17, 19, 22, 20]
[2, 11, 2, 5, 3, 7, 5, 11, 10, 11, 0, 14, 12, 11]
[0, 4, 4, 1, 4, 7, 5, 7, 12, 12, 12, 8]
[2, 0, 2, 5, 3, 2, 8, 6, 18, 12, 12, 18, 12, 15, 13, 18, 18, 8, 18, 21, 19, 26, 22, 23, 26, 21, 26, 31, 28, 29, 26, 31, 32, 33, 36, 34]
[2, 3, 0, 3, 3, 7, 3, 3, 10, 8, 12, 15, 12, 12, 10, 18, 18, 15, 18, 22, 22, 19, 22, 26, 26, 22, 33, 29, 33, 29, 30, 33, 26, 33, 34, 35]
[2, 0, 2, 3, 4, 5]
[3, 3, 8, 8, 8, 8, 8, 0, 10, 14, 10, 11, 14, 8, 14, 18, 18, 15, 20, 14, 8]
[0, 1, 6, 5, 6, 1, 6, 12, 12, 12, 12, 7, 12, 15, 12, 19, 18, 19, 6]
[2, 0, 14, 5, 14, 7, 8, 5, 8, 9, 12, 14, 14, 2, 16, 14, 14, 17]
[2, 3, 0, 8, 8, 8, 8, 3, 14, 14, 14, 14, 14, 8, 8, 17, 15, 21, 18, 21, 17]
[2, 4, 4, 0, 4, 8, 8, 5, 4, 9, 13, 13, 10, 4, 22, 15, 18, 16, 18, 22, 22, 4, 22, 26, 26, 23]
[2, 7, 2, 7, 7, 7, 0, 7, 8, 9, 10, 11, 9, 16, 16, 9, 9, 19, 9, 19, 19, 23, 21, 23, 26, 24]
[18, 5, 5, 5, 1, 7, 18, 7, 10, 8, 12, 10, 12, 15, 10, 18, 18, 0]
[2, 0, 5, 5, 2, 5, 9, 9, 5, 9, 12, 10, 2, 17, 17, 17, 2]
[2, 0, 5, 5, 2, 7, 5, 7, 12, 12, 12, 8, 5, 16, 16, 13, 16, 20, 20, 16, 16, 23, 21, 21]
[2, 16, 2, 3, 6, 4, 9, 9, 3, 9, 13, 13, 10, 16, 16, 0, 18, 16, 18, 19, 23, 23, 19]
[0, 1, 4, 2, 4, 8, 8, 5]
[2, 0, 4, 7, 4, 4, 2, 7, 10, 8, 13, 13, 7, 22, 22, 20, 20, 20, 20, 15, 22, 13, 24, 22, 26, 24, 28, 26, 26, 31, 29]
[2, 4, 4, 0, 4, 7, 5]
[16, 3, 16, 5, 3, 7, 5, 7, 10, 7, 7, 11, 16, 16, 16, 0, 16, 28, 20, 28, 20, 21, 22, 23, 27, 27, 24, 16, 28]
[2, 3, 0, 5, 3, 5, 8, 6, 3, 15, 15, 11, 15, 15, 3, 15, 15]
[3, 3, 7, 7, 7, 7, 0, 7, 10, 8]
[2, 5, 5, 5, 0, 8, 8, 5]
[2, 3, 0]
[0, 1, 4, 6, 6, 2, 2, 2, 8, 11, 9, 11, 12, 17, 17, 17, 13, 17, 20, 18, 17, 21, 22]
[3, 3, 4, 0, 6, 4, 6, 7, 4, 11, 14, 14, 14, 4, 14, 15, 16, 19, 17]
[29, 3, 1, 5, 6, 3, 6, 7, 10, 8, 15, 15, 15, 15, 10, 10, 18, 16, 18, 19, 22, 8, 22, 23, 24, 25, 26, 27, 0, 31, 29, 29]
[4, 4, 4, 0, 8, 8, 8, 4]
[3, 3, 11, 3, 3, 5, 11, 11, 11, 11, 0]
[14, 3, 1, 5, 3, 5, 5, 5, 10, 5, 12, 10, 14, 0, 14, 15, 16, 14, 21, 21, 18]
[2, 4, 4, 0, 4, 5, 5, 4, 10, 13, 10, 11, 4, 15, 21, 15, 18, 15, 15, 15, 13, 21, 26, 26, 26, 22]
[3, 3, 5, 5, 0, 5, 8, 6, 5, 5, 15, 15, 15, 15, 10, 5]
[3, 3, 4, 0, 6, 4, 6, 7, 6, 12, 12, 6, 6, 18, 18, 18, 18, 6]
[4, 4, 4, 0, 6, 4, 4, 9, 7, 13, 13, 13, 9, 4, 14, 14, 19, 19, 16]
[2, 4, 4, 0, 6, 4]
[2, 5, 2, 2, 0, 7, 5]
[4, 4, 4, 5, 0, 5, 6, 6]
[2, 5, 5, 5, 0, 5, 8, 6, 8, 8, 12, 10, 14, 8, 14, 14, 18, 16]
[3, 1, 0, 5, 3, 5, 9, 9, 6]
[7, 1, 7, 7, 7, 7, 0, 7, 12, 12, 12, 7, 12, 15, 13, 15, 16, 19, 17, 19, 20, 20]
[5, 5, 5, 5, 0, 5, 9, 9, 6, 14, 14, 13, 14, 9]
[6, 6, 6, 6, 6, 13, 6, 7, 7, 9, 12, 13, 0, 17, 17, 17, 13, 19, 23, 19, 22, 20, 17]
[2, 9, 6, 6, 6, 2, 9, 9, 0, 12, 12, 9]
[2, 13, 2, 2, 4, 5, 5, 9, 2, 11, 9, 11, 0, 13]
[2, 0, 5, 5, 2, 5, 8, 6, 11, 11, 8, 11, 14, 12, 14]
[2, 0, 4, 2]
[2, 11, 2, 6, 6, 2, 6, 6, 6, 11, 0, 11, 14, 12, 14, 20, 20, 20, 20, 15]
[2, 3, 6, 6, 6, 0, 9, 9, 6, 11, 9, 9, 12, 6, 16, 21, 18, 16, 21, 21, 6, 21, 24, 22, 24, 29, 29, 29, 25, 34, 34, 33, 34, 29, 36, 34]
[2, 0, 2, 3, 6, 3, 6, 9, 6]
[2, 0, 4, 2, 8, 8, 8, 4, 10, 8, 10, 2, 2, 17, 17, 17, 13]
[9, 4, 4, 1, 9, 9, 9, 9, 0, 9, 12, 13, 9, 13, 14, 18, 18, 15, 18, 22, 22, 18, 9]
[0, 4, 4, 1, 4, 5, 8, 6, 6, 6, 1, 13, 19, 13, 16, 14, 19, 19, 1, 19, 22, 20]
[3, 3, 9, 3, 6, 4, 6, 7, 0, 11, 9, 9]
[2, 0, 4, 2, 6, 4, 4, 9, 4, 9, 13, 13, 10]
[10, 1, 2, 2, 8, 8, 8, 10, 8, 0, 10]
[8, 8, 2, 6, 6, 3, 8, 14, 12, 12, 12, 14, 14, 0, 14, 21, 18, 21, 21, 21, 15]
[3, 3, 6, 6, 6, 0, 6, 9, 12, 12, 12, 6, 14, 12, 17, 17, 14]
