[0, 3, 1, 5, 3, 5, 8, 5]
[2, 0, 2, 5, 2, 2, 8, 6, 8, 8, 2, 13, 20, 13, 16, 14, 16, 19, 17, 2, 22, 20, 22, 26, 26, 23, 26, 31, 31, 31, 27]
[5, 5, 5, 5, 0, 5, 6]
[0, 3, 1, 5, 1]
[5, 5, 5, 5, 17, 11, 10, 10, 10, 11, 5, 11, 11, 15, 13, 17, 0, 19, 21, 21, 17, 21, 21, 25, 23, 25, 28, 26, 28, 29, 30]
[7, 3, 7, 7, 7, 7, 20, 9, 7, 11, 12, 9, 12, 12, 17, 17, 12, 20, 20, 0, 20, 21, 24, 22, 24, 27, 25]
[9, 9, 9, 9, 9, 9, 9, 9, 18, 9, 13, 11, 9, 15, 18, 15, 18, 0, 18, 22, 22, 18, 22, 26, 26, 23]
[3, 3, 0, 13, 13, 9, 9, 9, 5, 13, 13, 13, 3, 15, 13, 15, 15, 17, 23, 23, 23, 23, 15, 23, 23, 25]
[2, 7, 2, 7, 7, 7, 0, 7, 10, 8]
[4, 4, 4, 0, 4, 5, 9, 9, 6, 9, 12, 10, 12, 13, 14, 17, 14]
[0, 3, 1, 3, 4, 10, 10, 10, 10, 4, 12, 10, 12, 12, 12, 19, 16, 19, 12]
[12, 3, 1, 3, 6, 4, 1, 9, 1, 11, 9, 0, 15, 15, 12, 17, 18, 19, 15, 22, 20, 19, 22, 26, 26, 23]
[4, 4, 4, 0, 4, 5, 8, 6, 10, 8, 13, 13, 14, 10]
[2, 0, 2, 5, 2, 5, 8, 5]
[2, 3, 0, 5, 3]
[4, 4, 4, 0, 7, 7, 4, 9, 7, 11, 9]
[4, 1, 4, 12, 4, 10, 10, 7, 7, 4, 12, 0, 14, 12, 14, 15, 18, 16, 20, 16, 20, 24, 24, 21, 26, 24]
[3, 3, 0, 6, 6, 3, 8, 6, 14, 14, 14, 14, 14, 8, 14, 17, 15, 19, 17, 14, 26, 26, 22, 25, 22, 20]
[0, 1, 2, 3, 4, 3, 10, 10, 10, 6, 10, 13, 10, 6, 6, 18, 18, 15, 20, 18, 22, 20, 22, 26, 26, 23]
[2, 0, 2, 5, 3, 2, 9, 9, 2, 9, 12, 10, 12, 13, 12, 12, 16, 16, 20, 18, 20, 21]
[2, 10, 6, 6, 6, 2, 10, 10, 10, 0, 10, 11, 12, 15, 13, 15, 16, 19, 15, 19, 22, 20]
[0, 1, 2, 3, 1, 7, 5, 10, 10, 7, 10, 15, 15, 15, 11, 15, 16, 17, 21, 21, 18]
[4, 4, 4, 0, 4, 7, 5, 9, 4, 13, 13, 13, 9]
[14, 5, 5, 5, 1, 5, 6, 7, 10, 14, 10, 13, 11, 0, 14, 17, 14]
[3, 3, 8, 3, 6, 4, 8, 0, 8, 9, 13, 13, 10, 13, 14, 15, 13, 19, 13, 19, 20, 23, 21, 23, 27, 27, 23]
[6, 6, 6, 6, 6, 0, 6, 11, 11, 9, 7, 11, 11, 16, 16, 13, 16, 17, 6, 23, 23, 23, 6, 25, 23, 25, 26, 23, 31, 29, 38, 31, 34, 32, 31, 38, 38, 23, 38, 44, 44, 41, 41, 39, 44, 45, 48, 46]
[7, 7, 7, 7, 7, 7, 0, 7, 12, 12, 12, 8, 12]
[18, 18, 2, 3, 2, 5, 6, 7, 8, 14, 14, 14, 14, 9, 14, 17, 14, 0, 21, 21, 18, 23, 21]
[2, 0, 2, 5, 3, 2, 10, 10, 10, 2, 10, 13, 10, 10, 10, 15]
[3, 3, 4, 0, 8, 8, 8, 4, 8, 12, 12, 9, 12, 15, 12, 12]
[4, 4, 4, 0, 4, 5, 6, 7, 12, 12, 12, 8, 16, 16, 16, 7, 16, 20, 20, 16, 16, 23, 21, 23, 24, 25, 30, 30, 30, 23]
[0, 5, 5, 5, 1, 5, 6, 7, 7, 1, 14, 14, 14, 10, 1, 17, 15, 17, 18, 19]
[4, 4, 4, 0]
[0, 3, 1, 7, 7, 7, 3, 9, 7]
[3, 3, 0, 3, 7, 7, 4]
[3, 3, 0, 3, 6, 4, 8, 6, 8, 3]
[2, 0, 2, 7, 7, 7, 3, 7, 8]
[3, 3, 4, 0, 4, 4, 8, 6]
[0]
[4, 1, 1, 0, 4, 7, 8, 5, 11, 11, 8, 11, 14, 8]
[7, 7, 7, 7, 6, 7, 0, 7, 7, 7, 13, 13, 10]
[5, 5, 5, 5, 6, 0, 10, 10, 10, 6, 12, 6, 17, 17, 17, 17, 12, 19, 17, 19, 19, 21, 22, 22, 26, 19, 26]
[3, 3, 0, 3, 6, 4]
[2, 0, 4, 2, 8, 5, 5, 4, 8, 13, 13, 11, 8]
[6, 1, 1, 6, 6, 0]
[2, 3, 0, 3, 4, 4, 8, 4]
[3, 3, 0, 3, 9, 7, 9, 9, 4, 3]
[3, 3, 7, 7, 7, 7, 0, 9, 7, 9, 14, 14, 14, 10, 7, 20, 20, 20, 20, 21, 7, 23, 24, 21]
[3, 3, 0, 5, 3, 3, 9, 9, 3, 9, 9, 11, 17, 17, 17, 17, 3, 19, 17]
[2, 10, 2, 7, 4, 4, 3, 10, 10, 0, 10, 13, 15, 15, 10]
[0, 3, 1, 6, 6, 3, 8, 6, 8, 11, 8, 13, 11, 13, 17, 17, 14]
[2, 0, 5, 5, 2, 5, 8, 6, 8, 12, 12, 9, 15, 15, 5, 17, 15, 17, 2, 22, 22, 2, 22, 25, 22, 25, 25, 25, 28, 32, 32, 29, 28, 36, 36, 33]
[11, 1, 4, 2, 4, 5, 6, 6, 6, 11, 0, 11, 14, 11, 14, 15]
[0, 3, 1, 5, 3, 3, 12, 12, 12, 12, 12, 6, 12, 15, 13]
[2, 0, 2, 5, 2]
[2, 0, 5, 5, 6, 2, 6]
[0, 1, 1, 6, 6, 1, 8, 6, 8, 8, 12, 10, 8, 16, 16, 8, 16, 20, 20, 17]
[0, 1, 5, 5, 2, 7, 5, 7, 7, 9, 12, 10, 7, 15, 13, 15, 19, 19, 16, 19, 19]
[2, 4, 4, 0, 4, 9, 9, 7, 4, 9, 10, 11]
[2, 0]
[9, 1, 2, 6, 6, 9, 9, 9, 0, 9, 10, 11, 12, 13, 14, 15]
[3, 3, 0, 12, 12, 7, 5, 7, 11, 11, 8, 3, 12, 12, 14, 17, 15, 19, 14, 19, 19, 23, 21, 26, 26, 23, 26]
[3, 3, 0, 5, 3, 7, 5, 5, 10, 8, 10, 10, 15, 15, 10, 15, 16, 21, 21, 21, 17, 23, 21, 23, 24, 23, 23, 27, 30, 28, 30, 33, 31]
[2, 8, 2, 5, 3, 8, 8, 0, 8, 11, 9]
[2, 5, 4, 5, 0, 5, 10, 10, 10, 6, 5, 5, 12, 16, 16, 13, 16, 19, 17, 19]
[8, 4, 4, 1, 8, 8, 8, 0, 8, 9, 12, 10]
[2, 6, 2, 5, 2, 0, 6, 9, 7, 6, 12, 10]
[3, 3, 0, 3, 3]
[6, 3, 6, 6, 6, 19, 11, 9, 11, 11, 6, 11, 12, 13, 11, 15, 19, 19, 0, 19, 19, 24, 24, 21]
[3, 3, 0, 3, 4]
[5, 5, 5, 5, 0, 5, 5, 5, 5, 5, 10, 13, 11]
[4, 1, 4, 0, 6, 4, 6, 6, 11, 11, 8, 11, 11, 6, 19, 17, 19, 19, 14]
[0, 3, 1, 3]
[4, 4, 4, 0]
[8, 1, 1, 1, 1, 5, 5, 0, 10, 8]
[4, 4, 4, 23, 4, 8, 8, 5, 23, 9, 12, 10, 16, 16, 16, 12, 16, 20, 20, 17, 23, 23, 0]
[5, 5, 5, 5, 0, 5, 8, 5, 10, 8, 10, 17, 17, 17, 17, 17, 10]
[2, 10, 4, 9, 4, 8, 8, 9, 2, 0, 16, 16, 12, 15, 12, 10]
[11, 1, 4, 2, 4, 7, 5, 11, 11, 11, 0, 11, 14, 12, 17, 17, 11, 21, 21, 21, 17, 21, 25, 25, 22]
[7, 3, 7, 7, 7, 7, 0, 7, 7, 16, 16, 11, 11, 16, 16, 9]
[11, 3, 1, 11, 11, 11, 11, 11, 11, 11, 0]
[4, 3, 4, 0, 4, 4, 6, 7, 11, 11, 6, 11, 11]
[7, 5, 5, 5, 7, 7, 0]
[0]
[2, 15, 2, 5, 7, 5, 3, 9, 7, 11, 9, 9, 14, 12, 0, 17, 15, 17, 20, 17]
[6, 3, 1, 5, 6, 0, 6, 6, 15, 15, 15, 15, 15, 15, 8, 15, 16, 19, 15, 21, 19, 23, 21, 25, 23, 27, 23, 27, 27, 31, 27]
[2, 3, 0, 8, 8, 7, 8, 3]
[0, 3, 1, 3, 11, 9, 9, 9, 11, 11, 1, 11, 16, 16, 16, 17, 12, 19, 11, 19, 22, 20, 25, 25, 19, 25, 19, 29, 19, 29, 29, 31, 34, 32, 34]
[2, 9, 2, 6, 6, 3, 8, 2, 0, 9, 9, 11, 14, 12, 18, 18, 18, 9]
[3, 3, 0, 3, 6, 4]
[2, 5, 5, 5, 0, 5, 9, 9, 5, 11, 9, 11, 12, 12, 16, 14]
[3, 3, 4, 0, 6, 4, 9, 9, 6, 9, 15, 15, 15, 15, 10, 15, 15, 9, 20, 18]
[2, 3, 0, 5, 3, 3, 6, 9, 7, 9, 30, 30, 15, 15, 12, 17, 30, 20, 20, 17, 20, 23, 21, 26, 26, 30, 30, 30, 30, 10]
[4, 3, 4, 15, 4, 4, 9, 9, 6, 9, 10, 11, 14, 15, 0, 19, 16, 17, 15, 21, 19]
[2, 6, 6, 6, 6, 0, 6, 7, 8, 9, 6, 15, 15, 15, 6]
[0, 1, 4, 2, 4, 7, 5, 7, 8, 1]
[2, 0, 4, 2, 17, 7, 17, 7, 7, 7, 7, 11, 14, 12, 17, 17, 2, 17, 21, 21, 17, 2]
[5, 5, 4, 5, 6, 0, 8, 6, 8, 9, 6, 15, 15, 15, 11, 15, 19, 19, 16, 21, 22, 19, 22, 23, 28, 28, 28, 24, 11, 29, 29, 33, 31]
[6, 6, 6, 6, 6, 0, 6, 9, 7, 11, 9, 9, 14, 12, 16, 21, 21, 21, 21, 21, 9, 21, 22, 22, 22]
[2, 12, 2, 5, 3, 5, 9, 9, 6, 12, 12, 0, 12, 12]
[9, 3, 1, 3, 4, 7, 5, 9, 0, 9, 12, 10, 12, 13, 14, 9, 9, 19, 17, 19, 24, 24, 24, 20, 27, 27, 24, 27, 20, 20, 32, 30, 32, 38, 38, 38, 38, 33]
[14, 1, 4, 2, 13, 13, 13, 13, 13, 13, 13, 13, 4, 0, 14, 14]
[2, 6, 5, 5, 6, 0, 6, 10, 10, 7]
[2, 0, 2, 5, 2, 5, 6, 5, 8, 12, 12, 9]
[6, 1, 5, 5, 2, 0, 8, 10, 10, 6, 10, 10]
[2, 3, 0, 6, 6, 3, 6, 9, 7]
[2, 0, 4, 2, 4, 7, 8, 5]
[3, 3, 9, 9, 9, 9, 9, 9, 0, 14, 14, 11, 14, 9, 20, 17, 20, 20, 20, 14, 20, 20, 24, 22, 24, 25, 20, 31, 31, 31, 27, 34, 34, 31]
[2, 0, 2, 3, 4, 4, 6, 6, 12, 12, 12, 8, 2, 16, 16, 2, 16, 19, 17, 19, 19]
[2, 3, 0, 3, 6, 3]
[2, 0, 2, 5, 3, 5, 6, 11, 11, 11, 5, 11, 15, 15, 12, 15, 16, 22, 22, 22, 22, 17]
[2, 6, 5, 5, 6, 0, 6, 9, 7, 9, 9, 9, 12, 15, 13, 13, 20, 17, 17, 16, 20, 21, 22, 6]
[2, 4, 4, 0, 4, 11, 9, 9, 11, 11, 5, 13, 11, 13, 14, 4, 4, 4, 4, 19, 24, 24, 24, 20]
[2, 3, 0, 3, 7, 7, 4, 10, 10, 7, 10, 14, 14, 11, 16, 14, 18, 16, 18, 18, 18, 24, 24, 21, 24, 25]
[2, 7, 2, 5, 2, 7, 0, 7, 7, 11, 9, 9, 9, 15, 13, 15, 18, 16, 16, 16, 22, 20]
[6, 1, 6, 6, 6, 0, 8, 6, 6, 9, 10, 6, 6, 13, 13, 15, 15, 19, 15, 19, 19, 21, 24, 19, 26, 24]
[3, 3, 23, 5, 3, 5, 11, 11, 11, 11, 6, 11, 11, 11, 17, 17, 14, 23, 23, 23, 23, 23, 0, 25, 23, 25]
[2, 0, 2, 5, 9, 9, 6, 6, 3, 9, 13, 13, 10]
[2, 5, 5, 5, 0, 7, 5, 5, 10, 12, 12, 5, 12, 16, 14, 12, 16, 16, 21, 21, 18, 24, 24, 21, 26, 24, 28, 26, 26, 31, 29]
[6, 6, 6, 6, 6, 0, 6, 9, 7, 11, 9, 9, 9, 13, 9, 15, 16, 19, 16, 19, 19]
[4, 3, 4, 0, 4, 5, 9, 9, 4, 9, 10, 13, 11, 13, 16, 14, 9, 9, 18, 18, 18, 24, 24, 18]
[2, 4, 4, 0, 6, 4, 6, 6, 10, 6, 10]
[0, 4, 4, 1, 6, 4, 9, 9, 6, 9, 12, 10, 12, 18, 18, 15, 15, 13, 6, 21, 22, 6]
[3, 3, 5, 5, 0, 7, 5, 10, 10, 7, 12, 7, 15, 15, 12, 15, 16, 19, 16]
[6, 6, 2, 5, 2, 0]
[3, 3, 0, 6, 6, 3, 11, 9, 11, 11, 6, 11, 14, 12]
[0, 1, 2, 5, 3, 2, 2, 9, 7]
[2, 8, 2, 7, 7, 7, 3, 0, 8, 11, 9, 14, 14, 11, 14, 14]
[4, 4, 4, 15, 4, 10, 10, 10, 10, 5, 4, 13, 4, 15, 0, 15, 15, 21, 21, 21, 17]
[3, 3, 11, 3, 4, 8, 8, 5, 11, 11, 0, 13, 11, 11, 17, 17, 14, 19, 17, 25, 25, 24, 24, 25, 19]
[2, 0, 4, 2, 4, 7, 5]
[2, 15, 2, 2, 6, 11, 6, 7, 8, 8, 2, 11, 14, 12, 0, 15, 18, 16, 18, 21, 19, 23, 21, 25, 23, 21, 26, 26, 31, 31, 28]
[0, 3, 1, 1, 6, 4, 1, 9, 1, 9, 9, 16, 16, 16, 16, 11]
[2, 0, 6, 6, 6, 2, 2, 7]
[2, 0, 4, 2]
[2, 0, 2, 3, 4, 7, 2, 10, 10, 7, 12, 10]
[7, 3, 7, 3, 6, 4, 13, 7, 8, 11, 9, 13, 0, 13, 14, 13, 18, 16]
[3, 3, 0, 8, 8, 5, 5, 3, 8, 11, 9, 3, 14, 3, 17, 17, 14, 17]
[5, 5, 5, 5, 0, 11, 11, 11, 11, 11, 5, 11, 12, 13, 13, 11, 19, 19, 16, 19, 20, 19, 22, 5, 26, 5, 28, 26, 30, 28, 32, 28, 28, 35, 33, 35, 41, 37, 40, 41, 36]
[0, 1, 2, 1, 9, 7, 9, 9, 1, 11, 9, 11, 14, 12, 17, 17, 1, 17, 18, 17, 24, 24, 24, 17, 1, 28, 28, 1, 32, 31, 32, 28]
[2, 8, 4, 2, 8, 8, 8, 0, 8, 13, 13, 13, 9, 8, 16, 8, 22, 22, 22, 22, 22, 16]
[2, 0, 2, 7, 7, 7, 3]
[4, 4, 4, 7, 7, 7, 0, 7]
[2, 3, 0, 11, 11, 11, 11, 11, 11, 11, 3, 11, 12, 13]
[2, 4, 4, 9, 4, 8, 8, 5, 0, 9, 14, 11, 11, 10, 9, 17, 21, 17, 20, 18, 9, 23, 21, 23, 26, 24]
[3, 3, 0, 3, 8, 7, 8, 4, 10, 8, 10, 13, 11, 13, 17, 17, 13, 13, 20, 13, 20, 20, 22, 23, 26, 24]
[4, 4, 4, 0, 6, 4, 9, 9, 10, 6, 6, 11, 12, 12]
[17, 4, 4, 1, 17, 7, 17, 15, 15, 9, 13, 13, 10, 15, 7, 15, 0, 19, 17, 19, 23, 23, 20]
[5, 5, 5, 5, 0, 7, 5, 7, 12, 12, 12, 5]
[3, 3, 0, 3, 3, 7, 5, 3, 11, 11, 3, 11, 16, 16, 16, 11, 18, 16, 18, 21, 19]
[3, 3, 0, 3, 4, 3, 9, 9, 6, 9, 13, 13, 10, 13, 17, 17, 13, 9, 21, 21, 9, 21, 22, 23, 23, 23]
[2, 0, 4, 2, 4, 5, 8, 10, 10, 4]
[2, 4, 4, 17, 11, 8, 8, 11, 11, 11, 4, 11, 12, 16, 16, 17, 0, 17, 26, 26, 26, 24, 24, 26, 26, 18]
[3, 3, 15, 5, 3, 5, 11, 9, 11, 11, 6, 15, 15, 15, 0, 15, 18, 16, 21, 21, 18, 24, 24, 21, 24, 27, 25, 25, 31, 31, 28]
[0, 4, 4, 1, 10, 5, 8, 6, 10, 1, 10, 13, 15, 15, 11, 15, 19, 19, 15, 22, 22, 19, 19, 26, 26, 23, 29, 29, 19, 29]
[7, 4, 4, 1, 6, 7, 0, 10, 10, 7, 10, 7, 14, 12, 18, 17, 18, 7, 18, 18]
[0, 1, 5, 5, 2, 1, 6, 9, 7]
[3, 3, 7, 3, 7, 7, 0, 7, 15, 11, 15, 11, 14, 11, 8]
[4, 4, 4, 0, 7, 7, 4, 7, 7, 12, 12, 7, 12, 13, 17, 17, 14, 17, 20, 18, 22, 20, 13, 23, 24, 25, 26]
[4, 4, 4, 0, 8, 8, 8, 4]
[6, 1, 2, 6, 6, 0, 9, 9, 6, 6, 14, 11, 11, 10, 14, 17, 15, 6, 6, 23, 23, 23, 19, 23, 27, 27, 24, 19, 30, 28, 30, 33, 30, 33, 34, 30, 38, 36, 40, 41, 38, 43, 41]
[8, 1, 2, 3, 6, 4, 8, 0, 14, 9, 12, 10, 14, 8, 16, 14]
[0, 7, 7, 3, 6, 3, 1, 7, 10, 8]
[3, 3, 5, 5, 0, 5, 9, 9, 6, 9, 6, 15, 15, 15, 6, 5]
[3, 3, 4, 0, 4, 4, 6, 6, 4, 11, 9, 13, 11, 13, 14, 14, 14, 21, 21, 21, 14, 21, 21, 21, 21, 21, 29, 29, 26]
[21, 1, 5, 5, 2, 5, 9, 9, 6, 11, 21, 11, 17, 15, 17, 17, 12, 21, 21, 21, 0, 21, 24, 22]
[3, 3, 5, 5, 0]
[2, 5, 2, 3, 0, 7, 5, 5, 11, 11, 8, 5, 5, 13, 13, 15, 16, 16, 22, 22, 22, 15, 22, 23, 22]
[0, 3, 1, 3, 8, 8, 8, 4, 3, 9, 13, 13, 10]
[14, 4, 4, 1, 4, 8, 8, 4, 8, 11, 8, 14, 14, 0, 14, 14, 16, 20, 20, 17]
[0, 1, 2, 6, 6, 3, 6, 1]
[4, 3, 4, 0, 4, 7, 5, 7, 17, 12, 12, 13, 17, 17, 17, 17, 7, 17, 20, 17]
[5, 3, 5, 5, 0, 5, 8, 6, 8, 11, 9, 11, 11]
[10, 1, 2, 3, 4, 8, 8, 5, 10, 0, 10, 11, 17, 17, 14, 15, 12, 17, 20, 18, 23, 23, 20, 29, 29, 29, 28, 29, 23]
[2, 0, 2, 3, 4, 5, 2, 9, 7, 9, 10, 14, 14, 17, 17, 17, 9, 17, 22, 22, 22, 18, 26, 26, 26, 22, 26, 29, 27]
[0, 1, 1, 3, 7, 7, 4, 7, 1, 13, 10, 13, 1, 20, 16, 20, 20, 20, 20, 13, 22, 20, 22, 23, 26, 24, 29, 29, 26]
[3, 3, 0, 3, 4, 4, 9, 9, 6]
[4, 4, 4, 0, 6, 4, 8, 6]
[6, 4, 4, 1, 6, 0, 6, 9, 7, 13, 13, 13, 16, 13, 13, 9, 16, 19, 17, 16, 16, 21, 22, 26, 26, 23]
[2, 4, 4, 0, 4, 4, 12, 12, 12, 11, 12, 6, 12, 6, 16, 14, 16, 16]
[3, 3, 13, 3, 4, 11, 11, 11, 11, 11, 5, 13, 0, 13, 17, 17, 14, 13, 18, 19]
[4, 3, 4, 0]
[5, 3, 5, 5, 0, 5, 19, 9, 19, 9, 12, 10, 9, 17, 17, 17, 18, 13, 5, 19, 22, 20]
[10, 4, 4, 1, 4, 4, 4, 7, 4, 0, 10, 11, 14, 12, 14, 15]
[2, 0, 5, 5, 8, 7, 5, 2, 2, 9, 12, 9, 14, 2, 14, 17, 15, 17, 21, 21, 18, 21, 25, 25, 22, 17, 26]
[0]
[2, 4, 4, 0, 4, 4, 9, 9, 4, 12, 12, 9, 4, 15, 4]
[0, 1, 1, 5, 3, 7, 1, 7]
[2, 0, 2, 3, 7, 7, 2, 9, 7, 11, 12, 9]
[5, 5, 5, 5, 0, 5, 6, 9, 5, 12, 12, 9, 5, 16, 16, 5, 16]
[2, 0, 6, 6, 6, 2, 6]
[2, 0, 2, 3, 2, 7, 9, 7, 5, 2, 17, 11, 14, 12, 16, 17, 2, 20, 18, 17, 20, 20, 24, 20]
[3, 3, 18, 3, 7, 7, 4, 3, 11, 11, 8, 17, 17, 17, 17, 17, 11, 0, 18, 18, 24, 23, 24, 20]
[3, 3, 0, 3, 6, 7, 3, 7]
[3, 3, 0, 3, 6, 7, 4, 7, 10, 7, 10, 13, 11, 3]
[0, 1, 7, 7, 7, 7, 2]
[5, 5, 5, 5, 10, 5, 6, 9, 10, 0, 10, 14, 14, 11, 10, 17, 15, 20, 20, 17, 20, 21, 22, 20, 24, 25, 26]
[6, 4, 4, 6, 6, 0, 6, 9, 10, 7, 10, 11, 12, 13, 13]
[8, 8, 4, 8, 8, 7, 8, 0, 11, 11, 8, 13, 11, 16, 16, 11, 16, 16, 18]
[3, 3, 0, 5, 3, 5, 6, 10, 10, 7, 12, 3, 23, 15, 23, 20, 18, 20, 20, 15, 23, 23, 12, 23, 26, 24, 26, 27]
[3, 3, 0, 3, 3, 7, 5, 3, 12, 11, 12, 8, 14, 12, 14, 17, 15, 17, 22, 22, 22, 18]
[0, 1, 4, 2, 4]
[2, 0, 2, 5, 2, 5, 9, 9, 5]
[10, 4, 4, 1, 9, 7, 9, 9, 10, 0, 13, 13, 10, 15, 13, 15, 16, 21, 21, 21, 17, 17, 17, 27, 26, 27, 23, 27, 30, 28]
[4, 1, 1, 0, 7, 7, 4, 7, 11, 11, 8, 13, 11, 13, 16, 14]
[0, 8, 4, 8, 4, 4, 8, 1, 1, 11, 9]
[2, 0, 2, 3, 6, 4, 6, 6, 6]
[2, 0, 2, 8, 8, 8, 8, 2, 8, 2, 12, 2, 12, 17, 17, 17, 12]
[5, 5, 5, 5, 0, 5, 9, 9, 11, 11, 5, 11, 12, 13, 24, 17, 24, 17, 18, 24, 24, 21, 24, 13, 24, 25]
[2, 0]
[2, 0, 4, 2, 4, 5, 10, 10, 10, 6, 13, 13, 10, 13, 16, 13]
[3, 3, 19, 5, 3, 7, 5, 7, 13, 13, 13, 13, 8, 13, 13, 18, 18, 7, 0, 22, 22, 19, 22, 29, 24, 24, 28, 24, 23]
[0, 3, 1, 3, 6, 4, 6, 7, 3, 11, 9, 11, 12, 11, 11, 15, 16, 20, 20, 11, 20, 21, 20, 26, 26, 20, 26, 27, 31, 31, 28, 31, 32]
[2, 0, 2, 2, 6, 2, 8, 6, 10, 8, 12, 10, 10, 13, 14, 15, 18, 16, 2, 23, 23, 23, 2, 23, 27, 27, 24, 27, 30, 28, 23, 34, 34, 31]
[4, 4, 4, 0, 7, 7, 4, 7, 10, 7, 10, 16, 16, 16, 16, 10, 16]
[2, 6, 6, 6, 6, 0, 10, 10, 10, 6, 10, 10, 14, 12, 14, 15]
[3, 3, 15, 3, 7, 7, 4, 7, 10, 8, 10, 14, 14, 11, 0, 15, 16, 17, 20, 15, 23, 23, 20, 23, 27, 27, 23]
[2, 11, 4, 2, 6, 4, 4, 9, 7, 11, 0, 11, 14, 12, 14, 17, 14]
[3, 3, 0, 3, 7, 7, 4, 9, 7, 11, 9, 9, 9, 15, 13]
[2, 0, 2, 9, 9, 5, 8, 5, 3, 9, 12, 10]
[2, 3, 0, 6, 6, 3, 6, 7, 12, 12, 12, 8, 12, 12, 12, 15]
[5, 5, 5, 5, 0, 7, 5, 9, 7, 9, 12, 10]
[10, 3, 1, 3, 8, 5, 8, 4, 10, 0, 10, 11, 18, 15, 18, 15, 15, 12]
[14, 3, 1, 3, 3, 7, 3, 9, 7, 7, 12, 10, 14, 0, 14, 14, 19, 19, 16, 19, 22, 20]
[3, 3, 0, 3, 6, 4, 6, 6, 8, 12, 12, 9, 3, 16, 16, 3, 16, 16, 20, 18, 23, 23, 20, 26, 24, 29, 29, 29, 23]
[8, 4, 4, 1, 4, 8, 8, 0, 10, 8, 13, 13, 10, 15, 13, 17, 15, 17, 21, 21, 18]
[2, 0, 2, 2, 6, 4, 8, 14, 14, 12, 12, 14, 14, 2, 14, 15, 16, 20, 20, 17, 14, 21]
[10, 1, 5, 5, 1, 5, 8, 6, 10, 0, 12, 10, 12, 15, 13, 12, 12, 17, 12, 24, 24, 23, 24, 12, 24, 25]
[11, 3, 1, 3, 7, 7, 4, 11, 11, 11, 0, 11, 12, 12]
[4, 1, 4, 0, 4, 5, 4, 4, 4, 9, 9, 14, 14, 11, 16, 14, 19, 19, 16, 22, 22, 16]
[0, 3, 1, 3, 6, 3, 8, 3, 8, 8, 12, 8, 12, 16, 16, 12, 19, 19, 16]
[2, 0, 4, 2, 2, 5, 10, 10, 10, 6, 10, 11, 12, 12, 16, 14, 12, 17]
[0, 4, 4, 1, 6, 4, 6, 6, 4, 12, 12, 9, 16, 16, 16, 12, 9, 9, 18, 18, 22, 20]
[4, 4, 4, 0, 6, 4, 6, 9, 7]
[2, 6, 4, 6, 6, 7, 0, 10, 10, 7, 17, 14, 14, 17, 17, 17, 10, 17, 20, 18, 7]
[2, 0, 2, 5, 3, 2, 10, 10, 8, 2, 10, 11, 12, 15, 13, 15, 20, 20, 20, 16]
[0, 1, 2, 7, 6, 7, 3, 7, 11, 11, 8, 13, 7, 13, 14]
[3, 3, 26, 5, 3, 5, 6, 11, 10, 11, 7, 11, 12, 15, 13, 18, 18, 26, 18, 21, 18, 18, 24, 22, 26, 0, 26]
[0, 1, 5, 5, 2, 5, 6, 1]
[3, 3, 7, 6, 6, 7, 0, 7, 10, 8, 7, 16, 16, 16, 16, 11]
[3, 3, 0, 5, 3, 5, 5]
[3, 3, 4, 0, 4, 4, 6, 7, 7, 11, 9, 13, 6]
[2, 5, 5, 5, 0, 7, 5, 10, 10, 7, 12, 10, 15, 15, 12, 5, 18, 5, 21, 21, 18, 23, 21, 18, 18, 28, 28, 31, 31, 31, 25, 25, 32, 33]
[2, 0, 4, 2, 6, 4, 8, 6, 8, 8, 10, 11, 2, 19, 19, 19, 19, 19, 2, 19, 24, 24, 24, 20, 19, 27, 25]
[2, 5, 2, 3, 0, 7, 5, 9, 7, 9, 12, 10, 12, 15, 9, 15, 18, 16, 18, 18, 7, 7, 28, 28, 28, 25, 25, 22, 30, 28, 30, 31]
[5, 3, 1, 5, 0, 5, 5, 10, 10, 7, 5, 11, 16, 16, 16, 12, 16, 21, 21, 21, 17]
[0, 3, 1, 3]
[2, 0]
[5, 5, 5, 5, 34, 5, 6, 7, 8, 9, 8, 14, 14, 11, 5, 34, 34, 17, 20, 18, 22, 24, 24, 17, 28, 28, 28, 24, 28, 29, 33, 33, 30, 0, 34, 34, 36, 39, 37]
[0, 3, 1, 3, 4, 7, 5, 9, 3, 9, 10, 13, 9, 15, 13, 15]
[4, 4, 4, 0, 8, 8, 8, 4, 4, 19, 19, 19, 19, 16, 16, 19, 16, 16, 4, 22, 22, 19, 24, 22, 26, 24]
[9, 4, 4, 1, 9, 5, 8, 6, 0, 13, 13, 13, 9, 15, 13]
[3, 3, 0, 3, 6, 3, 3, 10, 10, 7, 12, 10, 16, 16, 16, 12, 7, 7, 22, 22, 22, 18, 24, 22, 26, 24, 26, 26]
[2, 11, 6, 5, 6, 11, 6, 9, 7, 11, 0, 11, 15, 15, 12, 15, 15]
[4, 3, 4, 0, 4, 5, 8, 6]
[9, 1, 4, 2, 9, 9, 9, 9, 0, 12, 12, 9, 12, 15, 13]
[3, 3, 0]
[3, 3, 0, 5, 3, 7, 5, 7, 8, 16, 16, 16, 16, 16, 16, 3, 19, 19, 16, 21, 19, 25, 24, 25, 21]
[2, 0, 2, 3, 2, 8, 8, 5, 8, 9, 12, 16, 12, 15, 12, 10, 16, 19, 17, 19, 22, 20]
[4, 4, 4, 0, 7, 7, 4, 7, 11, 11, 8]
[2, 0, 2, 2, 4, 9, 9, 9, 5, 9, 15, 11, 14, 11, 2, 15, 16, 19, 20, 17, 22, 20, 26, 26, 26, 22, 28, 26]
[3, 3, 17, 3, 7, 7, 4, 7, 11, 11, 8, 7, 12, 16, 16, 17, 0, 19, 17, 21, 19, 26, 26, 26, 26, 21, 26, 27, 28, 31, 29]
[2, 0, 2, 2, 2, 9, 9, 9, 5, 16, 16, 13, 16, 13, 16, 2, 16, 16, 20, 18]
[2, 4, 4, 0, 4, 4, 4, 7, 10, 4, 12, 10, 12, 16, 16, 13]
[2, 8, 2, 2, 8, 8, 8, 0, 8, 14, 14, 14, 14, 8, 14, 21, 16, 17, 21, 21, 14]
[4, 4, 4, 0, 4, 8, 8, 5, 5, 11, 9]
[4, 4, 4, 0, 4, 8, 8, 5, 10, 8, 12, 10]
[3, 3, 0, 5, 3, 3, 8, 3, 10, 8, 12, 10, 14, 12]
[2, 0, 2, 3, 2, 7, 5, 2, 8, 12, 12, 9, 14, 2, 21, 18, 18, 21, 21, 21, 14, 21, 24, 26, 26, 22, 30, 30, 30, 21, 30, 33, 31]
[2, 0, 5, 5, 2, 5, 10, 9, 10, 6, 10, 14, 14, 11]
[2, 3, 0, 6, 6, 3, 3, 9, 17, 9, 9, 11, 14, 12, 16, 17, 3]
[2, 5, 5, 5, 0, 8, 8, 5, 8, 11, 8, 15, 15, 15, 11]
[0, 3, 1, 5, 3, 3, 6, 9, 7, 7, 13, 13, 10]
[3, 3, 12, 5, 3, 5, 8, 11, 11, 11, 5, 0, 15, 15, 12, 15, 19, 19, 21, 21, 16, 15, 27, 27, 27, 27, 15]
[3, 3, 11, 3, 3, 7, 9, 7, 10, 3, 0, 13, 11, 13, 17, 17, 14]
[14, 1, 6, 6, 6, 2, 6, 7, 8, 8, 12, 14, 14, 0, 16, 14, 14, 20, 20, 14, 20, 23, 21]
[2, 4, 4, 0, 4, 5]
[5, 5, 5, 5, 0, 9, 8, 9, 5, 11, 9]
[3, 3, 0, 5, 3, 5, 5, 11, 11, 11, 7, 11, 11, 17, 17, 17, 13, 22, 22, 22, 22, 3, 25, 25, 22, 27, 28, 25]
[5, 5, 5, 5, 0, 12, 9, 9, 12, 12, 12, 5, 12, 13]
[2, 15, 2, 2, 2, 7, 5, 7, 14, 14, 13, 13, 14, 8, 0, 19, 18, 19, 15, 19, 24, 23, 24, 19, 26, 24, 34, 34, 30, 34, 30, 34, 34, 24, 34, 39, 39, 39, 35, 39, 42, 40]
[7, 3, 7, 3, 6, 3, 0, 7, 8, 9, 14, 14, 14, 10]
[4, 4, 4, 0, 4, 8, 8, 4, 8, 9, 12, 4, 16, 16, 16, 12, 18, 16, 20, 18, 18, 23, 21]
[3, 3, 0, 3, 4, 11, 6, 11, 11, 11, 3, 11]
[2, 3, 0, 6, 6, 3, 6, 10, 10, 6, 12, 10, 12, 15, 13, 12, 19, 19, 16, 19, 20]
[2, 3, 0, 3, 4, 8, 8, 5, 4, 11, 9, 15, 15, 15, 4, 3, 19, 19, 3, 19, 20]
[2, 0, 5, 5, 2, 2, 8, 6, 12, 12, 12, 2, 12, 21, 16, 21, 21, 21, 21, 21, 13, 24, 24, 21]
[3, 3, 12, 3, 6, 4, 9, 9, 6, 12, 12, 0]
[3, 3, 0, 3, 6, 4, 3]
[2, 10, 4, 5, 2, 10, 10, 10, 10, 0, 18, 18, 14, 18, 14, 15, 18, 10, 22, 19, 19, 18, 22, 25, 23]
[2, 3, 0, 8, 8, 8, 8, 3]
[2, 3, 0, 3, 6, 4]
[3, 3, 5, 5, 0, 7, 5, 9, 7, 9, 10, 9, 14, 12]
[2, 0, 6, 6, 6, 2, 6, 10, 10, 6, 14, 14, 14, 6, 14, 14, 14, 21, 21, 21, 17, 21, 21, 17, 17, 25, 26, 30, 30, 27]
[4, 4, 2, 0, 4, 4]
[2, 8, 2, 7, 7, 7, 2, 0, 8, 9, 9]
[6, 6, 6, 6, 6, 8, 8, 0, 8, 11, 9, 15, 12, 15, 11, 18, 18, 15, 15, 21, 15, 15, 25, 25, 22]
[2, 9, 2, 5, 3, 5, 9, 9, 0]
[2, 0, 4, 2, 6, 4, 6, 10, 10, 7, 15, 15, 15, 15, 4, 17, 15, 17, 17, 17]
[0, 1, 4, 2, 4, 7, 4, 1, 10, 8, 12, 1, 19, 13, 17, 17, 14, 17, 12, 22, 22, 19, 26, 25, 26, 22]
[0, 4, 4, 1, 1, 1, 8, 6, 10, 8]
[5, 4, 4, 1, 0, 7, 8, 5, 5, 11, 5, 11, 12, 13, 16, 14, 19, 19, 16]
[3, 3, 0, 3, 6, 3, 6, 3, 10, 11, 3, 11, 18, 15, 18, 17, 18, 12]
[0, 4, 4, 1, 4, 8, 8, 5, 8, 11, 9, 16, 16, 16, 14, 1]
[2, 0, 5, 5, 2, 5, 6, 6, 6]
[5, 1, 4, 2, 0, 7, 5, 5, 11, 11, 5, 16, 16, 15, 16, 11]
[5, 3, 5, 5, 6, 0, 8, 6, 11, 11, 8]
[2, 4, 4, 0, 6, 4]
[2, 4, 4, 0, 4, 8, 8, 5, 8, 9, 10]
[3, 3, 0, 6, 6, 3, 6, 11, 10, 11, 6, 11, 11, 11, 14, 15]
[0, 4, 4, 1, 4, 7, 4, 1, 1, 11, 9, 11, 14, 12, 16, 14, 16, 20, 20, 21, 17, 23, 21, 23, 24, 21]
[2, 0, 2, 5, 3, 8, 8, 5, 8, 2, 2, 13, 11, 13, 14, 19, 19, 19, 15, 2]
[7, 3, 5, 5, 1, 7, 0, 7, 7, 12, 12, 9, 12, 12, 12, 17, 15, 12, 22, 22, 22, 18]
[2, 0, 2, 6, 6, 3, 11, 9, 11, 11, 2, 13, 11, 13, 16, 14, 16, 19, 16]
[6, 6, 4, 2, 6, 0, 9, 9, 6, 9, 14, 14, 14, 10]
[3, 3, 8, 3, 6, 4, 8, 0, 8, 8, 13, 13, 10, 17, 17, 17, 13, 22, 22, 22, 22, 17]
[6, 6, 2, 2, 6, 13, 11, 11, 11, 11, 13, 11, 0, 13, 13, 19, 19, 19, 15]
[0, 3, 1, 5, 1, 5, 8, 6, 12, 12, 12, 5]
[0, 3, 1, 3, 4, 5, 10, 9, 10, 6, 10]
[4, 4, 4, 0, 4, 8, 8, 4, 10, 8, 8, 15, 15, 13, 11]
[2, 9, 2, 5, 3, 5, 5, 9, 0, 9, 14, 14, 14, 15, 9, 17, 15, 19, 17, 19]
[7, 3, 1, 7, 7, 7, 0, 7, 10, 7, 10, 11, 12, 15, 13, 15, 18, 16]
[3, 3, 4, 0, 4, 5, 5, 5, 11, 11, 8, 11, 16, 16, 16, 12, 20, 20, 20, 16, 20, 21, 25, 25, 22]
[2, 0, 4, 2, 4, 11, 11, 7, 10, 8, 5, 11, 14, 12, 16, 14]
[9, 3, 1, 3, 4, 5, 8, 9, 0, 15, 15, 11, 15, 15, 9, 17, 15, 17]
[3, 3, 5, 5, 0, 5, 6, 9, 7, 9, 12, 10, 12, 16, 16, 12, 16, 17, 18, 19, 18, 18, 24, 18]
[3, 3, 0]
[3, 3, 5, 5, 0, 5, 5, 10, 10, 7, 10, 5, 17, 17, 17, 17, 22, 19, 17, 21, 19, 5, 25, 25, 22]
[3, 3, 0, 3, 7, 7, 4, 7, 10, 8]
[6, 6, 6, 6, 6, 0, 6, 7]
[4, 3, 4, 9, 6, 4, 8, 9, 0]
[7, 1, 2, 3, 4, 7, 0, 11, 10, 11, 7, 11, 14, 11]
[2, 0, 2, 6, 6, 3, 6, 6, 8, 11, 9]
[15, 3, 1, 3, 6, 3, 6, 11, 11, 11, 7, 15, 15, 15, 0, 18, 18, 15]
[3, 3, 0, 7, 7, 7, 3, 9, 7, 11, 9, 11, 14, 12, 14, 15, 19, 19, 16]
[3, 3, 0, 3, 9, 7, 9, 9, 4]
[13, 1, 4, 2, 4, 7, 5, 13, 13, 13, 13, 13, 0, 15, 13, 15, 21, 21, 21, 21, 16, 15, 24, 22, 24, 27, 24]
[7, 4, 4, 7, 7, 7, 19, 10, 10, 7, 7, 11, 12, 13, 14, 15, 19, 19, 0, 19, 19, 21, 22, 23, 26, 22]
[2, 0, 2, 6, 6, 3, 11, 9, 11, 11, 6, 13, 14, 11, 16, 11, 18, 16, 22, 21, 22, 18, 22, 30, 30, 30, 30, 27, 27, 22]
[2, 3, 0, 6, 6, 3, 6, 10, 10, 7, 10, 11, 11, 11, 14, 15, 18, 16, 10, 19, 20, 20, 24, 22, 26, 19, 29, 29, 26]
[3, 3, 19, 3, 3, 10, 8, 10, 10, 5, 10, 10, 10, 15, 13, 17, 19, 19, 0, 19, 24, 24, 24, 20]
[0, 3, 1, 3, 3, 1, 8, 9, 1, 11, 9, 15, 14, 15, 11, 15, 15, 23, 23, 23, 23, 23, 15, 26, 26, 23, 28, 26]
[2, 0, 5, 5, 2, 7, 5, 9, 7, 9, 9, 9, 12, 12]
[2, 3, 0, 3, 4, 7, 18, 7, 14, 14, 14, 14, 14, 8, 18, 18, 18, 3]
[2, 3, 0, 6, 6, 12, 6, 10, 10, 7, 10, 3, 14, 12]
[2, 0, 4, 2, 6, 4, 6, 9, 6]
[3, 3, 0, 5, 3, 3]
[16, 10, 5, 5, 6, 10, 6, 7, 10, 1, 10, 13, 11, 16, 16, 0]
[3, 3, 0, 3, 6, 4, 6, 6, 6, 11, 9, 11, 12, 11, 17, 17, 14, 17, 17]
[5, 5, 4, 5, 0, 5, 8, 6]
[3, 3, 0, 3, 4]
[0, 3, 1, 8, 6, 8, 8, 1, 1, 12, 12, 1, 15, 15, 12]
[3, 3, 0, 3, 7, 7, 3, 7, 10, 8]
[3, 3, 0, 3, 4, 8, 8, 5, 11, 11, 8, 11, 14, 12]
[2, 3, 0, 5, 6, 3, 6, 6, 10, 8, 17, 11, 15, 15, 17, 17, 10]
[0, 1, 1, 3, 7, 7, 4, 7, 7, 1, 12, 10]
[2, 7, 2, 2, 7, 7, 0, 9, 7, 9, 12, 10, 17, 15, 17, 17, 7, 20, 20, 7, 20, 23, 21, 23, 26, 24]
[2, 0, 2, 6, 6, 3, 11, 11, 11, 11, 6]
[3, 3, 0, 5, 3, 7, 5]
[3, 3, 8, 8, 6, 4, 8, 0]
[2, 3, 0, 5, 3, 7, 5, 7, 8, 9, 9, 3, 3, 15, 13, 13, 18, 16, 18, 23, 22, 23, 19]
[2, 0, 5, 5, 2, 9, 9, 9, 2, 13, 13, 13, 9, 13, 17, 17, 14, 9, 9, 19, 20, 19, 22, 23, 26, 24]
[6, 6, 2, 5, 2, 0, 6, 11, 11, 11, 7, 11]
[0, 3, 1, 14, 9, 7, 9, 9, 14, 11, 9, 13, 14, 1, 14]
[2, 0, 4, 2, 2, 7, 5]
[3, 3, 0]
[3, 3, 8, 8, 7, 7, 8, 0, 8, 13, 13, 13, 9, 15, 16, 13, 16]
[2, 5, 4, 5, 7, 7, 0, 7]
[0, 7, 5, 5, 7, 7, 1, 7, 8, 13, 13, 13, 9]
[4, 3, 4, 0]
[4, 4, 4, 11, 4, 8, 8, 5, 11, 11, 0, 11, 12, 11, 14, 14, 16, 17, 18]
[4, 4, 4, 7, 7, 7, 0, 7, 10, 7]
[15, 5, 5, 5, 15, 5, 6, 7, 10, 7, 10, 13, 11, 15, 23, 15, 15, 23, 23, 23, 23, 23, 0, 23, 26, 24]
[2, 0, 2, 5, 3, 2, 8, 6, 6, 6, 12, 6, 18, 16, 16, 18, 18, 12, 18, 23, 23, 23, 18, 18, 24, 27, 25, 29, 27]
[2, 5, 5, 5, 0, 5, 10, 9, 10, 6, 10, 5, 14, 5, 19, 19, 19, 17, 14, 19, 20, 14, 24, 14, 27, 27, 24, 27, 28, 29, 32, 30, 35, 35, 32, 35, 29, 40, 40, 29, 40, 40]
[2, 15, 2, 6, 6, 3, 6, 9, 6, 15, 15, 15, 15, 15, 0, 15, 19, 19, 16, 19, 22, 20]
[3, 3, 0, 3, 6, 4, 8, 6, 8, 8, 10, 11]
[2, 0, 4, 2, 4, 4, 10, 7, 7, 6, 10, 16, 16, 13, 13, 10]
[2, 4, 4, 0, 4]
[3, 3, 0, 6, 6, 3, 8, 10, 10, 6, 10, 13, 11, 13, 14]
[8, 1, 7, 7, 7, 7, 2, 0, 8, 11, 9, 13, 11, 13, 14, 18, 18, 11, 22, 22, 22, 18, 22, 25, 23, 18, 29, 29, 18, 29, 32, 29, 32]
[2, 3, 0, 3, 4]
[0]
[2, 11, 2, 3, 4, 4, 2, 10, 10, 7, 0, 11, 12, 13, 16, 11, 16, 17, 20, 16, 20, 20, 22, 23, 24]
[2, 4, 4, 0, 4, 4, 8, 4, 8, 11, 9]
[3, 3, 0, 3, 8, 8, 8, 3, 10, 11, 3, 11, 14, 12, 14, 17, 15, 14, 20, 14, 20, 25, 22, 22, 21]
[0, 1, 4, 2, 1, 1, 6, 7, 10, 7, 10, 13, 11, 16, 16, 7, 21, 21, 21, 21, 16, 21, 21, 25, 23, 25, 29, 29, 26]
[0, 1, 4, 1, 4, 7, 5, 11, 11, 11, 1, 13, 11, 13, 13, 13]
[6, 6, 6, 5, 6, 0, 6, 10, 10, 6, 10, 14, 14, 10]
[6, 6, 6, 5, 6, 0, 6, 7, 6]
[2, 8, 2, 2, 2, 5, 8, 0, 8, 11, 15, 11, 14, 11, 8]
[0, 3, 1, 5, 3, 7, 5, 1]
[2, 0, 4, 2, 2, 8, 6, 5, 8, 9, 8, 14, 14, 8, 14, 15]
[2, 3, 0, 3, 3, 9, 8, 9, 5, 9, 14, 14, 14, 10, 9, 17, 15, 19, 17, 19, 17, 25, 22, 25, 17, 25, 26]
[2, 3, 0, 7, 7, 7, 3, 7, 8, 11, 9, 13, 7]
[2, 0, 5, 5, 2]
[2, 0, 2, 3, 4, 8, 8, 5, 10, 8, 10, 13, 10]
[3, 3, 4, 0, 6, 4, 6, 9, 7, 9, 9, 13, 6, 15, 25, 17, 15, 20, 20, 17, 20, 25, 25, 25, 4, 28, 28, 25, 28, 29]
[2, 4, 4, 0, 6, 8, 8, 4]
[4, 4, 4, 0, 4, 5]
[0, 1, 2, 3, 4, 5, 6, 10, 10, 1, 10, 15, 14, 15, 11]
[3, 3, 0, 3, 7, 7, 4]
[2, 0, 5, 5, 2, 7, 5, 7, 10, 7, 10, 17, 17, 17, 17, 17, 11, 2, 20, 22, 22, 2, 24, 22, 24]
[2, 0, 4, 2, 4, 4, 9, 9, 6, 9, 12, 10]
[4, 4, 4, 0, 6, 4, 6, 11, 11, 11, 7, 13, 11, 17, 17, 17, 13]
[3, 1, 0, 3, 6, 8, 8, 3, 8, 11, 9, 11, 17, 17, 14, 14, 12, 8, 8, 22, 22, 19, 3, 3, 26, 24, 26, 29, 27]
[2, 6, 6, 6, 6, 0, 6, 7, 6, 6, 10, 13, 11, 13, 13, 17, 13, 19, 17]
[10, 4, 4, 1, 4, 7, 4, 9, 10, 0, 12, 10, 12, 12, 16, 14, 16, 19, 17, 12, 26, 23, 26, 26, 26, 20, 26, 26, 28]
[3, 3, 5, 5, 0, 9, 9, 9, 5, 9, 12, 10, 14, 5, 17, 17, 14, 5, 21, 21, 18, 21, 24, 22, 27, 27, 24, 38, 38, 31, 29, 31, 31, 38, 38, 35, 38, 22]
[6, 1, 2, 5, 3, 0, 6, 6, 10, 8, 14, 14, 14, 10, 17, 17, 14, 20, 20, 17]
[4, 3, 4, 16, 4, 5, 8, 4, 8, 11, 9, 11, 14, 11, 14, 0, 16, 16, 20, 18]
[2, 0, 2, 2, 4, 5, 2, 9, 7, 9, 13, 13, 10, 15, 22, 22, 16, 19, 22, 22, 22, 13]
[3, 3, 4, 0, 4, 9, 9, 9, 4, 4, 12, 14, 14, 4, 14, 14, 14, 17, 20, 18, 20, 23, 20]
[4, 4, 4, 0, 4, 10, 10, 10, 10, 5, 10, 10, 12, 4, 21, 18, 18, 19, 21, 21, 4, 23, 21]
[4, 3, 4, 0, 4, 7, 5, 7, 7, 11, 7, 11, 15, 15, 11, 15, 16, 15, 15]
[5, 5, 5, 5, 7, 7, 0, 7, 8, 9, 12, 10]
[8, 4, 4, 8, 4, 5, 8, 0, 10, 8, 10]
[0, 6, 6, 3, 3, 1, 6, 9, 6, 9, 10, 11, 12, 13]
[8, 8, 8, 5, 8, 8, 8, 0]
[2, 0, 2, 2, 6, 4, 6, 9, 7, 2, 13, 13, 2, 15, 13, 13, 16, 17, 17]
[2, 5, 4, 2, 0, 10, 10, 10, 10, 5, 10, 13, 14, 11, 14, 18, 18, 14, 18, 19]
[2, 9, 2, 2, 2, 5, 9, 9, 0]
[5, 5, 5, 5, 0, 8, 8, 5, 8]
[2, 0, 4, 2, 6, 4, 6, 6, 11, 11, 8, 2, 14, 2, 16, 14, 20, 20, 20, 16]
[2, 0, 2, 2, 4, 5, 8, 6]
[2, 12, 2, 2, 2, 7, 2, 2, 11, 11, 8, 0, 14, 15, 12, 15, 16]
[2, 0, 2, 5, 3, 5, 5, 16, 12, 12, 12, 16, 12, 13, 16, 2, 18, 16, 20, 18]
[4, 4, 4, 0, 4, 7, 5, 10, 10, 7, 10]
[5, 5, 5, 5, 0, 5, 5, 12, 12, 9, 9, 5, 14, 12, 14, 14, 18, 14, 14, 21, 19]
[2, 0, 2, 7, 7, 7, 2, 7, 12, 12, 12, 7, 12, 15, 13]
[2, 0, 8, 8, 4, 4, 8, 2, 2, 11, 9]
[2, 0, 2, 2, 6, 4]
[4, 4, 4, 0, 6, 4]
[13, 3, 13, 3, 4, 13, 13, 9, 13, 9, 12, 9, 0]
[2, 6, 6, 6, 6, 0, 10, 10, 10, 6, 13, 13, 10, 10, 10, 18, 18, 15, 20, 18]
[5, 3, 4, 5, 0, 5, 9, 9, 5, 9, 12, 10, 9, 16, 16, 13, 16, 22, 22, 22, 22, 17]
[5, 5, 5, 5, 0, 5, 8, 6, 5, 11, 5, 14, 14, 11, 14, 18, 18, 15, 14, 22, 22, 14, 22, 26, 26, 23]
[2, 0, 15, 5, 15, 5, 9, 9, 6, 9, 12, 10, 15, 15, 2, 15, 20, 20, 20, 15, 15, 24, 24, 21]
[4, 3, 4, 0, 4, 7, 5, 10, 10, 7, 10, 15, 14, 15, 11]
[2, 4, 2, 0, 6, 4, 4, 9, 7, 9, 10, 10, 10, 13, 17, 17, 14, 17, 18]
[4, 4, 4, 8, 8, 8, 8, 0]
[3, 3, 0, 5, 3]
[2, 0, 2, 2, 7, 7, 2, 7, 10, 7, 2, 13, 14, 11, 19, 19, 16, 16, 14, 24, 24, 24, 24, 19]
[2, 0, 2, 5, 2, 10, 10, 10, 10, 5, 10, 17, 12, 17, 17, 17, 10]
[2, 3, 0, 5, 3, 5, 9, 9, 5, 9, 9, 11, 9, 18, 16, 18, 18, 9, 20, 18]
[10, 10, 6, 6, 6, 2, 6, 7, 10, 0, 13, 13, 10, 17, 17, 17, 13, 19, 17, 19, 24, 24, 24, 20, 17, 27, 25]
[0, 7, 7, 7, 4, 4, 1, 10, 10, 1, 13, 13, 10, 15, 13, 15, 16, 13, 20, 18]
[4, 4, 4, 0, 4, 5, 10, 10, 10, 4]
[5, 5, 5, 5, 11, 7, 5, 7, 10, 11, 0, 11, 11, 13, 16, 14, 16, 17, 11, 21, 11, 21, 24, 22, 22, 22, 29, 29, 26, 34, 32, 34, 34, 21, 34, 34, 36]
[3, 3, 15, 3, 8, 8, 8, 4, 8, 12, 12, 8, 15, 15, 0, 15, 18, 16, 15, 22, 22, 26, 26, 26, 26, 15, 26, 29, 27]
[5, 5, 2, 2, 0]
[2, 4, 4, 0, 4, 4, 6, 9, 7, 11, 4, 11, 12, 4, 14, 18, 18, 14, 4, 4, 22, 20, 26, 26, 26, 22, 29, 29, 26, 34, 34, 34, 34, 20, 34, 39, 39, 39, 34, 39, 42, 40, 34, 45, 43]
[0, 3, 1, 3, 4, 5, 5, 5, 8, 8]
[3, 3, 11, 5, 3, 7, 5, 9, 7, 9, 0, 11, 16, 16, 16, 12, 18, 19, 16, 19, 22, 20, 19]
[4, 1, 4, 5, 0, 7, 9, 9, 5, 9, 10, 9]
[9, 1, 7, 7, 7, 7, 2, 9, 0, 11, 9, 13, 11, 13, 18, 18, 18, 14, 13, 13, 22, 13, 25, 23, 22]
[3, 3, 0, 3, 6, 4]
[2, 6, 6, 6, 6, 0, 6, 9, 15, 9, 9, 9, 9, 13, 6, 15, 16]
[4, 4, 4, 0]
[2, 0, 4, 2, 13, 7, 13, 7, 10, 8, 13, 13, 2, 2]
[4, 4, 4, 0]
[20, 5, 5, 5, 1, 5, 6, 9, 7, 9, 12, 10, 12, 15, 12, 20, 20, 20, 20, 0, 22, 20, 24, 22, 24, 29, 29, 29, 25, 29, 29]
[2, 4, 4, 0, 4, 7, 4]
[2, 0, 2, 6, 6, 3, 10, 10, 10, 2, 13, 13, 10, 13, 13, 17, 15, 17, 21, 21, 18, 10, 10, 27, 27, 27, 23]
[2, 3, 0, 3, 4, 4, 8, 6]
[2, 0, 2, 6, 6, 2, 6, 9, 7, 9, 12, 10]
[2, 4, 4, 0, 4, 7, 4]
[2, 10, 2, 2, 6, 4, 6, 6, 10, 0, 12, 10]
[4, 1, 4, 0, 25, 25, 8, 6, 12, 12, 12, 8, 12, 13, 12, 18, 18, 15, 18, 23, 23, 23, 19, 25, 4, 27, 25, 27, 28, 33, 33, 33, 29, 33, 33, 37, 35, 37, 40, 38]
[3, 3, 0, 5, 3, 7, 8, 5, 8, 8, 10, 15, 15, 15, 11, 15, 18, 16, 18, 18, 20]
[0, 1, 4, 1, 4, 5]
[2, 0, 6, 6, 6, 2, 6, 9, 7, 7, 7, 11, 15, 15, 6, 6]
[3, 3, 9, 5, 3, 5, 8, 6, 0, 11, 9, 9, 12, 15, 9, 17, 15, 9, 21, 19, 9, 21, 24, 22, 27, 27, 21]
[3, 3, 0, 3, 7, 7, 4, 3, 13, 11, 13, 13, 3]
[4, 4, 4, 8, 4, 4, 4, 0, 8, 13, 13, 13, 8, 13, 16, 14, 16, 19, 17, 16, 16, 21, 22, 22, 26, 24, 8]
[2, 4, 4, 0, 6, 4, 6, 10, 10, 6, 10]
[3, 3, 0, 3, 8, 7, 8, 4, 8, 11, 9, 8, 14, 12, 12, 17, 12, 17]
[6, 6, 6, 6, 6, 9, 9, 9, 0, 9, 13, 13, 10, 15, 13]
[2, 0, 2, 6, 4, 2, 6, 6, 13, 13, 10, 10, 2]
[0, 1, 1, 6, 6, 3, 6, 7, 10, 8, 10, 14, 14, 11, 14, 14]
[2, 6, 6, 5, 6, 0, 6, 11, 11, 11, 7]
[0, 1, 2, 1, 1, 5, 8, 6]
[3, 3, 0, 3, 6, 3]
[3, 3, 0, 3, 7, 7, 4, 3, 19, 9, 13, 13, 10, 13, 17, 17, 13, 19, 3, 21, 19]
[4, 4, 4, 0, 6, 4, 6, 7, 6, 9, 4, 14, 14, 4, 18, 18, 18, 14, 14, 19, 20, 20, 20, 27, 27, 27, 23]
[0, 3, 4, 1, 4, 7, 5, 7, 7, 1, 12, 13, 1, 13, 16, 13, 13, 19, 17]
[4, 1, 1, 0]
[4, 3, 4, 0, 4, 7, 5, 7, 11, 11, 7]
[5, 3, 1, 5, 0, 8, 8, 5, 8, 12, 12, 9]
[4, 4, 4, 0, 4]
[4, 4, 4, 0, 6, 4, 4, 12, 12, 12, 12, 4]
[4, 4, 4, 10, 10, 10, 10, 10, 10, 0]
[0, 7, 7, 7, 7, 7, 1, 7, 10, 8]
[2, 0, 5, 5, 2, 2, 6]
[3, 3, 0, 9, 8, 5, 5, 9, 3, 9, 10, 10]
[2, 3, 0, 3, 6, 4, 8, 6]
[4, 4, 4, 13, 13, 13, 13, 7, 7, 7, 10, 10, 0, 13, 16, 14, 16, 19, 16]
[2, 7, 2, 7, 7, 7, 0, 9, 7, 12, 12, 9, 12, 13, 16, 14, 16, 19, 17, 9, 9, 25, 25, 25, 21]
[4, 4, 4, 0, 4, 4, 10, 10, 10, 6, 4, 11, 12, 16, 16, 12]
[0, 1, 1, 1, 4, 7, 5, 9, 7, 11, 9, 1, 1, 17, 16, 17, 1, 17, 20, 18]
[2, 4, 4, 0, 4, 4, 4, 11, 11, 11, 4]
[0, 1, 1, 1, 4, 5, 9, 9, 5, 9, 12, 10]
[0, 1, 4, 2, 4, 8, 8, 5, 1, 11, 1, 15, 15, 15, 11, 15, 19, 19, 16, 22, 22, 19, 24, 22, 22, 25, 28, 26, 30, 28, 32, 30, 32, 32, 36, 34]
[3, 3, 6, 6, 6, 0, 6, 10, 10, 7, 6, 14, 14, 11, 14, 17, 15]
[2, 0, 13, 13, 6, 9, 9, 9, 4, 9, 12, 10, 2, 13]
[12, 1, 4, 5, 10, 5, 5, 5, 5, 1, 10, 0, 14, 12, 14, 17, 15, 17, 21, 21, 17]
[0, 4, 4, 1, 4, 7, 5, 7]
[2, 0, 4, 2, 4, 7, 5]
[3, 3, 0, 6, 6, 3, 10, 10, 10, 6, 10, 10, 12, 13, 14, 14]
[3, 3, 0, 6, 6, 3, 6, 7, 8, 3, 14, 14, 14, 3, 3]
[2, 0]
[2, 0, 2, 3, 6, 3, 2, 7, 8, 11, 9, 11, 15, 15, 11]
[2, 6, 6, 6, 6, 0, 6, 7, 8, 9, 12, 10]
[3, 3, 0, 5, 3, 10, 10, 10, 10, 5, 12, 10, 12, 13, 10, 17, 19, 19, 10]
[5, 4, 4, 5, 0, 7, 5, 5, 10, 5, 12, 10, 12, 13, 16, 14, 20, 20, 20, 5, 20, 21, 25, 25, 20]
[10, 3, 4, 1, 4, 5, 10, 10, 10, 0, 10, 11, 14, 10, 16, 14, 18, 16]
[6, 1, 1, 5, 1, 0, 11, 11, 11, 11, 6, 11, 14, 11, 14, 15, 16, 16, 22, 22, 22, 16, 22, 26, 26, 23]
[5, 5, 5, 5, 22, 5, 6, 9, 7, 9, 12, 10, 7, 18, 18, 17, 18, 13, 22, 22, 22, 0, 28, 28, 28, 28, 28, 22, 31, 31, 28, 33, 31, 31, 36, 34]
[3, 3, 4, 0, 4, 5, 4, 10, 10, 7]
[4, 4, 4, 0, 4, 5]
[3, 3, 0, 6, 6, 3, 8, 6, 12, 12, 12, 8, 15, 15, 12, 15, 16, 20, 20, 15]
[2, 0, 2, 6, 6, 3]
[10, 3, 10, 10, 10, 10, 10, 10, 10, 0]
[4, 4, 4, 7, 7, 7, 0, 9, 7, 11, 9, 9, 12, 7, 19, 19, 19, 19, 20, 14, 22, 20, 24, 22, 22, 25, 28, 26]
[4, 4, 4, 0, 9, 7, 8, 9, 4, 11, 9, 13, 14, 11, 14, 19, 19, 19, 15, 19, 23, 23, 19]
[2, 18, 2, 3, 6, 2, 6, 10, 10, 6, 13, 13, 18, 13, 16, 14, 14, 0, 20, 18, 18]
[6, 4, 4, 1, 6, 0, 6, 6, 11, 11, 8, 13, 8, 15, 13, 13, 18, 16]
[5, 3, 1, 5, 0, 5, 5, 5, 5, 9]
[2, 6, 2, 6, 6, 0, 6, 9, 11, 11, 6, 11, 15, 15, 11]
[3, 3, 0, 3, 6, 4]
[2, 0, 4, 2, 2, 8, 8, 5, 8, 9, 12, 8, 15, 15, 17, 15, 12, 17, 22, 22, 22, 18]
[3, 3, 0, 3, 3, 5, 6]
[6, 3, 6, 6, 6, 8, 8, 0, 10, 8, 10, 15, 15, 15, 11, 18, 18, 8, 20, 24, 24, 24, 24, 18, 28, 28, 28, 24]
[7, 7, 7, 7, 7, 7, 10, 10, 10, 0, 10, 11, 12, 10, 14, 14, 14, 19, 17, 19, 19, 26, 26, 26, 26, 21]
[2, 0, 2, 3, 6, 4, 9, 9, 6, 9, 10, 13, 11, 13, 14, 14, 16, 20, 20, 17, 20]
[2, 5, 5, 5, 0, 8, 8, 5, 8, 9, 14, 14, 14, 10, 14, 20, 20, 20, 18, 15]
[4, 4, 4, 0, 4, 8, 8, 5]
[4, 4, 4, 6, 6, 0]
[0, 3, 1, 5, 3, 5, 8, 6]
[3, 3, 0, 3, 6, 4, 6, 11, 11, 11, 7]
[2, 0, 2, 3, 6, 3, 6, 6, 8, 13, 13, 13, 2, 13, 14, 15, 15, 19, 15]
[3, 3, 0, 5, 3, 7, 5, 5, 5, 11, 5, 11, 15, 15, 12, 15, 16, 17, 3, 24, 22, 24, 24, 3, 24]
[2, 5, 5, 5, 0, 8, 8, 5, 8, 8, 8, 13, 11, 13, 14, 15, 18, 16]
[2, 0, 4, 2, 4, 7, 5, 7, 2, 2, 10, 13, 11, 11, 11, 15, 19, 19, 15]
[3, 3, 10, 3, 6, 4, 10, 10, 10, 0, 13, 13, 10, 13]
[2, 0, 6, 6, 6, 2, 6, 10, 10, 6, 13, 13, 10, 15, 23, 18, 18, 15, 20, 18, 22, 18, 13, 23, 23, 23, 26, 26]
[4, 3, 4, 0, 6, 4]
[2, 7, 2, 6, 6, 3, 0, 7, 10, 7, 12, 10, 12, 12]
[2, 3, 0, 5, 3, 5, 10, 10, 10, 6, 13, 13, 10]
[2, 5, 5, 5, 0, 5, 9, 9, 5, 11, 9, 9, 14, 12, 16, 9, 19, 19, 16, 19, 20, 23, 24, 21]
[5, 5, 5, 5, 8, 8, 8, 0, 11, 11, 8]
[3, 3, 0, 7, 7, 7, 3, 7, 11, 11, 8, 7, 14, 18, 14, 18, 18, 12]
[3, 3, 0, 3, 4, 7, 5, 7, 10, 8, 10, 5, 14, 12, 14, 14, 19, 19, 16]
[3, 3, 5, 5, 0, 5, 8, 5, 5, 9, 5, 13, 11, 13, 17, 17, 14, 17, 17, 21, 17, 21, 21, 23, 27, 27, 24]
[0, 5, 5, 5, 1, 5, 8, 5, 10, 8, 10, 11]
[3, 3, 4, 0, 4, 4, 8, 9, 4, 9, 9, 11]
[3, 3, 6, 6, 6, 0, 6, 6, 8, 11, 9, 11, 14, 12]
[2, 6, 2, 3, 6, 0, 6]
[2, 3, 0, 3, 4, 7, 5, 7, 11, 11, 8, 11, 16, 15, 16, 12, 3, 17, 17, 19]
[7, 3, 7, 7, 7, 7, 0, 10, 10, 7, 10, 13, 11, 10, 10, 17, 15, 21, 21, 21, 17, 21, 22]
[5, 5, 2, 2, 6, 0, 9, 9, 6, 9, 10, 11, 14, 11]
[3, 1, 0, 3, 3, 10, 6, 6, 10, 5, 12, 10, 12, 15, 13, 15]
[2, 5, 5, 5, 0, 5, 9, 9, 19, 9, 12, 10, 9, 13, 16, 14, 19, 19, 6, 19, 22, 19, 19, 19, 26, 24, 29, 29, 26, 29, 32, 29, 29, 35, 33]
[3, 3, 0, 3, 7, 7, 4, 7, 8, 16, 12, 16, 16, 16, 16, 7, 20, 20, 20, 16, 20, 21, 22, 23]
[3, 3, 0, 3, 3, 7, 5]
[2, 0, 4, 2, 2]
[2, 9, 2, 8, 8, 5, 5, 2, 0, 9, 10, 13, 11]
[5, 3, 1, 3, 0, 5, 9, 9, 6, 5, 12, 10, 12, 15, 13, 17, 5, 17, 18, 18, 20, 23, 5, 23, 23, 27, 25, 25, 30, 28]
[6, 6, 6, 5, 6, 0, 6, 10, 10, 7, 10, 13, 10, 13, 16, 14, 16, 19, 17]
[3, 3, 5, 5, 0, 7, 5, 10, 10, 7, 5, 15, 15, 15, 18, 18, 18, 5, 18]
[4, 3, 4, 0, 4, 7, 5, 4, 8, 12, 12, 9, 12, 17, 16, 17, 13]
[4, 4, 4, 0, 8, 8, 6, 4, 10, 8, 10, 11, 17, 15, 17, 17, 12, 17, 17, 21, 17, 21, 24, 22, 26, 24]
[15, 15, 8, 3, 6, 4, 8, 15, 8, 9, 15, 13, 15, 15, 16, 0, 16, 17, 17, 21, 19]
[2, 0, 4, 2, 4, 5, 10, 10, 10, 6, 10, 11, 10, 16, 16, 13, 16, 20, 20, 17]
[4, 4, 4, 0, 4, 7, 5, 9, 4, 11, 9, 15, 15, 15, 9, 20, 20, 20, 20, 15, 20, 23, 21]
[5, 3, 5, 3, 16, 5, 6, 9, 7, 11, 9, 13, 11, 16, 16, 0, 16, 20, 20, 22, 22, 16, 22, 25, 23, 16, 29, 29, 26, 29, 30]
[2, 0, 2]
[6, 6, 2, 5, 2, 0, 6, 12, 12, 11, 12, 7, 12, 15, 13, 15, 18, 19, 21, 21, 7, 24, 24, 21, 26, 24]
[2, 0, 5, 5, 2, 5, 6, 9, 7]
[3, 3, 0, 6, 6, 3, 10, 10, 10, 6]
[6, 6, 6, 5, 6, 0, 6, 9, 7, 6, 12, 10, 6, 6, 14, 19, 18, 19, 15, 19, 19, 21, 22, 23, 26, 24]
[2, 11, 4, 2, 4, 4, 8, 6, 11, 11, 0, 15, 12, 15, 11]
[2, 0, 2, 5, 3, 2, 8, 6, 8, 8, 12, 8, 14, 12, 14, 15]
[4, 4, 4, 0, 4, 8, 8, 13, 13, 13, 13, 13, 5, 13, 14, 14, 14, 17, 4]
[3, 3, 8, 8, 8, 8, 8, 0, 10, 8, 10, 10, 14, 10, 16, 14, 14, 19, 17, 19, 20, 23, 21, 25, 14]
[2, 3, 0, 8, 6, 8, 8, 3, 8, 11, 8, 8, 14, 12, 14, 14, 19, 19, 16]
[3, 3, 4, 0, 7, 7, 4, 4, 10, 8, 10, 11, 19, 19, 14, 15, 18, 19, 12, 19, 22, 20]
[2, 0, 2, 5, 3, 7, 2, 9, 20, 9, 14, 11, 11, 10, 14, 15, 15, 14, 18, 7]
[0, 9, 4, 9, 6, 9, 6, 6, 1, 11, 13, 13, 9, 13, 13, 13, 18, 16, 1]
[4, 4, 4, 0, 4, 5, 8, 10, 10, 6, 4]
[2, 19, 2, 5, 3, 8, 8, 2, 11, 11, 19, 11, 14, 11, 19, 19, 19, 19, 0, 19, 22, 20, 22, 25, 23]
[3, 3, 0, 3, 4]
[2, 0, 4, 2, 4, 7, 5, 2, 8, 9, 13, 13, 10]
[2, 12, 2, 2, 8, 8, 8, 4, 12, 12, 12, 0, 12, 12, 17, 17, 18, 12, 20, 21, 23, 23, 18, 23, 27, 27, 24, 27, 30, 28]
[2, 0, 4, 2, 2, 7, 8, 2, 8]
[2, 4, 4, 0, 8, 8, 8, 4]
[2, 0, 2, 5, 3, 2, 9, 9, 6, 13, 13, 13, 9, 13, 13, 17, 13, 19, 17, 17, 13, 24, 24, 13, 29, 29, 29, 29, 24, 31, 29, 33, 29]
[3, 3, 5, 5, 0, 7, 5, 9, 13, 9, 12, 10, 5, 13, 14, 5, 19, 19, 21, 21, 5]
[3, 3, 6, 6, 6, 0, 6, 10, 10, 6, 10, 11, 12, 11, 14, 15, 15]
[3, 3, 0, 3, 13, 13, 13, 13, 13, 13, 13, 13, 4]
[2, 3, 0, 3, 4, 3, 14, 9, 7, 9, 12, 10, 14, 3, 14, 17, 15, 17, 20, 18]
[7, 7, 7, 5, 7, 7, 0, 7, 12, 12, 12, 8, 8, 8, 14, 15, 18, 16, 20, 15, 20, 21, 20, 23, 24, 27, 25]
[3, 3, 16, 3, 4, 8, 8, 5, 5, 11, 9, 11, 14, 12, 16, 0, 16, 17, 20, 18, 22, 20, 22]
[2, 0, 2, 2, 4, 7, 5, 9, 7]
[0, 3, 1, 1, 7, 7, 4, 7, 11, 11, 8, 11, 11]
[0, 5, 5, 5, 6, 1, 8, 6]
[2, 0, 5, 5, 2, 5, 5, 7, 11, 11, 8, 7, 7, 7, 14]
[2, 0, 4, 2, 6, 4, 8, 6, 8, 11, 8, 6, 14, 12]
[9, 3, 9, 9, 6, 9, 6, 6, 0, 9, 13, 13, 9, 13, 16, 14, 19, 19, 16, 19, 20, 23, 21, 20, 30, 27, 30, 30, 30, 24, 30, 33, 30, 33, 36, 34, 36]
[3, 3, 5, 5, 0, 7, 5, 7, 10, 8, 10, 14, 14, 11, 8, 8, 18, 16, 18, 21, 19, 24, 24, 21]
[2, 19, 4, 2, 4, 5, 8, 4, 10, 11, 8, 11, 16, 16, 16, 12, 18, 4, 0]
[4, 4, 4, 0, 4, 8, 8, 5, 8, 11, 8, 14, 14, 11, 14, 15]
[17, 1, 4, 2, 1, 8, 8, 1, 8, 8, 10, 13, 17, 17, 17, 17, 0]
[6, 6, 6, 5, 6, 0, 6, 7, 8, 11, 9, 11, 14, 12]
[4, 3, 4, 6, 6, 0, 6, 6, 11, 11, 8, 11, 14, 11, 14, 19, 19, 19, 15, 19, 19, 21, 21, 25, 23]
[13, 1, 5, 5, 2, 1, 6, 7, 12, 12, 12, 8, 0, 15, 13, 15, 18, 16, 23, 21, 23, 23, 18, 23, 26, 27, 23, 27]
[3, 3, 10, 10, 10, 10, 6, 9, 6, 0, 10, 16, 16, 16, 16, 11, 16, 20, 20, 17]
[6, 4, 4, 6, 6, 20, 8, 6, 11, 11, 8, 8, 16, 16, 16, 8, 20, 20, 20, 0, 25, 25, 25, 25, 20, 27, 25, 29, 27, 31, 29, 27, 32, 27, 37, 37, 34]
[0, 1, 1, 3, 6, 4, 1, 7, 11, 11, 8, 1, 1, 1]
[2, 7, 4, 2, 7, 7, 0, 7, 10, 7]
[2, 0, 2, 2, 6, 8, 8, 2, 11, 11, 2, 11, 12, 15, 2, 17, 15, 19, 17]
[0, 1, 4, 2, 6, 1, 6, 6, 11, 11, 8, 11, 14, 11, 14, 15, 18, 16]
[2, 5, 5, 5, 0, 5, 9, 9, 6, 11, 9, 11, 11, 5, 17, 17, 5, 17, 20, 18]
[3, 1, 0, 8, 6, 8, 8, 3, 10, 8, 3, 3, 12, 12, 23, 17, 23, 17, 20, 17, 23, 23, 14, 23, 26, 24]
[2, 4, 4, 0, 4, 7, 5, 9, 7, 11, 12, 9, 15, 15, 12, 15]
[2, 0, 2, 2, 8, 8, 8, 2, 11, 11, 8]
[6, 5, 4, 5, 6, 0, 8, 6, 8, 6, 10, 11, 12, 17, 17, 17, 13]
[2, 3, 0, 3, 6, 12, 8, 9, 6, 12, 12, 3]
[2, 3, 5, 5, 0, 5, 9, 9, 5, 11, 9, 14, 14, 9, 14, 14, 18, 16]
[13, 4, 4, 5, 1, 9, 9, 9, 5, 13, 10, 13, 0, 13, 14, 18, 18, 23, 18, 21, 19, 18, 15, 26, 26, 23, 29, 29, 23]
[2, 13, 2, 7, 7, 7, 3, 7, 10, 7, 13, 13, 0, 13, 14]
[0, 1, 1, 5, 3, 5, 8, 6, 8, 8]
[0, 1, 1, 1, 6, 1, 8, 6, 10, 8, 10, 13, 10, 13, 10, 10, 26, 19, 26, 22, 22, 26, 22, 26, 26, 16, 26, 27, 31, 31, 27]
[5, 5, 5, 5, 6, 0, 6, 7, 10, 8, 10, 15, 12, 12, 11, 15, 8, 20, 20, 8, 22, 20, 22, 25, 23, 31, 31, 31, 31, 31, 25]
[2, 0, 2, 2, 6, 2, 6, 10, 8, 7, 10, 14, 14, 10, 14, 17, 15, 20, 20, 14]
[2, 0, 2, 2, 2, 5, 6, 11, 10, 11, 7]
[0, 1, 4, 1, 1, 7, 5]
[2, 3, 0, 3, 6, 4, 6, 6, 3, 11, 9, 11, 14, 11, 14]
[3, 3, 0, 3, 7, 7, 4, 3, 10, 3, 10, 10]
[2, 0, 5, 5, 2, 7, 2, 10, 10, 7, 2, 14, 14, 21, 16, 14, 16, 17, 21, 21, 2, 24, 24, 21, 24, 25]
[9, 7, 7, 7, 7, 7, 9, 9, 0, 12, 12, 9, 12, 15, 13, 18, 18, 12, 18, 21, 18]
[2, 4, 4, 0, 4, 7, 5, 7]
[2, 3, 0, 3, 4]
[4, 4, 4, 0, 4, 5, 6, 9, 7]
[7, 1, 1, 7, 7, 7, 0]
[0, 1, 2, 1, 4, 8, 8, 5, 11, 11, 8, 13, 11, 13, 14, 17, 19, 19, 15, 21, 19, 23, 21, 13, 26, 24, 26, 27]
[0, 4, 4, 1, 4, 8, 8, 5, 1, 9, 12, 10, 14, 16, 16, 9]
[4, 4, 4, 5, 0, 8, 8, 5, 8, 9, 14, 14, 14, 10]
[2, 0, 4, 2, 4, 4, 10, 9, 10, 6]
[2, 0, 4, 2, 6, 4, 6, 7, 8, 9]
[2, 0]
[8, 1, 2, 2, 6, 7, 4, 0, 10, 8, 12, 10, 12, 13, 14, 14, 10, 19, 17]
[3, 3, 0, 3, 7, 7, 4, 3, 11, 11, 8, 11, 14, 3, 16, 14, 16, 17, 18, 18, 22, 18]
[7, 3, 1, 3, 6, 4, 0, 7, 8]
[2, 4, 4, 0, 4, 7, 5, 7, 10, 7, 4, 13, 11]
[2, 0, 5, 5, 2, 5, 2, 11, 11, 11, 2, 13, 11]
[2, 0, 6, 6, 6, 2, 6, 6, 6, 11, 9, 13, 11]
[5, 5, 5, 5, 0, 5, 8, 6, 8, 11, 9, 5, 17, 17, 17, 17, 20, 20, 20, 5, 20, 21, 25, 25, 22]
[2, 0, 2, 5, 6, 2, 2, 12, 10, 8, 12, 2, 12, 13, 17, 17, 13]
[2, 5, 5, 5, 0, 5, 8, 5, 8, 9, 13, 13, 10, 8, 14]
[2, 4, 4, 0, 7, 7, 4, 4, 4, 11, 9, 9, 14, 16, 16, 12, 16, 16]
[3, 3, 0, 8, 4, 7, 8, 3, 10, 8, 10, 14, 14, 11, 14, 15]
[2, 3, 0, 5, 3, 9, 9, 9, 5, 11, 9, 9, 12, 15, 13, 13, 18, 16]
[2, 0, 5, 5, 2, 5, 6, 7, 10, 8, 14, 13, 14, 10, 14, 17, 14, 14, 14, 19, 19, 21, 24, 21]
[2, 0, 2, 5, 6, 3, 6, 9, 7, 9, 12, 9]
[6, 6, 6, 6, 6, 0, 6, 7]
[2, 3, 0, 3, 6, 3, 3, 9, 3, 11, 9, 9, 12, 12]
[0, 4, 4, 1, 4, 5, 6, 7, 1, 13, 13, 13, 9, 18, 16, 18, 18, 13, 20, 18, 18]
[3, 3, 0, 3, 7, 7, 4]
[2, 16, 16, 6, 6, 3, 6, 9, 6, 11, 9, 11, 14, 12, 16, 0, 16, 16]
[2, 0, 5, 5, 2, 5, 8, 6, 10, 5, 12, 10, 19, 15, 19, 19, 19, 19, 12]
[5, 5, 5, 5, 6, 0, 8, 6, 11, 11, 8, 13, 8, 16, 16, 13, 13, 20, 20, 17, 8, 23, 21, 23, 27, 27, 24]
[4, 4, 4, 0, 4, 7, 5]
[0, 1, 2, 6, 6, 3, 1, 9, 11, 11, 1, 11, 12, 13, 14, 14, 14, 14, 12, 21, 19]
[10, 5, 5, 5, 1, 9, 9, 9, 5, 0, 10, 13, 15, 15, 10, 18, 18, 15]
[6, 3, 6, 6, 6, 12, 6, 6, 10, 8, 12, 0, 12, 13, 14]
[3, 3, 0]
[3, 3, 0, 3, 8, 8, 8, 4]
[0, 1, 5, 5, 2, 5, 8, 6, 10, 5, 13, 13, 1, 13, 14]
[2, 3, 0, 8, 8, 8, 8, 3, 8, 11, 8, 8, 12, 13, 14, 17, 14]
[4, 4, 4, 0, 4, 7, 5, 7, 10, 7, 4, 4, 12, 16, 16, 12, 16, 17]
[6, 6, 2, 6, 6, 14, 6, 13, 13, 13, 13, 13, 14, 0, 16, 14, 16, 19, 16]
[2, 4, 4, 0, 6, 4, 4, 13, 8, 11, 13, 13, 4]
[2, 0, 4, 2, 4, 9, 9, 9, 5, 11, 4, 11, 12]
[4, 4, 4, 5, 0, 5, 9, 9, 6, 9]
[6, 6, 2, 2, 6, 0]
[3, 3, 0, 3, 7, 7, 4, 7, 8]
[2, 0, 5, 5, 2, 2, 15, 10, 10, 15, 10, 11, 14, 12, 2, 15, 19, 19, 16, 19, 22, 20, 15, 23, 24, 25, 24, 29, 24]
[2, 0, 2, 5, 3]
[2, 0, 2, 5, 3, 7, 5, 5, 11, 11, 5, 5, 14, 5, 5, 17, 5, 2, 27, 27, 27, 27, 27, 27, 27, 27, 2]
[4, 4, 4, 0, 4, 10, 8, 10, 10, 5, 10, 11]
[2, 3, 0, 6, 6, 3, 6, 6, 8, 9, 8, 13, 11]
[3, 3, 0, 3, 4, 4, 9, 9, 10, 6, 12, 10, 14, 12, 16, 10]
[2, 0, 2, 5, 2, 8, 8, 5, 2, 12, 12, 2, 12]
[2, 0, 2, 5, 2, 5, 6, 9, 6]
[4, 4, 4, 0, 4, 9, 9, 9, 4]
[3, 3, 0, 3]
[5, 5, 5, 5, 0, 8, 8, 5, 10, 8, 10, 11, 10, 15, 13]
[2, 3, 0, 3, 7, 7, 4, 7, 10, 8, 13, 13, 10, 13, 16, 14, 19, 19, 8, 22, 22, 19, 19, 25, 19, 25, 26, 3]
[4, 1, 1, 0, 6, 4, 4, 10, 10, 7, 10, 11, 14, 15, 10, 17, 15, 17, 18, 17, 22, 17, 17, 26, 26, 27, 17, 31, 31, 31, 27]
[2, 0, 4, 2, 4, 4, 12, 9, 12, 12, 12, 6, 4, 16, 16, 13, 16, 19, 17, 19, 19]
[2, 16, 2, 6, 6, 3, 6, 11, 11, 11, 7, 15, 15, 15, 16, 0, 19, 19, 16, 16, 23, 23, 20, 23, 27, 27, 24, 29, 23, 29, 30]
[2, 12, 12, 5, 3, 5, 5, 7, 8, 12, 12, 0, 12]
[3, 3, 14, 3, 7, 7, 4, 7, 12, 11, 12, 7, 14, 0, 14, 17, 15, 26, 26, 19, 26, 26, 26, 26, 26, 14, 26, 14]
[0, 4, 4, 1]
[9, 1, 2, 3, 6, 9, 9, 9, 0, 9, 9, 9, 9, 17, 17, 17, 13, 21, 21, 21, 17, 21, 21, 25, 23, 27, 25, 29, 27, 29, 29, 31, 29, 33, 33]
[2, 3, 0, 7, 7, 7, 3, 3, 14, 14, 13, 13, 14, 3, 17, 17, 14, 14, 14, 19, 22, 19, 22, 26, 26, 22, 26]
[2, 0, 4, 2, 9, 9, 9, 9, 4, 12, 12, 2, 12, 13, 12, 15, 18, 12, 2, 19, 20]
[3, 3, 0, 6, 6, 7, 3, 13, 10, 13, 13, 13, 3, 13, 14, 17, 13, 17, 17, 21, 19, 21, 24, 22]
[2, 0, 2, 3, 4, 7, 5]
[7, 1, 5, 5, 2, 7, 0, 7, 11, 11, 8, 11, 16, 15, 16, 12, 16, 21, 21, 21, 17, 21, 24, 21, 24, 29, 28, 29, 25]
[4, 4, 4, 0, 6, 4, 8, 6, 10, 8, 12, 10, 12, 16, 16, 13]
[5, 5, 5, 5, 9, 7, 5, 7, 0, 9, 10, 11, 9, 17, 17, 17, 13]
[7, 4, 4, 1, 7, 7, 0, 9, 7, 9, 9, 9, 14, 12, 19, 19, 18, 19, 12]
[3, 3, 0, 3, 3, 8, 8, 5]
[2, 0, 2, 8, 8, 8, 8, 3, 8, 11, 9]
[6, 1, 2, 6, 6, 0]
[3, 3, 0, 3, 4, 5, 8, 6]
[2, 3, 0, 6, 6, 3, 6, 11, 11, 11, 7, 3, 12, 15, 13, 13, 19, 19, 16]
[2, 0, 6, 6, 6, 2, 2, 9, 11, 11, 14, 14, 14, 2, 14, 18, 18, 14]
[2, 0, 2, 2, 6, 2]
[4, 3, 1, 0, 4, 8, 8, 5]
[0, 5, 5, 5, 1]
[4, 4, 4, 13, 4, 8, 8, 5, 13, 11, 13, 13, 0, 16, 16, 13, 16, 17, 18, 22, 22, 19, 16, 25, 16, 25, 26, 27, 28, 29]
[2, 0, 2, 5, 8, 8, 8, 2, 10, 8, 10, 10, 10, 17, 17, 17, 10]
[2, 4, 4, 21, 7, 7, 21, 7, 8, 7, 12, 13, 10, 7, 14, 15, 18, 16, 21, 21, 0, 21, 22, 23, 24]
[2, 4, 4, 0, 4, 4, 10, 9, 10, 6, 4, 13, 14, 4, 14, 15, 18, 16]
[3, 3, 12, 5, 3, 5, 8, 6, 10, 12, 12, 0, 15, 15, 12]
[2, 0, 4, 2, 4, 2, 2, 11, 11, 11, 7]
[0, 1, 2, 3, 6, 2, 8, 6, 8, 12, 12, 9, 6, 6, 14]
[2, 0, 2, 5, 3, 5, 6, 9, 7]
[2, 5, 5, 5, 0, 5, 8, 6, 5, 11, 5, 16, 16, 16, 16, 5, 19, 19, 16, 22, 22, 19, 19, 27, 26, 27, 23, 27, 30, 28, 34, 34, 34, 30, 30, 37, 35]
[0, 5, 4, 5, 1, 5, 6, 7, 7, 17, 17, 11, 14, 17, 17, 17, 7, 17, 21, 21, 18]
[0, 3, 1, 3, 3, 5, 8, 6, 8, 11, 9, 11, 14, 12, 14, 18, 18, 15]
[3, 3, 8, 8, 8, 8, 8, 0, 10, 8, 13, 13, 10, 10, 14, 15, 21, 21, 21, 21, 16, 8, 24, 8, 26, 27, 24, 29, 27]
[3, 3, 4, 0, 4, 8, 8, 5, 8, 11, 8]
[11, 3, 1, 5, 3, 5, 11, 11, 11, 11, 0, 11, 12, 13, 13, 13, 19, 19, 16]
[0, 3, 1, 3, 8, 8, 8, 4, 8, 12, 12, 9]
[4, 1, 1, 0, 4, 8, 8, 5]
[2, 0, 2, 2, 10, 10, 6, 7, 10, 2, 10, 14, 14, 11, 14, 17, 15, 17, 17]
[5, 5, 5, 5, 16, 8, 8, 5, 8, 11, 9, 13, 8, 13, 16, 0, 18, 19, 16, 19, 23, 23, 19, 25, 19, 29, 28, 29, 25]
[4, 3, 1, 0, 4, 8, 8, 5, 8, 12, 12, 8, 15, 15, 12, 15, 18, 16, 20, 12, 20, 21, 25, 25, 22]
[2, 0, 4, 2, 2, 8, 8, 5, 8, 8, 12, 10, 14, 12, 16, 12]
[4, 4, 4, 0, 4, 5, 10, 10, 10, 6, 6, 11, 16, 16, 16, 12]
[3, 3, 8, 8, 8, 8, 8, 0]
[2, 6, 2, 6, 6, 0, 6, 7, 6, 12, 12, 9]
[2, 7, 7, 7, 7, 7, 0]
[4, 4, 4, 16, 4, 5, 6, 9, 7, 6, 14, 14, 14, 10, 16, 0, 16, 16, 20, 18, 20, 23, 21]
[2, 7, 2, 3, 3, 7, 0, 7, 12, 11, 12, 7, 12, 16, 16, 13, 12, 19, 17]
[8, 1, 5, 5, 2, 8, 8, 0, 8, 9, 8, 8, 14, 8, 14, 15, 16, 17, 20, 16, 16, 23, 16, 23, 24, 25, 29, 29, 26]
[2, 0, 2, 2, 2]
[4, 4, 4, 0, 6, 4, 8, 6, 8, 8, 12, 10, 12, 13]
[13, 1, 9, 9, 9, 8, 8, 5, 2, 11, 13, 13, 0, 13, 16, 13, 16, 19, 17, 19, 20, 19, 24, 22]
[0, 3, 5, 5, 1, 7, 5, 5]
[3, 3, 7, 3, 6, 4, 0, 12, 12, 12, 12, 7, 12]
[5, 5, 5, 5, 13, 5, 8, 6, 13, 11, 13, 13, 0, 13, 16, 14]
[2, 0, 2, 7, 7, 7, 3, 9, 2, 9, 14, 14, 14, 10, 14, 19, 18, 19, 15]
[4, 4, 4, 0, 9, 9, 9, 9, 4, 4, 13, 13, 14, 16, 14, 4, 18, 16, 18]
[3, 3, 0, 6, 6, 3, 3, 3, 12, 12, 12, 8, 14, 3, 14, 17, 19, 17, 15, 19, 20, 19, 25, 25, 19, 25, 25, 29, 14, 29, 32, 30]
[5, 5, 4, 5, 0, 5, 10, 10, 10, 6]
[0, 6, 4, 6, 6, 1, 6, 9, 7, 9, 9]
[2, 3, 0, 5, 3, 7, 3, 7, 7, 7, 12, 10, 12, 16, 16, 13, 16, 20, 20, 17, 23, 23, 17, 23, 26, 24, 12, 30, 30, 12, 30, 33, 31]
[0, 1, 1]
[4, 4, 4, 0, 4, 5, 6, 6, 11, 11, 4, 15, 15, 15, 11, 15, 18, 15, 15, 22, 22, 19]
[0, 3, 1, 1, 6, 4]
[8, 1, 2, 8, 8, 7, 8, 0, 8, 11, 9, 15, 14, 15, 11, 15, 18, 16, 22, 22, 22, 24, 24, 18, 24, 24, 24, 29, 27]
[2, 0, 4, 2, 4, 5, 5]
[3, 3, 0, 3, 6, 4]
[5, 4, 4, 1, 0, 8, 8, 5, 8, 11, 9, 8, 14, 8, 14, 18, 18, 15]
[3, 3, 0, 3, 9, 9, 9, 9, 4, 3, 12, 3, 12, 15, 13, 18, 18, 15, 21, 21, 18, 21, 25, 25, 21, 25, 26]
[5, 5, 5, 5, 0, 5, 6, 7, 7, 5, 10, 11, 11, 15, 5, 19, 18, 19, 22, 21, 22, 15, 22, 22]
[3, 3, 6, 6, 6, 0, 6, 9, 11, 11, 6, 11, 16, 16, 16, 12, 23, 23, 18, 21, 19, 23, 16, 25, 23, 25, 29, 29, 26, 29, 32, 30]
[0, 1, 2, 7, 7, 7, 3]
[0, 3, 1, 6, 6, 3, 10, 10, 10, 1, 10, 1, 14, 12, 14, 17, 15, 19, 14, 23, 23, 23, 19, 23, 23, 25, 26]
[4, 4, 4, 0, 4, 8, 8, 5, 12, 12, 12, 4, 12, 16, 16, 12]
[4, 4, 4, 0, 4, 11, 11, 11, 11, 11, 4, 11, 16, 16, 16, 12]
[6, 1, 2, 3, 4, 0, 10, 10, 10, 6, 10, 13, 11, 15, 10, 15]
[2, 0, 2, 3, 7, 7, 2, 7, 8]
[3, 3, 7, 3, 7, 7, 0, 7, 12, 12, 12, 8]
[0, 1, 2, 6, 6, 2, 8, 1, 8, 9, 13, 13, 10, 10, 14]
[5, 5, 5, 5, 6, 0, 9, 9, 6, 13, 13, 13, 9, 13, 16, 13]
[2, 4, 4, 0]
[6, 4, 4, 6, 6, 0]
[0, 1]
[6, 3, 6, 6, 6, 9, 9, 9, 0, 9, 9, 9, 15, 15, 9, 18, 18, 15]
[0, 1, 2, 3, 7, 7, 4, 14, 8, 11, 14, 11, 14, 7, 16, 14, 16, 16]
[4, 4, 4, 0, 4, 5, 8, 4, 8, 12, 12, 9, 8]
[5, 3, 5, 5, 0, 7, 5, 7, 10, 8, 10, 13, 10]
[5, 1, 5, 3, 0, 11, 11, 9, 11, 11, 5, 11, 16, 16, 16, 12]
[2, 0, 4, 2, 6, 7, 4, 9, 4, 11, 9, 2, 15, 15, 26, 15, 15, 19, 15, 15, 15, 26, 26, 25, 26, 2, 28, 26, 32, 32, 32, 28, 32, 32, 32, 37, 32, 37, 37, 41, 39]
[4, 4, 4, 0, 4, 4, 8, 4, 8, 8, 14, 14, 14, 10, 16, 17, 4, 20, 20, 17, 17, 23, 17, 25, 23, 23, 26]
[0, 1, 2, 5, 3, 5, 6, 11, 11, 11, 7]
[9, 9, 2, 2, 2, 8, 8, 2, 0, 9, 13, 13, 10]
[2, 0, 2, 2, 2, 5, 5, 2, 2, 9, 9, 9, 14, 12, 9, 18, 18, 15, 18, 23, 23, 23, 19]
[3, 3, 9, 3, 7, 7, 4, 9, 0, 9, 13, 11, 10, 13, 17, 17, 14, 13, 20, 18, 20, 21]
[9, 9, 4, 2, 4, 5, 8, 9, 0, 11, 9, 13, 11, 15, 13, 15, 16, 20, 20, 17, 20, 24, 24, 21]
[2, 0, 4, 2, 7, 7, 4, 9, 7]
[0, 3, 4, 1, 4, 7, 5, 7, 10, 7]
[0]
[8, 8, 6, 6, 6, 8, 8, 0, 8, 12, 12, 14, 14, 9, 14, 15, 18, 16]
[2, 4, 4, 0, 4, 13, 9, 9, 6, 12, 12, 13, 4, 13, 20, 20, 18, 20, 20, 14]
[3, 3, 12, 3, 4, 9, 9, 9, 5, 9, 9, 0, 14, 12]
[2, 3, 0, 3, 6, 4, 6, 10, 10, 7, 3, 15, 15, 15, 26, 17, 22, 17, 18, 21, 22, 15, 22, 25, 26, 3, 28, 26, 28, 33, 33, 33, 29]
[17, 1, 1, 1, 6, 4, 6, 10, 10, 7, 10, 15, 15, 15, 11, 17, 0, 17, 18]
[3, 3, 0, 7, 7, 7, 3]
[2, 7, 2, 6, 6, 3, 0, 7, 7, 7, 12, 13, 7, 13, 16, 14, 16, 19, 17, 19, 22, 20, 19, 23]
[4, 1, 4, 0, 9, 9, 9, 9, 4]
[2, 0, 2, 2, 4, 5, 2, 10, 10, 2, 13, 13, 10]
[15, 5, 5, 5, 1, 1, 8, 6, 6, 11, 9, 15, 15, 15, 0]
[5, 4, 4, 5, 25, 5, 8, 6, 10, 8, 10, 13, 11, 13, 13, 13, 16, 16, 13, 21, 19, 23, 13, 25, 0, 28, 28, 25]
[7, 3, 7, 3, 7, 7, 0, 7, 11, 11, 8, 7, 15, 15, 12, 12, 12, 19, 17, 19, 22, 20, 24, 22, 30, 27, 30, 30, 30, 24]
[2, 0, 4, 2, 4, 5, 6, 7]
[3, 3, 0, 7, 7, 7, 3, 9, 7, 9, 10, 10, 15, 15, 10, 15, 18, 16]
[2, 5, 2, 2, 0, 7, 5, 11, 11, 11, 5, 11, 12, 15, 13, 15, 19, 19, 16, 15, 15, 23, 21, 25, 29, 29, 29, 29, 23, 31, 29, 5]
[10, 4, 4, 1, 4, 8, 8, 5, 10, 0, 12, 10, 12, 13, 13, 13]
[2, 0, 2, 2, 4, 4, 4]
[9, 6, 6, 6, 6, 9, 9, 9, 0, 9, 12, 9, 9, 15, 13, 15, 15, 17, 22, 22, 22, 9, 22, 22, 26, 24, 26, 31, 28, 28, 27]
[3, 1, 0, 9, 6, 9, 9, 9, 3, 9, 9, 11, 12, 12, 19, 19, 16, 16, 14]
[5, 5, 5, 5, 12, 5, 12, 12, 12, 12, 12, 0, 12, 18, 18, 18, 18, 13, 20, 12, 23, 23, 20, 20, 27, 27, 24, 27, 30, 28]
[10, 3, 4, 1, 4, 4, 10, 9, 10, 0, 10, 10, 10, 15, 13, 15, 15]
[2, 0, 4, 2, 6, 4, 4, 7, 8, 9, 10, 11, 11]
[0, 1, 6, 6, 6, 2, 9, 9, 1, 9, 10, 19, 12, 15, 19, 15, 16, 16, 11]
[2, 15, 4, 2, 2, 11, 11, 9, 7, 11, 5, 15, 12, 15, 0, 15, 16, 17, 17]
[2, 0, 2, 5, 3, 9, 9, 9, 2, 9, 13, 13, 9, 13, 13, 15]
[2, 7, 2, 2, 7, 7, 0, 7, 10, 7, 14, 14, 14, 10, 14, 18, 18, 15]
[4, 3, 4, 0, 6, 4, 6]
[4, 1, 2, 0, 4, 7, 4, 4, 4, 9, 4, 13, 11, 15, 4, 18, 18, 15, 4, 21, 28, 28, 28, 23, 23, 28, 28, 4, 28]
[3, 3, 0, 3, 7, 7, 4, 7, 7, 11, 7, 3, 14, 18, 14, 14, 18, 3, 3]
[2, 0, 4, 2, 4, 4, 8, 4, 10, 8, 10, 14, 14, 11, 19, 19, 19, 19, 14, 19, 19, 23, 19, 23, 24]
[6, 6, 2, 6, 6, 11, 6, 7, 10, 11, 0, 11, 14, 15, 11, 17, 15]
[3, 3, 0, 6, 6, 3, 6, 10, 10, 7]
[5, 3, 5, 5, 14, 5, 14, 14, 12, 12, 12, 8, 14, 0, 14, 21, 21, 20, 20, 21, 15, 25, 25, 25, 21, 25]
[2, 4, 4, 0, 4, 8, 8, 5, 4, 11, 9, 11, 12, 15, 16, 13]
[2, 0, 2, 5, 3, 7, 5, 9, 7, 14, 14, 14, 14, 2, 14, 18, 18, 14]
[4, 4, 4, 0]
[0, 1, 1, 3, 4, 7, 5, 5, 8, 12, 12, 9, 16, 15, 16, 12]
[2, 0, 2, 2]
[7, 3, 7, 3, 6, 3, 0, 14, 14, 14, 12, 14, 14, 7, 14, 15, 14, 17, 14, 23, 23, 23, 19, 23, 24, 25, 26, 29, 27, 29, 33, 33, 29, 29, 34]
[4, 4, 4, 0, 7, 7, 4]
[2, 6, 2, 5, 3, 0, 6, 9, 13, 11, 9, 13, 6, 13, 13, 6, 18, 19, 6, 21, 19, 23, 21, 25, 23, 25]
[3, 3, 7, 3, 4, 7, 0, 7, 7, 11, 9, 11, 14, 12, 14, 15, 16, 16]
[2, 16, 2, 2, 2, 2, 2, 11, 11, 11, 7, 16, 16, 13, 13, 0, 16, 19, 17, 21, 19, 19, 16, 25, 23, 25, 26, 29, 27, 29, 34, 34, 34, 29, 26, 26, 36, 39, 37]
[2, 0]
[0, 1, 1]
[3, 3, 0, 3, 3, 7, 5, 3, 3, 9, 14, 14, 12, 10]
[2, 0, 2, 3, 2, 7, 5, 7, 11, 11, 7, 11, 11]
[2, 4, 4, 0, 4, 4, 4, 4, 10, 15, 10, 15, 15, 15, 4]
[8, 1, 2, 8, 8, 5, 5, 0, 8, 12, 12, 9, 8, 8, 14, 14, 19, 19, 16, 21, 19, 21, 22, 26, 26, 21]
[4, 4, 4, 0, 4, 7, 5, 7, 8, 9, 12, 10, 12, 12]
[3, 3, 12, 3, 3, 3, 3, 9, 12, 12, 12, 0]
[2, 0, 5, 5, 10, 5, 5, 10, 10, 2, 10, 13, 11, 16, 16, 10, 16]
[2, 0, 4, 2, 6, 4, 4, 7, 8, 11, 9, 11, 12, 15, 13, 11, 11, 17, 18, 17, 22, 20]
[4, 4, 4, 11, 4, 9, 9, 9, 4, 11, 0, 14, 14, 11, 14, 15, 16, 17, 16, 22, 22, 19]
[8, 1, 5, 5, 2, 5, 6, 0, 10, 8, 10, 21, 15, 15, 21, 17, 15, 20, 20, 21, 10]
[5, 5, 5, 5, 10, 5, 9, 9, 5, 0, 14, 14, 14, 10, 14, 17, 15, 17, 18, 25, 25, 23, 25, 25, 19, 25, 30, 30, 30, 25]
[2, 0, 2, 6, 4, 3]
[4, 3, 4, 0, 6, 4, 10, 10, 10, 6, 13, 13, 4, 13, 13, 18, 18, 15, 18, 21, 18]
[3, 3, 0, 6, 6, 3, 10, 7, 10, 6, 14, 14, 14, 10, 16, 10, 16, 20, 20, 17]
[3, 3, 0, 3, 3, 3, 3, 3, 11, 11, 8, 11, 12, 12]
[3, 3, 0, 5, 3, 5, 6, 10, 10, 7, 10, 11, 14, 12, 14, 15, 16, 16]
[4, 4, 4, 0, 4, 5, 8, 4, 8, 9, 10, 11, 11, 11, 16, 11]
[0, 1, 5, 5, 1, 5, 11, 9, 11, 11, 6, 11, 22, 13, 14, 15, 18, 16, 22, 22, 22, 1, 22, 22, 27, 27, 24, 27, 30, 28, 30, 31, 34, 30, 36, 34, 36, 39, 37, 39, 1]
[2, 0, 4, 2, 4, 5, 2, 10, 10, 7, 2, 11, 11, 13]
[6, 6, 2, 2, 6, 0, 8, 6, 8, 9, 14, 14, 14, 10]
[3, 3, 0, 3, 6, 4, 8, 3]
[2, 4, 4, 0, 4, 5, 8, 4, 8, 8, 13, 13, 8, 13]
[0, 1, 5, 5, 2, 7, 5, 12, 12, 12, 12, 7, 12, 15, 13, 7, 18, 7, 20, 18, 22, 20, 26, 26, 26, 20, 26, 29, 27, 31, 26, 31]
[3, 3, 0, 5, 3, 7, 9, 9, 5, 9, 10, 11, 14, 11]
[9, 9, 9, 9, 9, 9, 9, 9, 13, 9, 12, 9, 0, 15, 13, 19, 19, 19, 25, 19, 23, 23, 20, 25, 15, 28, 28, 25, 28, 29]
[12, 1, 7, 7, 6, 7, 2, 12, 12, 12, 12, 0, 12, 13, 12]
[2, 0, 5, 5, 2, 5, 6, 5, 8, 9, 9, 9]
[3, 3, 4, 0, 6, 4, 8, 6, 8, 11, 9, 11, 12, 11, 14, 17, 11, 17, 20, 18, 24, 24, 24, 17, 24, 27, 24]
[3, 3, 0, 3, 3, 3, 6, 7, 7, 13, 12, 13, 9, 3, 16, 3, 16, 19, 17, 19, 22, 20, 22, 23, 26, 24]
[2, 0, 2, 3, 6, 3, 2, 7, 11, 11, 7, 11]
[2, 20, 2, 5, 3, 7, 2, 10, 10, 7, 7, 13, 7, 13, 19, 15, 18, 15, 14, 0, 20, 23, 21, 20, 26, 24]
[0, 6, 6, 6, 6, 1, 6, 10, 10, 7, 1, 1, 12, 15, 13, 15, 18, 16, 18, 19, 22, 20, 24, 19, 18, 25]
[4, 4, 4, 0, 4, 11, 6, 11, 11, 11, 5, 11, 12, 4, 14]
[3, 3, 4, 0, 4, 7, 5, 7, 8, 13, 13, 13, 9, 4, 20, 17, 15, 20, 20, 4, 24, 24, 24, 20, 26, 24, 24, 29, 27]
[2, 8, 2, 5, 2, 8, 8, 0, 8, 9, 12, 8, 12, 16, 16, 13, 19, 19, 16, 19, 22, 20, 25, 25, 19]
[7, 1, 1, 7, 7, 7, 0, 7, 8, 7, 10, 13, 10]
[4, 4, 4, 8, 4, 4, 8, 0, 8, 8, 10, 8, 8, 15, 8, 15]
[2, 3, 0, 5, 3, 5, 9, 9, 6, 5, 12, 5, 12, 13]
[3, 3, 10, 6, 6, 3, 3, 9, 7, 0, 10, 13, 10, 15, 13, 10, 10, 19, 17, 19]
[2, 6, 6, 6, 6, 0, 6, 9, 7]
[3, 3, 6, 6, 6, 0, 6, 9, 6, 11, 6, 13, 11, 13, 14, 14, 16]
[4, 4, 4, 0, 4, 8, 8, 5]
[6, 3, 6, 6, 6, 0, 6, 7, 6, 9, 12, 10]
[4, 4, 4, 0, 4, 7, 5, 7, 8, 7]
[2, 9, 5, 5, 9, 9, 9, 9, 0, 9, 16, 13, 11, 16, 16, 9, 18, 16]
[2, 3, 0, 3, 8, 8, 8, 4, 8, 3, 12, 10, 12, 16, 16, 13, 10]
[13, 3, 1, 12, 12, 5, 9, 9, 5, 12, 12, 3, 0, 16, 16, 13, 16, 19, 16, 19, 20]
[0, 1, 6, 3, 6, 2, 8, 2, 10, 13, 13, 13, 8]
[2, 3, 15, 6, 6, 3, 6, 11, 11, 11, 6, 6, 14, 12, 0, 15, 18, 15, 21, 21, 18, 21, 26, 26, 26, 22]
[8, 1, 2, 8, 8, 8, 8, 0, 11, 11, 8, 11, 11, 15, 11, 8, 20, 20, 20, 8]
[15, 5, 5, 5, 1, 5, 9, 9, 6, 12, 12, 15, 15, 15, 0, 15, 15, 15, 18, 21, 19, 21, 24, 22, 24, 28, 28, 25, 30, 28, 30, 35, 35, 35, 31]
[8, 8, 8, 5, 6, 8, 8, 0]
[14, 6, 6, 6, 6, 1, 6, 7, 10, 14, 10, 13, 11, 0, 14, 15, 16, 17, 18, 21, 18]
[2, 7, 2, 7, 7, 7, 0, 7, 7, 13, 12, 13, 9, 13, 16, 14, 19, 19, 16, 7, 22, 24, 24, 7, 24, 24]
[0, 4, 4, 1, 1, 10, 10, 10, 10, 5]
[6, 3, 1, 3, 6, 0, 6, 10, 10, 7, 13, 13, 6, 13, 13, 18, 18, 15, 18, 22, 22, 19, 26, 26, 26, 13, 26, 27]
[4, 4, 4, 0, 4, 5, 9, 9, 6, 11, 6, 11, 12, 16, 16, 24, 16, 16, 18, 21, 19, 24, 24, 13]
[2, 7, 2, 6, 6, 3, 0, 7, 10, 8, 8, 11]
[2, 3, 0, 3, 3, 7, 5, 9, 7, 11, 9]
[5, 5, 5, 5, 0, 8, 8, 5, 10, 8, 10, 11]
[9, 9, 9, 9, 6, 9, 8, 9, 0, 12, 12, 9, 12, 13, 14, 17, 15, 17, 18]
[4, 4, 4, 0, 6, 4, 10, 10, 10, 6, 10, 10]
[3, 3, 5, 3, 0, 7, 5, 10, 10, 7, 10, 13, 11, 7, 14, 18, 18, 15]
[6, 6, 2, 6, 6, 0, 6, 6, 10, 8, 10, 11, 12, 13, 18, 18, 18, 12, 21, 21, 18, 24, 24, 18, 24, 24, 28, 26]
[3, 3, 6, 6, 6, 0, 6, 6, 10, 6, 12, 10, 6, 15, 6, 15, 18, 16, 18, 22, 22, 19]
[6, 6, 6, 6, 6, 0, 6, 7, 8, 11, 9, 6, 15, 15, 16, 6, 19, 19, 16]
[10, 3, 1, 6, 6, 10, 6, 6, 10, 0, 13, 13, 10, 13, 14, 17, 15, 15, 21, 21, 18, 21, 24, 22]
[4, 4, 4, 8, 4, 7, 5, 0, 10, 8, 10, 13, 10, 8, 16, 17, 8, 17, 18]
[3, 3, 8, 5, 3, 5, 6, 0, 11, 11, 8, 11, 11, 18, 18, 15, 18, 13]
[7, 3, 1, 6, 6, 7, 0, 7, 11, 11, 7]
[2, 4, 2, 0, 4, 8, 8, 4, 8, 12, 12, 9]
[2, 4, 4, 0, 6, 4, 10, 10, 10, 4, 12, 10, 12, 13, 14, 15, 13, 19, 17]
[2, 0]
[34, 4, 4, 1, 7, 7, 34, 11, 10, 11, 7, 14, 12, 34, 14, 22, 22, 22, 22, 22, 22, 15, 24, 22, 24, 24, 26, 29, 27, 34, 34, 34, 34, 0, 34, 34]
[2, 15, 5, 5, 2, 2, 2, 7, 8, 11, 9, 15, 15, 15, 0, 15, 18, 16, 18, 23, 23, 23, 18, 23, 27, 27, 24, 27, 33, 33, 33, 33, 28]
[3, 3, 4, 0, 6, 4]
[5, 5, 5, 5, 0, 5, 6, 7, 8, 12, 12, 9, 15, 15, 12, 15]
[2, 0, 6, 6, 6, 2, 8, 6, 11, 11, 8, 8, 14, 12, 14, 15, 14, 17, 20, 14, 20, 26, 26, 26, 26, 21, 21, 21, 30, 28]
[2, 0, 6, 6, 6, 2, 6, 10, 10, 7, 10, 14, 14, 10, 14, 14, 14]
[2, 5, 2, 5, 0, 7, 5, 7]
[3, 3, 0, 6, 6, 3, 6, 9, 7, 6, 12, 6, 12, 16, 16, 13, 16, 19, 17, 21, 13]
[12, 12, 4, 6, 6, 2, 8, 6, 8, 11, 9, 0, 14, 12, 14, 14, 12, 17, 20, 18]
[2, 0, 2, 2, 7, 7, 4, 7, 10, 8]
[3, 3, 0, 3, 3, 7, 3, 13, 13, 13, 12, 13, 7, 16, 16, 13, 13, 17, 18, 22, 22, 13]
[4, 4, 4, 0, 4, 7, 5, 4, 10, 8]
[2, 0, 2, 2, 7, 7, 2]
[2, 0, 4, 2, 6, 4, 6, 6, 13, 13, 13, 13, 8, 13, 16, 14, 4, 19, 4, 23, 22, 23, 19, 23, 24, 28, 28, 23, 28]
[2, 0, 2, 5, 3, 5, 8, 6, 8, 8, 8, 13, 11, 13, 18, 18, 18, 14, 21, 21, 18, 23, 21, 23, 27, 27, 24]
[4, 4, 4, 10, 4, 7, 5, 10, 10, 0, 10, 14, 14, 10]
[11, 11, 7, 7, 7, 7, 11, 7, 10, 8, 25, 11, 20, 17, 16, 17, 20, 20, 20, 11, 22, 20, 22, 23, 0, 25, 25, 30, 30, 27, 33, 33, 30, 35, 33]
[3, 3, 0, 3, 4]
[3, 3, 15, 3, 6, 4, 6, 6, 6, 12, 10, 9, 14, 15, 0, 15, 19, 19, 16, 21, 23, 23, 15, 25, 23, 23, 26, 23, 30, 23, 33, 33, 30, 35, 33, 35, 38, 36]
[2, 16, 2, 5, 3, 7, 5, 7, 10, 8, 10, 13, 11, 13, 14, 0, 18, 16]
[0, 1, 4, 1]
[10, 1, 2, 1, 1, 5, 6, 10, 10, 0, 12, 10, 12, 13, 16, 14, 16, 17, 10, 26, 26, 26, 26, 25, 26, 10]
[0, 3, 1, 3, 7, 7, 4, 7, 8, 11, 9, 3, 16, 13, 13, 12]
[2, 0]
[2, 4, 4, 0, 9, 7, 9, 9, 4, 9, 12, 10, 12, 13, 12, 17, 15, 17, 20, 18]
[2, 5, 2, 5, 0]
[4, 4, 4, 0, 4, 10, 9, 9, 10, 5, 13, 13, 10, 13, 16, 20, 20, 20, 20, 13, 20, 24, 24, 21, 20, 25, 28, 26, 28, 28, 28]
[0, 4, 4, 1, 4, 5]
[4, 3, 4, 0, 4, 7, 5, 7, 12, 12, 12, 8]
[0, 1, 2, 3, 1, 11, 9, 9, 11, 11, 5, 11, 15, 15, 11, 17, 15, 17, 22, 22, 22, 17, 22, 25, 23]
[8, 8, 4, 8, 4, 4, 8, 12, 8, 11, 9, 0, 12, 13, 14, 15, 18, 15]
[3, 3, 0, 6, 6, 3, 6, 3, 3, 3, 14, 13, 14, 10, 14, 17, 19, 19, 15]
[2, 3, 0, 3, 3, 5]
[2, 4, 4, 0, 4, 7, 5, 7]
[0, 1, 4, 1, 1, 5, 6, 7, 8, 11, 9, 8, 8, 13, 14, 18, 18, 15, 20, 18, 1]
[3, 3, 13, 7, 7, 7, 3, 10, 10, 7, 13, 13, 0, 13, 17, 17, 13]
[3, 3, 6, 6, 6, 0, 6, 10, 10, 7, 10, 13, 11, 10, 16, 14, 16]
[2, 3, 0]
[4, 4, 4, 0, 4, 7, 5, 12, 10, 12, 12, 7, 12, 12, 16, 14]
[8, 1, 1, 5, 3, 7, 8, 0, 12, 12, 12, 8, 16, 16, 16, 12]
[4, 3, 4, 14, 4, 8, 8, 4, 4, 4, 10, 11, 14, 0, 14, 20, 20, 17, 17, 15]
[5, 5, 5, 5, 0, 7, 5, 9, 7, 9, 14, 14, 14, 10]
[3, 3, 0, 3, 8, 8, 8, 4, 10, 3, 3, 13, 15, 15, 11, 15, 16]
[3, 3, 0, 6, 6, 3, 3, 3, 10, 8, 12, 8, 12, 16, 16, 13, 16, 17, 18, 16, 20, 21, 21]
[2, 0, 4, 2, 7, 7, 8, 4, 8, 4, 10, 15, 14, 15, 11, 15, 20, 19, 20, 16, 23, 23, 20, 23, 26, 23, 26, 27]
[0, 1, 5, 5, 1, 7, 5, 11, 10, 11, 7, 7, 7, 13, 16, 19, 16, 16, 14]
[2, 0, 2, 5, 3, 2, 10, 7, 10, 6]
[0, 3, 1, 3, 6, 4, 1, 9, 1, 13, 13, 13, 9, 13, 17, 15, 14, 19, 17, 21, 19, 21]
[5, 5, 5, 5, 9, 7, 5, 7, 17, 13, 13, 13, 9, 17, 17, 17, 0, 20, 20, 17, 20, 23, 21]
[4, 1, 4, 0, 6, 4, 8, 6, 10, 8, 12, 8, 8, 13, 16, 14, 18, 4, 18, 21, 18, 21, 25, 25, 22, 21, 26, 26, 28, 28]
[0, 1, 2, 2, 2, 5, 6, 10, 10, 7, 10, 11, 14, 10, 14]
[4, 4, 4, 5, 0]
[2, 0, 2, 3, 2, 5]
[3, 3, 0, 3, 7, 7, 4]
[2, 3, 0, 3, 4, 5, 5]
[2, 4, 4, 0, 4, 4]
[0, 5, 5, 5, 1]
[2, 0, 4, 2, 6, 4, 6, 9, 7, 6, 6, 11, 11, 11, 14, 11, 16]
[2, 0, 2, 7, 7, 7, 3, 2, 11, 11, 8, 11, 14, 16, 16, 12]
[2, 8, 2, 5, 2, 8, 8, 0, 10, 8, 10, 11, 12, 15, 13, 17, 10, 20, 20, 17, 17, 24, 24, 21]
[2, 7, 2, 3, 7, 7, 0, 10, 10, 7, 12, 10, 12, 12, 16, 14, 10, 10, 18, 19, 22, 20, 27, 27, 27, 27, 18]
[2, 4, 4, 6, 6, 0, 9, 9, 6, 14, 14, 13, 14, 9, 9]
[2, 5, 5, 5, 0, 7, 5, 5, 5, 11, 9, 11, 5, 18, 18, 18, 18, 5, 20, 18, 20, 20]
[0, 4, 4, 1, 1, 7, 5, 1, 1, 11, 9, 11, 14, 12, 14, 14, 16, 17]
[0, 4, 4, 1, 18, 18, 6, 11, 11, 11, 7, 7, 14, 12, 18, 18, 18, 4, 21, 21, 18]
[2, 0, 2, 2, 2, 9, 9, 9, 5, 11, 2, 11, 14, 12, 17, 17, 14, 17, 17]
[3, 3, 0, 3, 3, 5, 3, 9, 7, 12, 12, 9, 15, 15, 12, 17, 18, 12, 20, 18, 20, 21, 22, 23, 26, 24]
[26, 1, 5, 5, 2, 5, 11, 9, 11, 9, 6, 16, 16, 15, 16, 11, 18, 16, 20, 26, 26, 24, 24, 26, 26, 0, 28, 26, 28, 32, 32, 29, 28, 36, 36, 33]
[2, 6, 6, 6, 6, 0, 6, 10, 10, 7, 12, 10, 14, 12, 6, 18, 18, 6, 18, 18]
[2, 3, 0, 3, 3, 5, 6, 6]
[0, 1, 4, 1, 4, 7, 5, 7, 11, 11, 8, 14, 14, 11, 16, 14, 16, 21, 21, 21, 16, 21, 21, 26, 26, 23]
[2, 9, 2, 5, 3, 9, 9, 9, 0, 14, 14, 14, 14, 9, 19, 17, 19, 19, 14, 19]
[2, 4, 2, 11, 4, 4, 10, 10, 10, 6, 0, 11, 14, 12, 14, 17, 15, 17, 18, 18, 22, 20, 24, 22, 29, 29, 26, 27, 24, 24, 30, 31, 32, 31, 37, 37, 34]
[4, 3, 4, 17, 6, 8, 8, 4, 8, 8, 12, 10, 14, 15, 12, 17, 0, 17, 20, 18]
[0, 5, 5, 5, 1]
[2, 0, 5, 5, 2, 9, 9, 9, 5, 2, 13, 13, 10]
[5, 5, 5, 5, 8, 8, 8, 0, 8, 8, 13, 13, 8, 13, 13, 15, 15]
[2, 15, 4, 2, 4, 7, 5, 15, 15, 11, 15, 11, 14, 11, 0, 15, 16, 17]
[2, 0, 2, 6, 6, 3, 11, 11, 11, 11, 6, 11, 17, 17, 16, 17, 12]
[7, 7, 7, 5, 7, 7, 0]
[2, 0, 2, 5, 2, 9, 9, 9, 5, 12, 12, 9, 9, 16, 16, 13, 16, 19, 17, 19, 22, 20]
[4, 4, 4, 6, 6, 0, 8, 6, 6]
[7, 6, 6, 6, 6, 7, 0, 7]
