[7, 3, 7, 7, 7, 7, 11, 11, 11, 11, 0, 11, 11, 18, 18, 15, 18, 13, 11]
[2, 0, 2, 8, 8, 8, 8, 2, 2]
[4, 4, 4, 0, 4, 7, 5, 9, 7, 9, 12, 9, 9, 16, 16, 9, 21, 21, 21, 21, 9, 23, 30, 23, 23, 25, 25, 23, 30, 21, 33, 33, 30, 30, 4]
[0, 1, 2, 5, 2, 5, 2, 7, 10, 8, 15, 15, 15, 15, 10, 1, 1, 19, 17, 21, 17, 23, 21, 27, 27, 27, 23, 27, 27, 29, 30, 1]
[6, 3, 6, 3, 3, 0, 6, 7, 8, 11, 8, 6]
[2, 0, 2, 5, 2, 2, 2, 9, 2, 9, 10, 2, 15, 15, 2, 2, 16, 16, 22, 22, 22, 18, 2]
[0, 1, 2, 1, 7, 7, 4, 7, 10, 8, 10, 17, 17, 13, 16, 14, 10, 17, 1]
[4, 3, 4, 8, 8, 7, 8, 0, 8, 9, 10, 13, 11, 8]
[2, 4, 2, 6, 6, 0, 6, 7, 10, 15, 10, 15, 15, 15, 8, 15, 18, 15, 6]
[2, 8, 4, 2, 8, 8, 8, 0, 8, 8]
[0, 3, 4, 1, 1]
[6, 3, 6, 6, 6, 10, 10, 10, 10, 0, 10, 10]
[3, 3, 0, 5, 3, 7, 5, 7, 8, 11, 9, 5, 5, 5, 16, 5, 3]
[2, 7, 7, 5, 7, 7, 0, 7, 7, 7, 12, 10, 12, 16, 16, 13, 16, 17, 7]
[2, 18, 2, 8, 6, 8, 8, 3, 18, 11, 15, 11, 14, 15, 18, 18, 18, 0, 18, 18]
[2, 0, 2]
[3, 3, 8, 3, 7, 7, 4, 0, 8, 11, 9, 8, 14, 12, 16, 8, 16, 19, 17, 19, 22, 20, 22, 25, 22, 22, 28, 22, 8]
[4, 4, 4, 0, 4, 4]
[2, 3, 0, 6, 6, 3, 6, 7, 3]
[9, 3, 9, 3, 4, 7, 5, 9, 0, 9, 9, 13, 11, 9]
[11, 3, 11, 3, 3, 3, 9, 9, 3, 11, 0, 11, 14, 12, 18, 18, 18, 11, 11]
[5, 5, 5, 5, 0, 8, 8, 5, 8, 8, 12, 10, 5, 5, 16, 19, 19, 19, 5, 5]
[3, 3, 6, 6, 6, 0, 6, 9, 7, 9, 10, 16, 16, 16, 16, 11, 6]
[2, 5, 5, 5, 0, 5, 5, 12, 12, 12, 12, 5, 12, 12, 5]
[3, 3, 16, 6, 6, 7, 3, 7, 8, 9, 15, 15, 12, 12, 10, 0, 16, 21, 21, 21, 17, 16]
[0, 3, 1, 3, 4, 1, 8, 6, 8, 11, 9, 11, 11, 13, 11, 11, 18, 11, 1]
[2, 0, 6, 5, 6, 2, 9, 9, 6, 9, 10, 2, 2, 17, 17, 17, 2, 2]
[2, 3, 0, 6, 6, 3, 6, 7, 8, 8, 8, 8, 3]
[5, 1, 2, 5, 0, 5, 6, 9, 7, 5]
[23, 10, 4, 10, 4, 5, 10, 10, 10, 23, 10, 11, 14, 10, 14, 18, 18, 15, 23, 23, 23, 23, 0, 23, 28, 27, 28, 24, 23]
[2, 0, 2, 5, 3, 2]
[0, 4, 4, 1, 4, 7, 5, 7, 10, 8, 14, 11, 14, 10, 14, 17, 14, 19, 17, 21, 19, 23, 21, 23, 26, 24, 21, 29, 21, 32, 32, 29, 34, 32, 1]
[0, 4, 4, 5, 1, 5, 8, 6, 8, 12, 12, 9, 16, 16, 16, 5, 18, 16, 18, 21, 19, 1]
[8, 3, 1, 8, 4, 7, 5, 0, 8, 14, 14, 14, 14, 9, 8]
[3, 3, 14, 3, 6, 3, 6, 6, 6, 12, 12, 9, 3, 0, 14, 14, 18, 16, 14, 14]
[6, 6, 6, 6, 6, 0, 9, 9, 6, 11, 9, 6]
[10, 4, 4, 1, 10, 10, 10, 10, 10, 0, 10, 13, 15, 15, 10, 15, 19, 19, 20, 15, 10]
[2, 5, 5, 5, 0, 5]
[3, 3, 17, 17, 7, 7, 17, 7, 11, 11, 7, 13, 15, 13, 11, 17, 0, 17, 17, 17]
[5, 5, 5, 5, 0, 7, 5, 10, 10, 7, 5, 5, 17, 17, 17, 17, 5, 17, 18, 19, 20, 21, 19, 5]
[7, 7, 5, 5, 2, 5, 0, 12, 12, 11, 12, 7, 14, 12, 12, 20, 20, 19, 20, 15, 7]
[6, 6, 6, 5, 6, 0, 6]
[3, 3, 0, 3, 11, 11, 6, 9, 6, 11, 3, 11, 12, 13, 14, 15, 13, 20, 20, 13, 3]
[4, 4, 4, 36, 6, 4, 9, 9, 6, 9, 13, 13, 10, 13, 13, 18, 18, 15, 22, 21, 22, 6, 22, 22, 22, 6, 6, 6, 32, 32, 32, 28, 36, 36, 36, 0, 38, 36, 38, 38, 36, 36, 44, 36, 44, 47, 45, 45, 50, 48, 36]
[4, 4, 4, 5, 0, 8, 8, 5, 5]
[16, 3, 1, 3, 4, 4, 3, 9, 7, 9, 14, 14, 14, 10, 16, 0, 18, 16, 18, 21, 18, 16, 16, 25, 27, 27, 16, 16]
[2, 4, 4, 0, 4, 7, 5, 4, 4, 9, 10, 4]
[25, 8, 8, 8, 8, 5, 8, 25, 11, 11, 18, 11, 12, 16, 16, 13, 18, 8, 20, 18, 20, 25, 25, 25, 0, 25, 26, 30, 30, 27, 25]
[3, 3, 9, 3, 3, 5, 9, 9, 0, 11, 9, 13, 14, 11, 14, 18, 18, 15, 18, 23, 23, 23, 19, 9]
[29, 3, 1, 5, 3, 5, 9, 9, 6, 11, 9, 11, 15, 15, 12, 15, 16, 17, 18, 17, 22, 17, 29, 26, 26, 29, 29, 29, 0, 29, 29, 31, 31, 31, 29]
[2, 4, 2, 0, 6, 4, 8, 6, 10, 6, 4, 4, 14, 4, 16, 14, 16, 19, 16, 19, 19, 4]
[12, 4, 4, 1, 4, 5, 12, 12, 12, 12, 12, 0, 12, 15, 12, 17, 12, 17, 20, 18, 12]
[14, 14, 7, 7, 4, 7, 2, 7, 14, 11, 14, 14, 14, 0, 14, 17, 15, 17, 17, 23, 22, 23, 17, 14]
[2, 6, 6, 6, 6, 0, 6, 9, 7, 6, 12, 6, 14, 18, 16, 18, 18, 12, 18, 19, 6]
[3, 3, 7, 7, 7, 7, 11, 7, 11, 11, 0, 14, 14, 11, 14, 17, 15, 11]
[7, 7, 7, 7, 7, 7, 0, 7, 7, 7, 13, 13, 7, 7, 7, 17, 7, 20, 20, 17, 20, 23, 21, 20, 24, 25, 30, 30, 30, 26, 32, 30, 7]
[4, 4, 4, 0, 7, 7, 4, 10, 10, 7, 10, 13, 10, 10, 16, 14, 10, 10, 18, 19, 18, 24, 24, 21, 4, 4, 28, 29, 4, 29, 32, 29, 34, 32, 29, 29, 38, 29, 38, 4]
[13, 1, 4, 1, 4, 7, 5, 4, 8, 11, 9, 1, 0, 13, 17, 17, 13, 17, 21, 21, 18, 18, 25, 25, 22, 13]
[2, 7, 2, 7, 7, 7, 9, 9, 0, 9, 9, 14, 14, 9, 19, 19, 19, 19, 14, 9]
[6, 6, 6, 6, 6, 0, 11, 10, 10, 11, 6, 11, 12, 15, 13, 17, 15, 15, 18, 6, 24, 24, 24, 6, 26, 24, 28, 26, 28, 6]
[5, 5, 5, 5, 0, 7, 5, 7, 10, 8, 13, 13, 10, 13, 14, 17, 10, 5]
[2, 0, 2, 8, 8, 5, 5, 3, 10, 8, 10, 14, 14, 11, 14, 17, 15, 2]
[0, 1, 5, 5, 2, 1]
[2, 5, 5, 5, 0, 5, 10, 10, 10, 6, 5, 5, 20, 15, 20, 15, 15, 19, 15, 5, 20, 25, 25, 25, 21, 5, 5, 27, 30, 28, 30, 33, 31, 33, 36, 34, 5]
[3, 3, 0, 3, 6, 4, 3, 7, 10, 8, 12, 10, 14, 12, 14, 18, 18, 15, 18, 19, 18, 18, 22, 3]
[12, 1, 2, 1, 6, 1, 12, 10, 10, 12, 12, 0, 12, 12, 12, 12, 12]
[2, 0, 4, 2, 4, 5, 2, 10, 10, 7, 10, 13, 10, 2]
[0, 1, 4, 1, 1, 1, 12, 12, 12, 12, 12, 1, 12, 17, 17, 17, 13, 1]
[3, 3, 0, 5, 3, 5, 5, 5, 10, 5, 3]
[5, 1, 1, 5, 0, 5, 5, 5, 10, 11, 8, 11, 15, 15, 11, 5]
[2, 6, 2, 3, 6, 0, 6, 12, 12, 12, 12, 7, 6]
[2, 29, 4, 2, 2, 7, 5, 2, 2, 9, 12, 9, 12, 13, 18, 18, 18, 2, 18, 18, 22, 20, 22, 26, 26, 23, 18, 29, 0, 29, 33, 33, 30, 29]
[2, 5, 2, 5, 0, 5, 10, 10, 8, 6, 5]
[4, 4, 4, 5, 12, 5, 11, 7, 10, 11, 6, 0, 14, 12, 12, 17, 19, 19, 12, 21, 19, 21, 25, 25, 22, 12]
[3, 3, 0, 5, 3, 7, 5, 3, 8, 9, 10, 10, 12, 15, 10, 17, 18, 15, 3]
[2, 0, 5, 5, 2, 2, 9, 9, 6, 2, 12, 13, 2, 13, 14, 13, 16, 16, 16, 16, 2, 2, 24, 25, 2, 27, 25, 30, 30, 27, 30, 30, 32, 2]
[4, 4, 4, 9, 9, 9, 9, 9, 0]
[0, 1, 4, 2, 8, 8, 8, 4, 10, 8, 10, 13, 11, 15, 10, 18, 18, 15, 21, 21, 15, 21, 22, 25, 22, 1]
[4, 4, 4, 6, 6, 0, 8, 6, 6]
[4, 4, 4, 0, 11, 7, 11, 11, 11, 11, 4, 4]
[0, 1, 5, 5, 1, 1]
[3, 1, 5, 5, 0, 5, 9, 9, 17, 12, 12, 9, 12, 12, 16, 14, 5, 19, 21, 19, 17, 21, 21, 5]
[3, 3, 0, 3, 6, 3, 3, 3, 10, 11, 3, 15, 15, 15, 11, 11, 11, 19, 17, 19, 20, 19, 24, 19, 26, 27, 28, 24, 31, 31, 24, 31, 34, 32, 3]
[5, 5, 5, 5, 0, 7, 5, 11, 11, 11, 7, 5]
[2, 0, 2, 8, 6, 8, 8, 3, 8, 9, 13, 13, 10, 13, 16, 14, 13, 19, 13, 19, 22, 20, 2, 2, 26, 2, 26, 2]
[0, 3, 1, 5, 3, 3, 3, 7, 10, 8, 12, 10, 12, 12, 16, 14, 16, 16, 21, 21, 18, 1]
[28, 3, 1, 6, 6, 3, 8, 6, 6, 11, 9, 6, 17, 17, 17, 17, 12, 19, 17, 19, 28, 24, 24, 28, 28, 28, 28, 0, 28]
[2, 0, 2, 5, 3, 5, 8, 6, 2]
[0, 1, 5, 5, 2, 1]
[12, 3, 5, 3, 12, 7, 12, 7, 12, 11, 12, 0, 12, 15, 13, 15, 16, 17, 20, 18, 15, 27, 24, 27, 27, 27, 15, 12, 12]
[3, 3, 0, 3, 7, 7, 4, 13, 8, 12, 12, 13, 7, 15, 13, 15, 18, 15, 15, 19, 20, 20, 24, 22, 3]
[3, 3, 14, 3, 7, 7, 4, 7, 14, 14, 14, 14, 14, 0, 16, 14, 14, 19, 17, 21, 19, 21, 22, 25, 23, 25, 29, 29, 26, 14]
[2, 3, 9, 3, 6, 4, 9, 9, 0, 11, 9, 13, 11, 13, 13, 18, 18, 15, 13, 19, 20, 20, 24, 22, 9]
[9, 3, 1, 3, 6, 4, 9, 9, 0, 11, 9, 11, 11, 9]
[3, 3, 5, 5, 0, 5, 5, 5, 5, 12, 12, 9, 12, 16, 16, 13, 5]
[3, 1, 5, 5, 0, 5, 8, 6, 8, 11, 9, 11, 12, 5]
[2, 0, 4, 2, 7, 7, 4, 7, 8, 8, 2, 2, 15, 15, 2, 20, 19, 19, 20, 15, 23, 23, 20, 25, 26, 23, 23, 29, 27, 2]
[4, 4, 4, 0, 6, 4, 8, 4, 4]
[8, 4, 4, 1, 8, 8, 8, 0, 8, 9, 10, 8, 14, 15, 8, 17, 15, 21, 20, 21, 15, 21, 26, 26, 26, 22, 8]
[3, 3, 0, 8, 8, 8, 8, 3, 11, 11, 8, 13, 11, 3]
[5, 5, 5, 5, 9, 9, 9, 9, 0, 9, 19, 11, 19, 19, 14, 15, 19, 19, 9, 19, 20, 21, 22, 9]
[2, 4, 4, 0, 4, 7, 5, 4, 4, 11, 17, 13, 11, 15, 13, 17, 4, 17, 4]
[16, 1, 2, 1, 7, 7, 4, 4, 13, 13, 10, 10, 8, 16, 16, 0, 16, 19, 16, 16]
[5, 5, 5, 5, 0, 5, 5, 10, 10, 20, 13, 13, 10, 13, 16, 14, 20, 20, 20, 5, 23, 23, 20, 20, 26, 24, 20, 5]
[3, 3, 0, 3, 6, 4, 6, 9, 6, 3]
[2, 7, 2, 7, 7, 7, 10, 10, 10, 0, 10, 14, 14, 11, 10]
[2, 6, 6, 5, 6, 0, 6]
[2, 0, 2, 2, 7, 7, 4, 7, 7, 7, 10, 13, 11, 13, 16, 13, 13, 20, 20, 26, 20, 23, 26, 26, 26, 13, 2]
[0, 1, 6, 6, 6, 2, 6, 10, 10, 7]
[3, 3, 4, 0, 4, 7, 5, 7, 14, 14, 14, 13, 14, 8, 4]
[20, 4, 4, 1, 4, 7, 5, 4, 10, 4, 12, 10, 14, 12, 12, 17, 15, 20, 20, 0, 20, 21, 21, 25, 23, 20]
[3, 3, 0, 5, 3, 8, 8, 3, 8, 11, 8, 8, 15, 15, 12, 8, 8, 8, 18, 18, 18, 23, 21, 18, 24, 28, 28, 25, 28, 29, 3]
[3, 3, 4, 0, 7, 7, 4, 4, 4, 4, 10, 10, 15, 15, 12, 19, 19, 19, 15, 21, 19, 21, 26, 26, 26, 22, 26, 26, 28, 4, 4]
[5, 1, 5, 5, 0, 5, 5]
[2, 5, 5, 5, 0, 5]
[18, 5, 5, 5, 1, 5, 8, 10, 8, 6, 18, 18, 15, 15, 12, 18, 18, 0, 18, 19, 18]
[2, 0, 4, 2, 6, 2, 8, 6, 6, 12, 12, 9, 2, 2, 16, 19, 18, 19, 2, 24, 24, 24, 24, 19, 26, 24, 26, 27, 27, 2]
[7, 7, 7, 7, 7, 7, 11, 11, 11, 11, 0, 18, 12, 18, 18, 18, 18, 11, 18, 21, 19, 11]
[4, 4, 4, 11, 4, 7, 5, 11, 11, 11, 0, 11]
[2, 3, 0, 5, 3, 3, 3, 9, 7, 9, 10, 11, 14, 12, 3]
[8, 3, 1, 8, 8, 8, 8, 0, 8]
[4, 4, 4, 0, 4, 7, 5, 7, 10, 7, 4, 14, 14, 11, 4]
[6, 6, 2, 2, 6, 0, 8, 6, 10, 8, 12, 10, 12, 15, 20, 15, 15, 15, 20, 13, 20, 23, 20, 6]
[6, 5, 5, 5, 6, 0, 6, 6, 11, 11, 6, 11, 6]
[0, 3, 1, 3, 6, 4, 3, 3, 8, 9, 1]
[2, 4, 4, 0, 4, 4, 8, 13, 8, 9, 10, 13, 4, 4]
[0, 4, 4, 1, 4, 8, 8, 4, 1]
[3, 3, 9, 9, 9, 9, 9, 9, 0, 9, 9, 9, 15, 15, 17, 17, 9, 19, 17, 22, 22, 19, 24, 22, 24, 27, 25, 9]
[2, 9, 5, 5, 2, 7, 5, 9, 0, 9, 14, 14, 14, 10, 9, 9, 21, 21, 21, 21, 9, 25, 25, 25, 21, 28, 28, 25, 32, 32, 32, 28, 9]
[2, 0, 4, 2, 2, 2]
[2, 0, 4, 2, 11, 10, 6, 6, 10, 11, 4, 13, 11, 2, 2, 17, 20, 17, 18, 2, 20, 23, 20, 26, 26, 23, 28, 26, 28, 33, 33, 33, 29, 2]
[3, 3, 0, 3, 4, 5, 5, 3, 10, 8, 10, 13, 11, 3]
[4, 4, 4, 0, 6, 4, 4, 4, 8, 11, 8, 13, 11, 13, 14, 4]
[5, 5, 5, 5, 0, 5, 8, 6, 10, 8, 12, 10, 12, 18, 16, 18, 18, 12, 12, 22, 22, 19, 22, 25, 22, 22, 28, 22, 5]
[5, 5, 2, 2, 0, 5, 8, 5, 8, 12, 12, 13, 9, 13, 13, 13, 19, 19, 16, 13, 13, 5]
[5, 1, 2, 5, 0, 5, 5, 10, 10, 7, 5]
[10, 4, 4, 10, 4, 5, 6, 10, 10, 0, 10]
[6, 6, 4, 6, 4, 0, 6]
[4, 4, 4, 0, 8, 8, 8, 4, 12, 12, 12, 8, 4]
[2, 0, 4, 2, 4, 7, 4, 2, 2, 11, 2, 11, 11, 2]
[2, 0, 4, 2, 2, 7, 2, 7, 7, 2]
[2, 3, 0, 5, 8, 5, 8, 3, 8, 11, 13, 13, 9, 15, 13, 15, 18, 16, 18, 18, 22, 20, 24, 22, 30, 30, 30, 30, 30, 22, 3]
[2, 3, 0, 3, 6, 3, 11, 10, 10, 11, 6, 11, 3]
[0, 1, 5, 5, 2, 1, 8, 1, 1]
[0, 1, 1, 3]
[6, 1, 4, 1, 6, 0, 8, 6, 6, 6, 14, 14, 14, 6, 14, 19, 16, 19, 15, 21, 19, 27, 27, 27, 27, 27, 21, 29, 27, 31, 29, 6]
[5, 5, 2, 2, 0, 8, 8, 5, 8, 8, 8, 13, 11, 8, 8, 17, 8, 17, 20, 18, 5]
[2, 0, 2, 5, 3, 3, 9, 9, 6, 2, 2, 13, 15, 15, 2, 15, 16, 2]
[2, 4, 4, 0, 6, 4, 4, 9, 7, 13, 13, 13, 4, 13, 21, 17, 18, 19, 21, 21, 14, 4]
[0, 1, 4, 1, 6, 4, 6, 12, 12, 12, 12, 6, 15, 15, 12, 15, 1]
[0, 3, 1, 8, 8, 8, 8, 3, 1]
[6, 6, 2, 6, 6, 0, 6, 12, 12, 12, 12, 7, 16, 15, 16, 12, 16, 19, 17, 16, 16, 16, 24, 22, 26, 24, 26, 29, 27, 6]
[3, 3, 0, 6, 6, 3, 6, 10, 10, 7, 3, 14, 14, 3, 16, 14, 18, 20, 20, 16, 20, 21, 3]
[0, 3, 1, 6, 6, 8, 8, 3, 10, 8, 1]
[0, 1, 4, 1, 1, 1, 1, 1, 10, 1, 1]
[4, 4, 4, 6, 6, 0, 9, 9, 6, 9, 10, 6, 6, 15, 16, 6, 16, 19, 17, 6]
[8, 8, 8, 8, 8, 8, 8, 0, 10, 8, 12, 10, 12, 15, 13, 18, 18, 12, 24, 22, 20, 24, 24, 18, 26, 24, 8]
[2, 0, 2, 3, 7, 7, 4, 7, 11, 11, 8, 2, 2, 15, 2, 20, 20, 19, 20, 15, 22, 20, 20, 25, 23, 25, 28, 26, 2]
[6, 3, 6, 6, 6, 0, 18, 18, 8, 9, 18, 18, 12, 18, 18, 18, 18, 6, 21, 21, 18, 21, 22, 6]
[12, 1, 2, 6, 6, 3, 12, 12, 12, 11, 12, 0, 12, 16, 16, 13, 12, 22, 20, 18, 22, 12, 22, 25, 23, 12]
[3, 3, 4, 0, 7, 7, 8, 4, 4]
[0, 1, 1, 1, 6, 1, 1, 1, 10, 1, 1]
[2, 4, 4, 0, 4, 8, 8, 4, 8, 4, 12, 13, 4, 13, 14, 14, 16, 4]
[2, 0, 4, 2, 4, 7, 4, 2, 8, 9, 12, 10, 2]
[5, 3, 5, 5, 0, 5, 6, 7, 5, 11, 9, 11, 16, 16, 16, 11, 16, 19, 16, 5]
[7, 4, 4, 1, 7, 7, 0, 7, 10, 8, 12, 7, 15, 15, 12, 17, 15, 7]
[6, 6, 2, 5, 2, 10, 10, 10, 10, 0, 10, 11, 12, 15, 13, 10]
[2, 4, 4, 0, 4]
[2, 6, 6, 6, 6, 0, 6, 7, 6, 6, 15, 15, 15, 13, 6, 6]
[4, 4, 4, 0, 4, 7, 5, 12, 12, 12, 12, 7, 15, 15, 12, 15, 18, 15, 15, 4, 22, 34, 22, 26, 26, 23, 26, 27, 30, 28, 34, 33, 34, 4, 4]
[4, 3, 4, 0, 4, 8, 8, 4, 8, 11, 8, 13, 11, 15, 13, 4]
[4, 4, 4, 6, 6, 0, 6, 6]
[4, 4, 4, 0, 8, 8, 8, 4, 4]
[3, 3, 4, 0, 4, 8, 8, 5, 4, 11, 12, 4, 14, 12, 4]
[2, 3, 0, 7, 6, 7, 3, 9, 7, 9, 13, 13, 10, 13, 13, 3]
[4, 3, 4, 10, 4, 10, 10, 10, 10, 0, 10, 10, 15, 15, 12, 10, 18, 10, 23, 21, 23, 23, 18, 10]
[3, 3, 0, 5, 3, 3, 10, 10, 10, 6, 3]
[2, 3, 0, 5, 3, 3, 12, 7, 11, 11, 8, 3, 12, 12, 3]
[2, 0, 2, 5, 7, 7, 3, 7, 12, 12, 12, 7, 12, 2]
[4, 4, 4, 0, 6, 4, 8, 6, 12, 12, 12, 8, 4]
[3, 3, 0, 3, 6, 4, 6, 7, 3]
[11, 1, 4, 2, 9, 9, 9, 9, 11, 11, 0, 13, 11, 13, 14, 11, 22, 22, 18, 18, 22, 16, 11, 25, 11, 25, 25, 25, 25, 29, 30, 33, 31, 33, 34, 11]
[3, 3, 9, 3, 6, 3, 6, 3, 0, 11, 9, 9, 15, 15, 12, 9]
[2, 0, 4, 2, 4, 2, 2, 11, 11, 11, 2, 13, 11, 15, 13, 15, 16, 17, 15, 23, 23, 23, 15, 2]
[5, 5, 5, 5, 0, 5]
[2, 5, 5, 5, 0, 5, 5, 5, 10, 5, 10, 13, 11, 13, 14, 15, 5, 5, 21, 21, 5, 25, 25, 25, 21, 27, 25, 29, 27, 29, 30, 25, 34, 25, 5]
[4, 4, 4, 0, 4, 5, 6, 6, 6, 11, 6, 15, 15, 15, 4, 19, 19, 19, 15, 15, 15, 15, 24, 22, 24, 24, 4]
[2, 5, 5, 5, 0, 8, 8, 5, 5, 11, 9, 11, 12, 13, 5]
[3, 3, 4, 0, 6, 4, 6, 10, 10, 7, 4, 15, 15, 15, 4, 18, 18, 15, 18, 18, 18, 18, 22, 26, 26, 23, 4]
[8, 8, 2, 2, 2, 2, 8, 0, 10, 8, 10, 11, 14, 12, 14, 17, 14, 8, 8]
[2, 3, 0, 5, 3, 7, 5, 9, 7, 7, 5, 11, 12, 3, 3, 19, 19, 19, 3, 19, 22, 19, 22, 26, 26, 23, 26, 27, 30, 28, 3]
[4, 4, 4, 0, 6, 4, 9, 9, 6, 6, 6, 14, 14, 6, 14, 17, 15, 4]
[9, 3, 1, 9, 8, 8, 8, 9, 0, 11, 9, 9, 9, 13, 19, 19, 18, 19, 14, 9]
[12, 3, 1, 3, 3, 12, 10, 10, 10, 12, 12, 0]
[3, 1, 13, 13, 13, 7, 9, 7, 5, 13, 13, 13, 0, 13]
[3, 3, 17, 5, 3, 3, 10, 10, 10, 3, 10, 17, 17, 17, 17, 17, 0, 17, 20, 17, 20, 23, 21, 17]
[0, 1, 1, 3, 6, 3, 3, 7, 3, 3, 10, 14, 14, 10, 1]
[5, 5, 5, 5, 0, 7, 5, 9, 7, 11, 9, 11, 5, 18, 14, 15, 18, 5, 18, 19, 22, 20, 22, 25, 23, 5]
[2, 5, 5, 5, 0, 5, 6, 9, 7, 5]
[3, 3, 14, 5, 3, 5, 8, 6, 5, 11, 9, 14, 14, 0, 16, 14, 18, 14, 14]
[2, 0, 2, 8, 8, 8, 8, 3, 8, 12, 12, 9, 12, 17, 17, 15, 12, 19, 17, 17, 23, 23, 20, 2]
[2, 0, 2, 6, 6, 3, 3, 10, 10, 7, 2]
[3, 3, 0, 3, 3, 8, 8, 5, 8, 12, 12, 8, 12, 13, 16, 14, 3]
[0, 1, 6, 6, 6, 2, 11, 11, 11, 11, 6, 13, 11, 11, 11, 17, 15, 17, 20, 18, 24, 24, 24, 17, 1]
[0, 3, 4, 5, 1, 5, 8, 9, 10, 5, 1]
[2, 5, 5, 5, 0, 5, 5, 12, 8, 11, 9, 5, 14, 12, 18, 18, 18, 14, 18, 18, 18, 18, 25, 25, 18, 25, 25, 25, 25, 25, 30, 31, 34, 32, 34, 40, 38, 40, 40, 35, 42, 40, 40, 40, 40, 40, 46, 5]
[3, 3, 0, 5, 3, 7, 9, 9, 5, 12, 12, 9, 12, 16, 16, 12, 12, 3]
[5, 5, 5, 5, 0, 9, 8, 9, 5, 11, 9, 11, 5]
[8, 8, 8, 5, 8, 5, 5, 0, 12, 9, 12, 8, 15, 15, 12, 8]
[2, 3, 0, 6, 4, 3, 14, 14, 8, 12, 12, 9, 14, 3, 14, 17, 15, 3]
[3, 3, 11, 11, 7, 5, 11, 9, 7, 11, 0, 13, 11, 17, 17, 17, 13, 20, 20, 17, 22, 20, 11]
[2, 6, 2, 3, 6, 0, 9, 9, 6, 6, 6, 13, 15, 15, 6, 6]
[5, 5, 5, 5, 0, 7, 9, 7, 12, 12, 12, 5, 12, 12, 16, 14, 5]
[5, 5, 5, 5, 10, 10, 9, 9, 10, 0, 10, 15, 15, 15, 10, 15, 10]
[3, 3, 0, 3, 6, 4, 6, 7, 11, 11, 8, 13, 11, 3]
[12, 4, 4, 1, 6, 12, 6, 12, 12, 12, 12, 0, 12]
[4, 4, 4, 16, 6, 4, 8, 6, 8, 12, 12, 9, 16, 16, 16, 0, 19, 19, 16, 19, 20, 16]
[5, 1, 5, 5, 7, 7, 0, 7, 10, 8, 7, 7, 14, 7, 16, 14, 16, 17, 22, 22, 22, 18, 16, 27, 27, 27, 23, 7]
[0, 4, 4, 1, 4, 4, 8, 4, 10, 8, 13, 13, 10, 10, 10, 15, 15, 10, 26, 19, 26, 25, 24, 25, 26, 10, 26, 1]
[2, 0, 2, 5, 3, 5, 6, 6, 11, 11, 8, 13, 6, 18, 16, 18, 18, 13, 20, 18, 18, 21, 24, 22, 24, 27, 25, 24, 30, 28, 30, 33, 30, 2]
[4, 4, 4, 0, 4, 5, 6, 16, 11, 11, 16, 11, 14, 12, 16, 7, 18, 16, 16, 19, 23, 23, 20, 4]
[2, 4, 4, 0, 4, 8, 8, 5, 12, 12, 12, 8, 12, 15, 12, 18, 18, 15, 20, 15, 20, 20, 24, 22, 4]
[4, 4, 4, 0, 8, 8, 8, 4, 8, 13, 13, 13, 8, 8, 20, 15, 15, 15, 15, 14, 4]
[5, 5, 2, 2, 0, 5, 6, 10, 10, 7, 15, 14, 14, 15, 10, 17, 15, 17, 17, 19, 15, 24, 24, 5, 28, 28, 28, 24, 33, 31, 33, 33, 28, 5]
[2, 3, 0, 6, 6, 3, 8, 11, 8, 11, 6, 3, 3, 16, 16, 3, 16, 19, 17, 3]
[2, 0, 4, 2, 4, 2, 8, 12, 8, 12, 12, 6, 2, 2, 16, 2, 18, 16, 18, 18, 22, 18, 24, 22, 2]
[15, 1, 4, 2, 1, 1, 8, 6, 10, 8, 1, 13, 15, 13, 0, 18, 18, 15, 15, 15, 23, 23, 20, 23, 24, 29, 29, 29, 23, 32, 32, 29, 15]
[3, 3, 5, 5, 0, 5, 5, 7, 11, 11, 8, 7, 7, 7, 14, 19, 19, 19, 15, 21, 19, 21, 22, 23, 5]
[5, 5, 2, 2, 0, 5]
[2, 0, 4, 2, 2, 5, 6, 7, 10, 8, 10, 11, 10, 13, 17, 17, 14, 17, 18, 21, 19, 2]
[5, 5, 5, 5, 10, 5, 6, 7, 8, 0, 15, 15, 15, 15, 10, 15, 16, 10]
[16, 16, 2, 7, 7, 7, 3, 16, 16, 11, 16, 16, 16, 16, 16, 0, 21, 20, 20, 21, 16, 23, 21, 16]
[2, 0, 2, 2, 2, 2, 2, 2, 2, 12, 12, 9, 2]
[2, 0, 2, 6, 6, 3, 6, 11, 11, 11, 7, 2]
[3, 3, 11, 5, 3, 9, 6, 9, 5, 11, 0, 11, 12, 13, 14, 11, 16, 19, 17, 19, 19, 11]
[11, 4, 2, 1, 11, 11, 11, 11, 10, 11, 0, 11, 14, 12, 14, 17, 15, 11, 25, 22, 22, 25, 25, 25, 11, 25, 29, 29, 31, 31, 25, 11]
[4, 4, 4, 6, 6, 0, 6, 11, 11, 11, 7, 16, 16, 16, 16, 11, 18, 16, 21, 21, 16, 23, 21, 23, 6]
[3, 3, 0, 3, 8, 8, 8, 4, 8, 9, 13, 13, 10, 3]
[2, 0, 2, 2, 7, 7, 4, 2]
[6, 3, 6, 6, 4, 0, 6, 15, 8, 15, 10, 14, 14, 11, 6, 17, 15, 17, 20, 18, 20, 27, 27, 27, 26, 24, 21, 6]
[15, 15, 15, 5, 3, 7, 5, 10, 10, 7, 15, 15, 15, 15, 0, 15]
[5, 5, 5, 5, 0, 5, 9, 9, 6, 5]
[4, 4, 4, 0, 6, 4, 6, 6, 8, 4]
[2, 0, 2, 3, 6, 4, 9, 9, 3, 9, 3, 11, 12, 12, 12, 18, 18, 12, 18, 18, 20, 23, 21, 23, 23, 23, 26, 2, 2, 36, 33, 33, 30, 36, 36, 2, 40, 40, 40, 36, 42, 40, 42, 45, 43, 47, 45, 2]
[4, 4, 4, 0, 4, 5, 8, 4, 11, 11, 8, 15, 14, 15, 8, 15, 16, 4]
[2, 18, 6, 6, 6, 2, 10, 10, 10, 6, 12, 10, 18, 18, 18, 18, 18, 0, 18, 22, 22, 19, 24, 18, 26, 24, 28, 26, 30, 28, 28, 35, 35, 35, 31, 18]
[0, 1, 7, 7, 7, 7, 2, 7, 8, 11, 9, 11, 14, 12, 14, 17, 14, 7, 7, 19, 24, 23, 24, 7, 1]
[2, 5, 5, 5, 0, 7, 5, 7, 7, 11, 7, 11, 5, 5, 16, 5, 19, 19, 16, 21, 19, 23, 26, 26, 26, 21, 26, 29, 27, 29, 32, 29, 5]
[3, 3, 0, 5, 3, 5, 11, 11, 11, 11, 6, 11, 15, 15, 12, 15, 16, 15, 21, 21, 15, 21, 22, 3]
[3, 3, 0, 3, 6, 4, 9, 9, 6, 9, 3]
[3, 1, 7, 7, 7, 7, 0, 7, 21, 21, 12, 14, 12, 10, 14, 14, 21, 21, 21, 21, 7, 27, 24, 27, 27, 27, 21, 7]
[5, 1, 1, 5, 0, 7, 5, 9, 7, 7, 5]
[2, 4, 4, 0, 4, 8, 8, 5, 8, 9, 8, 15, 12, 13, 8, 17, 18, 15, 20, 18, 20, 23, 21, 4]
[2, 26, 2, 3, 7, 7, 4, 7, 11, 9, 8, 2, 14, 2, 14, 15, 18, 16, 18, 19, 20, 20, 22, 26, 26, 0, 30, 30, 30, 26, 26]
[2, 0, 4, 2, 6, 4, 9, 9, 6, 2]
[2, 0, 2, 5, 2, 9, 9, 9, 2, 2]
[7, 3, 1, 7, 7, 7, 0, 10, 10, 7, 12, 7, 14, 12, 17, 17, 14, 17, 17, 23, 20, 23, 19, 7]
[7, 3, 7, 7, 7, 7, 0, 7, 8, 9, 8, 13, 8, 13, 13, 17, 15, 7]
[0, 3, 1, 3, 6, 3, 3, 9, 7, 3, 12, 10, 1, 1, 1, 15, 18, 21, 21, 21, 16, 1]
[2, 0, 2, 2, 6, 2, 9, 9, 6, 2, 2, 14, 14, 19, 16, 14, 19, 19, 2, 19, 2]
[8, 8, 8, 5, 8, 8, 8, 0, 8, 11, 15, 11, 15, 15, 9, 15, 16, 17, 17, 21, 19, 24, 24, 21, 26, 24, 26, 27, 28]
[3, 3, 7, 3, 3, 5, 0, 14, 10, 14, 10, 10, 14, 7, 14, 17, 14, 19, 17, 21, 19, 19, 19, 26, 26, 23, 7]
[5, 3, 5, 5, 0, 5, 5, 7, 10, 8, 7, 7, 12, 12, 5]
[2, 19, 2, 6, 6, 8, 6, 3, 3, 15, 15, 13, 15, 13, 9, 19, 18, 19, 0, 22, 22, 19, 19, 25, 23, 19, 26, 30, 30, 33, 30, 33, 35, 35, 27, 35, 35, 37, 19]
[5, 5, 5, 5, 0, 5, 5, 7, 5, 5, 12, 10, 15, 15, 12, 17, 15, 17, 22, 22, 22, 15, 22, 22, 5]
[3, 3, 5, 5, 0, 5, 10, 9, 10, 6, 12, 10, 12, 12, 17, 17, 14, 19, 17, 19, 22, 20, 5]
[2, 5, 5, 5, 0, 7, 5, 14, 14, 14, 12, 14, 14, 7, 14, 14, 19, 19, 16, 14, 14, 23, 21, 23, 27, 27, 24, 29, 27, 14, 32, 14, 39, 39, 39, 35, 35, 39, 32, 39, 5]
[2, 0, 6, 5, 6, 2, 2]
[2, 22, 2, 5, 3, 12, 9, 9, 12, 12, 12, 2, 12, 12, 12, 15, 19, 19, 16, 12, 22, 0, 24, 22, 24, 24, 22]
[2, 3, 0, 5, 3, 3, 3, 3, 8, 11, 12, 8, 14, 12, 16, 17, 14, 3]
[3, 1, 12, 5, 3, 5, 10, 10, 10, 6, 5, 0, 15, 15, 12, 15, 16, 19, 15, 19, 20, 23, 21, 20, 26, 24, 26, 27, 12]
[2, 0, 2, 5, 2, 5, 8, 6, 5, 9, 5, 13, 5, 13, 16, 14, 13, 13, 18, 21, 22, 19, 22, 22, 2]
[3, 3, 0, 3, 6, 4, 3, 10, 10, 7, 3, 13, 3, 15, 13, 13, 13, 19, 17, 19, 22, 20, 17, 25, 23, 3]
[3, 3, 0, 7, 7, 7, 3, 3]
[0, 1]
[4, 4, 4, 0, 4, 7, 5, 4]
[3, 3, 6, 6, 6, 0, 6, 6, 6, 6, 6, 13, 11, 13, 17, 17, 14, 6]
[4, 4, 4, 0, 6, 9, 9, 9, 4, 9, 9, 14, 14, 11, 9, 19, 19, 19, 21, 21, 9, 4]
[3, 3, 0, 3, 3, 3, 11, 7, 7, 11, 3, 11, 11, 15, 13, 3, 3]
[3, 3, 0, 3, 8, 8, 8, 4, 3]
[4, 4, 4, 0, 4]
[2, 0, 2]
[2, 0, 2]
[2, 0, 2]
[2, 3, 0, 3, 6, 3, 3, 3, 11, 11, 3, 3]
[4, 3, 4, 0, 4, 4, 4, 4]
[0, 1]
[3, 3, 0, 6, 6, 3, 6, 9, 7, 9, 12, 10, 3]
[0, 1]
[3, 3, 0, 6, 6, 3, 6, 3]
[5, 5, 5, 5, 0, 5, 8, 6, 12, 12, 12, 5, 12, 5]
[0, 5, 4, 5, 1, 5, 8, 5, 8, 11, 9, 1]
[3, 3, 6, 6, 6, 0, 8, 6, 8, 13, 13, 13, 9, 17, 17, 17, 13, 19, 17, 6]
[2, 0, 4, 9, 4, 8, 8, 5, 2, 2, 13, 13, 2, 15, 13, 2]
[6, 6, 6, 6, 6, 0, 6, 6, 6]
[8, 8, 8, 8, 8, 8, 8, 0, 8, 8, 10, 13, 10, 15, 13, 8]
[3, 3, 7, 7, 7, 7, 0, 7, 7, 7, 10, 19, 16, 16, 16, 19, 16, 19, 11, 19, 22, 19, 22, 22, 27, 27, 24, 7]
[12, 1, 1, 1, 1, 5, 6, 7, 12, 11, 12, 0, 12, 20, 20, 15, 16, 19, 17, 13, 20, 24, 24, 21, 20, 20, 28, 26, 28, 28, 30, 33, 34, 31, 34, 12]
[0, 1, 1, 5, 3, 1, 1, 12, 12, 9, 9, 7, 1, 16, 16, 1, 16, 16, 20, 18, 20, 23, 21, 25, 23, 25, 25, 27, 31, 31, 28, 1]
[2, 3, 0, 5, 3, 3, 8, 6, 3, 3, 10, 10, 15, 15, 12, 18, 18, 19, 15, 3]
[3, 3, 5, 5, 0, 7, 5, 9, 13, 11, 13, 13, 7, 7, 16, 7, 18, 16, 18, 22, 22, 19, 5]
[8, 1, 1, 3, 8, 8, 8, 0, 8]
[2, 5, 5, 5, 0, 5, 11, 11, 11, 11, 5, 11, 17, 17, 17, 17, 11, 5]
[4, 3, 4, 0, 8, 8, 8, 4, 8, 11, 9, 4]
[2, 3, 0, 5, 3, 8, 8, 5, 8, 9, 5, 5, 14, 12, 14, 17, 15, 17, 20, 18, 3]
[9, 9, 9, 9, 9, 7, 9, 9, 0, 9]
[4, 4, 4, 0, 4, 7, 5, 4, 4, 4, 15, 15, 15, 15, 4, 15, 16, 17, 4]
[23, 1, 2, 8, 8, 8, 8, 3, 8, 11, 8, 14, 14, 15, 11, 15, 19, 19, 16, 23, 22, 23, 0, 23, 26, 24, 23]
[3, 3, 0, 3, 8, 8, 8, 4, 10, 8, 14, 14, 14, 10, 3, 3]
[2, 0, 7, 7, 6, 7, 2, 9, 7, 7, 13, 13, 10, 7, 7, 7, 16, 19, 16, 19, 19, 2]
[2, 3, 0, 3, 4, 12, 6, 12, 8, 11, 9, 5, 14, 12, 12, 17, 12, 17, 17, 17, 17, 24, 24, 17, 24, 25, 26, 29, 27, 29, 32, 30, 3]
[0, 1, 4, 2, 1]
[4, 4, 4, 13, 4, 8, 8, 5, 13, 12, 10, 13, 0, 13, 13, 15, 18, 16, 18, 22, 20, 19, 13]
[2, 0, 4, 6, 6, 2, 6, 7, 6, 12, 12, 9, 14, 12, 2]
[3, 3, 19, 3, 6, 4, 19, 9, 19, 9, 9, 14, 14, 11, 19, 19, 19, 19, 0, 19, 22, 20, 19]
[2, 5, 5, 5, 0, 5, 6, 5, 10, 8, 5]
[2, 0, 2, 5, 3, 5, 8, 6, 8, 13, 13, 13, 8, 2]
[0, 1, 1, 5, 3, 5, 9, 9, 6, 1, 1, 13, 15, 15, 1, 15, 16, 17, 16, 1]
[0, 1, 6, 6, 6, 2, 1, 1, 8, 12, 12, 9, 18, 16, 16, 18, 18, 1, 1]
[6, 6, 6, 5, 6, 0, 6, 6, 12, 12, 12, 6, 12, 15, 13, 15, 15, 6]
[3, 3, 16, 5, 9, 5, 9, 9, 3, 9, 12, 10, 16, 16, 16, 0, 16, 20, 20, 17, 20, 24, 22, 21, 20, 20, 20, 27, 16]
[6, 6, 6, 6, 6, 0, 6, 9, 6, 6]
[5, 5, 5, 5, 7, 7, 0, 7, 7, 12, 12, 9, 7]
[5, 5, 5, 5, 0, 5, 9, 9, 5, 5, 12, 5, 15, 15, 12, 5]
[2, 0, 4, 2, 4, 2]
[22, 1, 2, 3, 6, 2, 8, 6, 6, 9, 6, 13, 11, 22, 19, 19, 19, 19, 22, 22, 22, 0, 24, 22, 24, 25, 29, 29, 26, 22]
[2, 4, 4, 0, 4, 4, 4, 4, 11, 9, 8, 8, 15, 15, 12, 15, 19, 19, 16, 4]
[7, 7, 7, 7, 7, 7, 0, 7, 8, 11, 8, 7, 7, 7, 18, 18, 18, 7, 18, 18, 23, 23, 20, 7]
[4, 4, 4, 18, 6, 4, 4, 9, 12, 9, 12, 7, 18, 16, 16, 18, 16, 0, 20, 18, 18]
[6, 6, 6, 6, 6, 0, 6, 6, 11, 11, 6, 11, 6, 6, 18, 17, 18, 14, 6]
[3, 3, 8, 8, 8, 8, 8, 0, 8, 11, 9, 13, 8, 13, 18, 17, 18, 13, 20, 18, 20, 23, 20, 25, 18, 8]
[2, 3, 0, 3, 6, 3, 6, 9, 7, 9, 10, 13, 11, 13, 16, 14, 3, 3, 20, 26, 20, 23, 20, 26, 26, 3, 26, 26, 31, 31, 28, 3]
[2, 7, 2, 6, 6, 2, 0, 7, 8, 7, 12, 10, 15, 15, 12, 7]
[3, 3, 0, 3, 3, 3, 9, 7, 3, 9, 12, 10, 12, 17, 17, 17, 13, 3]
[6, 4, 4, 1, 4, 0, 6, 9, 6, 6, 6, 13, 11, 13, 14, 19, 19, 19, 13, 19, 22, 20, 22, 25, 23, 19, 28, 19, 31, 29, 28, 6]
[3, 3, 16, 7, 7, 7, 3, 16, 11, 11, 16, 16, 16, 15, 16, 0, 16]
[0, 1, 4, 2, 4, 8, 8, 5, 12, 12, 12, 8, 12, 17, 17, 17, 13, 1]
[2, 10, 10, 5, 10, 5, 5, 9, 10, 0, 10, 10, 14, 15, 10, 15, 15, 10]
[2, 0, 4, 2, 2, 18, 18, 18, 8, 8, 10, 11, 8, 15, 8, 18, 18, 5, 2]
[2, 0, 5, 5, 2, 7, 5, 7, 11, 11, 8, 11, 15, 15, 12, 2]
[5, 5, 5, 5, 0, 5, 8, 6, 11, 11, 8, 5, 5, 19, 19, 19, 19, 19, 5, 19, 23, 23, 20, 5]
[2, 0, 2, 6, 6, 2, 2]
[0, 1, 4, 2, 1, 1, 10, 10, 10, 6, 10, 13, 11, 16, 16, 10, 1]
[8, 1, 4, 2, 4, 4, 8, 0, 8, 11, 8, 13, 11, 8]
[6, 1, 2, 6, 6, 0, 8, 6, 6, 12, 12, 9, 6, 6, 18, 18, 18, 6, 20, 18, 23, 23, 20, 20, 6]
[3, 3, 4, 0, 7, 7, 4, 7, 8, 4, 16, 16, 14, 16, 16, 4, 18, 16, 20, 18, 18, 21, 22, 23, 22, 27, 25, 33, 33, 31, 33, 33, 18, 35, 33, 35, 33, 33, 41, 41, 33, 4]
[2, 0, 4, 2, 4, 7, 5, 2, 10, 8, 10, 11, 12, 15, 13, 2, 25, 19, 25, 19, 24, 24, 24, 20, 2, 2, 2, 33, 33, 33, 33, 33, 2, 35, 33, 35, 35, 37, 38, 38, 2]
[3, 3, 13, 5, 3, 11, 11, 11, 10, 11, 5, 13, 0, 13, 17, 17, 14, 17, 18, 13]
[2, 5, 5, 5, 0, 5, 5, 11, 11, 11, 5, 11, 11, 5]
[3, 3, 0, 5, 3, 5, 8, 6, 8, 8, 10, 3]
[0, 1, 1, 1, 6, 4, 1]
[2, 15, 2, 5, 6, 3, 6, 9, 11, 11, 7, 11, 15, 15, 0, 15, 16, 17, 20, 18, 15]
[20, 3, 1, 7, 7, 7, 3, 10, 10, 7, 13, 13, 16, 15, 16, 7, 20, 19, 20, 0, 24, 23, 24, 20, 20]
[2, 9, 4, 2, 6, 4, 9, 9, 0, 9, 9, 13, 15, 15, 9, 9]
[3, 3, 0, 8, 8, 8, 8, 3, 3]
[0, 3, 1, 3, 6, 7, 4, 1]
[3, 3, 0, 3, 3, 3, 8, 3, 10, 8, 3]
[2, 0, 4, 2, 4, 5, 6, 13, 13, 13, 13, 13, 6, 6, 18, 18, 18, 14, 2]
[4, 4, 4, 10, 4, 8, 8, 4, 10, 0, 10]
[5, 5, 5, 5, 0, 5, 5, 5, 12, 12, 12, 5, 5]
[5, 5, 5, 5, 0, 5, 5, 5, 10, 8, 13, 13, 10, 5]
[12, 1, 7, 5, 7, 7, 2, 12, 12, 12, 12, 0, 12, 13, 12, 18, 18, 12, 18, 19, 12]
[2, 0, 5, 5, 2, 14, 14, 7, 8, 9, 14, 14, 14, 5, 14, 17, 14, 2]
[16, 1, 5, 3, 2, 7, 5, 9, 7, 9, 10, 16, 16, 16, 16, 0, 21, 19, 21, 21, 16]
[3, 3, 0, 3]
[2, 0, 4, 2, 4, 9, 6, 9, 5, 2]
[0, 3, 1, 3, 7, 7, 3, 7, 11, 11, 7, 7, 15, 15, 18, 15, 18, 7, 1]
[3, 3, 0, 7, 4, 7, 3, 12, 12, 11, 12, 7, 14, 12, 18, 18, 18, 14, 18, 21, 22, 23, 18, 23, 24, 3]
[17, 3, 1, 5, 6, 3, 6, 6, 6, 11, 12, 9, 17, 17, 17, 17, 0, 17, 20, 18, 22, 20, 24, 22, 24, 27, 25, 30, 30, 27, 30, 17]
[5, 5, 5, 5, 11, 11, 8, 11, 11, 11, 0, 11, 15, 15, 12, 11]
[3, 3, 0, 3]
[2, 4, 2, 6, 6, 0, 6, 10, 10, 6, 10, 14, 14, 11, 14, 17, 15, 14, 14, 14, 22, 23, 14, 23, 10, 10, 10, 31, 31, 31, 10, 31, 32, 35, 32, 6, 6]
[2, 3, 0, 5, 3, 3, 3, 9, 7, 7, 13, 13, 10, 13, 14, 3]
[5, 3, 5, 5, 0, 5, 9, 9, 10, 5, 5]
[5, 5, 5, 5, 0, 5]
[3, 3, 0, 3, 3]
[0, 1, 1, 6, 6, 1, 6, 7, 8, 12, 12, 9, 1, 17, 17, 17, 1, 17, 18, 1]
[3, 3, 0, 3, 3, 3, 3, 10, 10, 3, 3]
[4, 4, 4, 0, 7, 7, 4, 10, 10, 7, 12, 10, 12, 13, 10, 18, 18, 15, 18, 4]
[0, 3, 1, 1, 1, 7, 5, 1, 1, 9, 9, 13, 11, 1]
[2, 6, 6, 6, 6, 0, 6]
[2, 0, 5, 5, 2, 2, 8, 6, 12, 12, 12, 6, 2, 2, 2, 2, 19, 19, 16, 22, 22, 19, 24, 22, 27, 27, 22, 2]
[6, 6, 6, 6, 6, 0, 8, 6, 6, 12, 12, 9, 6]
[10, 3, 1, 10, 6, 10, 10, 10, 10, 0, 10, 13, 10, 10]
[2, 3, 0, 5, 3, 3, 8, 9, 6, 9, 13, 13, 9, 16, 16, 9, 16, 20, 20, 16, 3]
[5, 1, 5, 5, 12, 5, 8, 5, 12, 12, 12, 0, 12]
[6, 5, 2, 3, 6, 0, 9, 9, 6, 9, 12, 10, 6, 6, 6, 18, 18, 15, 6]
[2, 10, 2, 10, 6, 10, 10, 10, 10, 0, 10, 13, 16, 13, 16, 11, 20, 20, 20, 10, 23, 23, 20, 23, 24, 23, 28, 26, 10]
[9, 3, 9, 9, 8, 8, 8, 9, 0, 9, 14, 14, 14, 10, 9]
[0, 1, 2, 2, 1]
[2, 0, 2, 3, 7, 7, 4, 7, 10, 8, 2]
[2, 12, 2, 6, 6, 3, 12, 10, 10, 12, 12, 0, 12, 15, 13, 12, 18, 12, 18, 21, 18]
[2, 6, 2, 5, 2, 0, 8, 6, 6, 13, 10, 10, 9, 6, 16, 14, 19, 19, 6, 24, 24, 24, 24, 25, 19, 25, 29, 29, 26, 6]
[2, 0, 4, 2, 6, 4, 6, 9, 6, 9, 12, 10, 2]
[2, 0, 4, 2, 6, 4, 6, 11, 11, 11, 7, 2]
[3, 3, 0, 15, 6, 15, 8, 6, 8, 8, 8, 14, 14, 11, 3, 17, 15, 15, 21, 21, 18, 21, 22, 3]
[0, 1, 8, 8, 8, 5, 5, 2, 1, 11, 1, 11, 15, 15, 12, 15, 19, 19, 15, 1]
[3, 3, 0, 3, 3, 5, 8, 6, 13, 13, 13, 13, 8, 19, 19, 18, 18, 19, 13, 19, 23, 23, 19, 23, 26, 24, 3]
[3, 3, 0, 3, 7, 7, 4, 11, 11, 11, 3, 11, 12, 15, 13, 15, 16, 17, 20, 17, 24, 24, 24, 15, 24, 27, 25, 27, 28, 33, 33, 33, 29, 3]
[0, 1]
[3, 3, 4, 0, 6, 4, 13, 11, 8, 11, 13, 11, 6, 4]
[0, 1, 6, 6, 6, 2, 8, 6, 10, 8, 8, 6, 16, 16, 16, 6, 6, 6, 20, 6, 25, 25, 25, 25, 20, 25, 31, 27, 31, 29, 26, 1]
[9, 3, 9, 3, 3, 7, 3, 3, 0, 9, 12, 10, 9]
[0, 3, 1, 1, 4, 7, 5, 7, 10, 8, 1, 1, 1, 13, 17, 17, 13, 17, 20, 18, 1]
[16, 7, 7, 7, 7, 7, 1, 7, 11, 11, 8, 16, 14, 16, 14, 0, 16, 17, 21, 19, 18, 21, 21, 17, 17, 17, 26, 29, 27, 29, 29, 16]
[3, 3, 12, 5, 3, 5, 6, 10, 10, 6, 6, 0, 12, 15, 13, 13, 19, 19, 16, 19, 20, 21, 22, 26, 26, 13, 26, 29, 26, 29, 32, 30, 12]
[4, 4, 4, 0, 4, 5, 6, 6, 12, 12, 12, 8, 14, 4, 14, 17, 15, 4]
[7, 7, 7, 7, 7, 7, 0, 7, 14, 14, 14, 13, 14, 8, 16, 14, 18, 16, 16, 23, 23, 23, 19, 7]
[2, 0, 5, 5, 2, 2, 9, 9, 6, 9, 12, 9, 12, 13, 9, 15, 16, 16, 2]
[4, 4, 4, 0, 4, 7, 5, 9, 7, 9, 12, 10, 7, 13, 16, 14, 16, 19, 17, 16, 16, 21, 25, 25, 21, 16, 16, 16, 31, 31, 28, 4]
[3, 1, 4, 0, 6, 4, 6, 11, 11, 11, 6, 13, 11, 13, 16, 13, 6, 17, 4]
[2, 3, 0, 5, 3, 5, 9, 9, 6, 3, 12, 15, 12, 15, 16, 3, 18, 16, 18, 19, 22, 20, 3]
[5, 5, 2, 2, 6, 0, 6, 6, 8, 11, 9, 11, 14, 12, 11, 15, 6]
[3, 3, 0, 8, 8, 8, 8, 3, 3, 12, 12, 9, 3]
[3, 3, 0, 5, 6, 3, 3, 3, 8, 12, 12, 9, 12, 13, 16, 14, 16, 19, 16, 3]
[11, 3, 11, 3, 3, 7, 3, 3, 11, 11, 0, 11]
[3, 3, 0, 5, 3, 8, 8, 5, 8, 11, 9, 14, 14, 11, 14, 22, 19, 19, 22, 22, 22, 3, 22, 22, 3]
[7, 7, 7, 7, 7, 7, 0, 10, 10, 7, 12, 10, 7, 19, 19, 19, 19, 19, 7, 19, 22, 19, 24, 22, 22, 28, 28, 22, 28, 28, 7]
[0, 1]
[4, 4, 4, 0, 10, 9, 8, 9, 10, 4, 12, 16, 16, 16, 16, 10, 16, 4]
[2, 10, 2, 5, 2, 2, 2, 9, 2, 0, 13, 13, 10, 10]
[5, 5, 5, 5, 0, 5, 5, 5, 5, 5]
[2, 0, 2, 2, 2, 2, 8, 2, 8, 9, 2, 15, 15, 15, 2, 20, 20, 20, 20, 15, 20, 23, 21, 2]
[3, 3, 0, 3, 6, 4, 3, 3, 12, 12, 12, 8, 12, 12, 17, 17, 12, 3]
[3, 3, 0, 3, 6, 4, 3]
[2, 6, 6, 6, 6, 0, 6, 12, 12, 12, 12, 7, 15, 15, 6, 15, 16, 17, 20, 18, 6]
[3, 3, 0, 9, 9, 9, 9, 9, 3, 3]
[0, 1, 1, 1, 1, 1]
[3, 3, 0, 6, 6, 3, 6, 3, 11, 11, 3, 11, 12, 15, 19, 15, 18, 19, 13, 11, 11, 23, 21, 23, 23, 23, 23, 23, 3]
[9, 1, 5, 5, 2, 9, 8, 9, 0, 11, 9, 13, 11, 11, 16, 14, 16, 17, 9]
[6, 6, 2, 5, 2, 18, 6, 9, 7, 9, 13, 13, 10, 18, 18, 17, 18, 0, 18]
[3, 3, 0, 3, 7, 7, 4, 3]
[16, 10, 10, 10, 10, 10, 10, 10, 10, 16, 16, 16, 16, 16, 16, 0, 16]
[7, 1, 1, 1, 1, 7, 0, 7]
[4, 4, 4, 0, 19, 19, 8, 19, 10, 8, 12, 14, 12, 10, 19, 19, 19, 19, 4, 19, 23, 23, 19, 4]
[21, 3, 4, 1, 1, 8, 8, 5, 10, 8, 10, 11, 21, 21, 21, 21, 18, 21, 21, 21, 0, 21]
[2, 7, 7, 7, 7, 7, 0, 7]
[3, 3, 11, 11, 8, 8, 8, 11, 11, 11, 0, 11, 11, 11]
[3, 3, 0, 3, 7, 7, 3, 3]
[4, 4, 4, 0, 7, 5, 8, 4, 10, 8, 10, 4]
[5, 5, 5, 5, 0, 7, 5, 7, 11, 11, 5, 13, 11, 5, 20, 20, 20, 20, 20, 5, 20, 23, 25, 23, 21, 5]
[2, 0, 2, 3, 2]
[0, 1, 1, 5, 3, 7, 5, 7, 7, 7, 13, 13, 7, 7, 18, 15, 18, 7, 20, 18, 20, 23, 21, 20, 26, 20, 28, 29, 31, 31, 26, 37, 37, 37, 37, 37, 31, 1]
[0, 1, 1, 1, 1, 1, 1, 11, 11, 11, 1, 1]
[5, 3, 5, 5, 0, 5, 9, 9, 5, 9, 10, 11, 11, 5]
[3, 3, 10, 6, 6, 3, 6, 6, 6, 0, 12, 10, 10, 17, 17, 17, 10, 17, 17, 22, 22, 19, 10]
[3, 3, 4, 0, 7, 7, 4, 12, 12, 12, 12, 7, 4]
[3, 3, 24, 7, 7, 7, 3, 7, 10, 8, 16, 16, 16, 16, 16, 10, 19, 19, 16, 19, 22, 20, 16, 0, 30, 30, 30, 30, 30, 24, 30, 33, 37, 33, 37, 37, 31, 24]
[4, 3, 4, 0, 7, 7, 4, 4, 4, 11, 4, 11, 15, 15, 12, 15, 21, 21, 21, 21, 16, 4, 4, 27, 27, 27, 4, 31, 31, 31, 27, 31, 32, 4]
[3, 3, 6, 6, 6, 0, 6, 9, 15, 9, 12, 9, 15, 15, 6, 6, 18, 21, 21, 21, 6, 6, 24, 27, 27, 27, 6, 6]
[7, 7, 6, 3, 6, 7, 0, 7, 7, 7, 13, 13, 28, 15, 13, 13, 18, 16, 13, 13, 13, 21, 25, 25, 22, 28, 28, 7, 30, 28, 30, 31, 34, 30, 36, 38, 38, 34, 7]
[3, 3, 0, 3, 3, 7, 3, 7, 10, 8, 12, 13, 10, 13, 3]
[5, 5, 5, 5, 0, 5, 9, 9, 5, 13, 13, 13, 5, 13, 13, 17, 15, 5, 5, 21, 23, 23, 5, 28, 28, 28, 28, 23, 5]
[2, 6, 6, 6, 6, 0, 6, 9, 7, 6, 10, 14, 14, 11, 16, 14, 16, 17, 20, 18, 24, 24, 24, 16, 27, 27, 24, 27, 28, 27, 27, 27, 34, 32, 34, 38, 38, 34, 6]
[3, 3, 0, 5, 3, 5, 6, 9, 7, 13, 13, 13, 9, 15, 13, 15, 16, 19, 17, 3]
[10, 3, 6, 3, 6, 10, 10, 10, 10, 0, 17, 17, 17, 15, 17, 17, 10, 10]
[3, 3, 18, 3, 4, 5, 18, 18, 11, 11, 8, 13, 11, 13, 16, 13, 18, 0, 18, 19, 18, 18, 18, 26, 26, 30, 26, 29, 27, 18, 32, 30, 32, 35, 33, 30, 38, 36, 18]
[6, 5, 5, 5, 6, 0, 8, 6, 8, 13, 13, 13, 9, 8, 8, 17, 15, 17, 18, 19, 22, 20, 6]
[2, 0, 2, 5, 2, 2, 10, 9, 10, 6]
[4, 4, 4, 0, 12, 8, 8, 12, 12, 12, 12, 4, 4]
[2, 3, 0, 3, 3, 3, 6, 9, 6, 9, 9, 3]
[2, 3, 0, 5, 3, 5, 6, 3, 3, 15, 10, 15, 15, 15, 3, 3]
[3, 3, 0, 7, 7, 7, 3, 7, 10, 7, 7, 13, 7, 3]
[14, 1, 1, 5, 1, 1, 10, 10, 10, 14, 10, 13, 10, 0, 17, 17, 14, 14, 20, 18, 22, 20, 22, 25, 23, 14]
[2, 0, 2, 2, 8, 7, 8, 4, 8, 11, 8, 2]
[23, 4, 4, 6, 6, 23, 6, 6, 12, 12, 12, 6, 12, 23, 23, 23, 16, 19, 21, 19, 17, 23, 0, 23, 27, 27, 23, 30, 30, 27, 32, 35, 32, 35, 30, 23]
[0, 1, 2, 9, 9, 9, 9, 9, 3, 13, 13, 13, 9, 17, 17, 17, 13, 13, 22, 22, 22, 13, 25, 25, 22, 1]
[3, 3, 4, 0, 6, 4, 8, 6, 8, 12, 12, 9, 8, 4, 17, 17, 20, 20, 20, 4, 4]
[0, 1, 2, 1, 1, 7, 5, 9, 7, 11, 9, 1]
[3, 3, 5, 5, 0, 5, 8, 6, 5, 5, 16, 14, 14, 16, 16, 5, 18, 16, 5]
[0, 1, 1, 1, 6, 1, 1]
[2, 6, 4, 5, 2, 0, 6, 10, 10, 12, 10, 7, 12, 17, 17, 17, 13, 22, 22, 21, 22, 17, 24, 22, 6]
[2, 3, 7, 3, 6, 3, 0, 14, 14, 14, 14, 14, 14, 7, 7]
[3, 3, 0, 3, 3, 7, 3, 7, 7, 9, 3]
[15, 4, 4, 1, 4, 9, 9, 9, 4, 15, 14, 14, 14, 15, 0, 20, 19, 19, 20, 15, 24, 24, 24, 20, 15]
[2, 0, 2, 2, 6, 4, 2, 9, 2, 11, 9, 13, 14, 16, 16, 9, 9, 19, 9, 19, 19, 25, 25, 25, 21, 2]
[2, 0, 2, 3, 6, 4, 9, 9, 6, 9, 13, 13, 10, 9, 14, 15, 2]
[3, 3, 26, 5, 3, 3, 8, 6, 8, 11, 13, 11, 9, 3, 3, 15, 18, 16, 16, 22, 22, 19, 26, 25, 26, 0, 26, 29, 27, 26]
[5, 5, 5, 5, 8, 8, 8, 0, 8, 8, 8]
[5, 5, 5, 5, 0, 9, 9, 9, 5, 9, 15, 14, 14, 15, 9, 15, 19, 19, 15, 5]
[4, 4, 4, 0, 6, 4, 8, 9, 6, 9, 12, 10, 12, 12, 16, 12, 4]
[10, 3, 1, 10, 10, 8, 8, 5, 10, 0, 13, 13, 10, 10, 10, 21, 18, 21, 18, 19, 15, 10]
[8, 3, 1, 8, 6, 8, 8, 0, 8, 8, 12, 13, 8, 13, 17, 17, 14, 8]
[22, 22, 2, 6, 6, 2, 6, 10, 8, 7, 10, 13, 10, 10, 10, 15, 18, 16, 2, 22, 22, 28, 22, 25, 23, 28, 28, 0, 33, 29, 33, 33, 28, 28]
[6, 6, 6, 6, 6, 0, 6, 9, 7, 6, 12, 6, 12, 15, 12, 18, 18, 20, 20, 15, 6]
[0, 3, 1, 6, 6, 3, 6, 6, 15, 11, 15, 15, 15, 15, 1, 1]
[2, 14, 7, 5, 7, 5, 2, 14, 14, 14, 14, 13, 14, 0, 22, 22, 22, 22, 22, 22, 22, 14, 14]
[3, 3, 0, 3, 8, 8, 8, 4, 3]
[14, 3, 1, 3, 6, 3, 3, 3, 8, 9, 14, 14, 14, 0, 16, 14, 18, 21, 20, 21, 16, 14]
[2, 0, 2]
[2, 0, 5, 5, 2, 5, 11, 9, 11, 11, 6, 13, 11, 5, 14, 20, 20, 20, 20, 15, 2]
[4, 3, 4, 0, 4, 8, 8, 5, 4]
[0, 1, 2, 2, 1, 7, 5, 7, 8, 1]
[4, 1, 4, 0, 4, 7, 4, 4]
[7, 7, 7, 5, 7, 7, 0, 7, 8, 9, 7]
[2, 12, 2, 5, 3, 5, 5, 7, 10, 8, 5, 0, 15, 15, 12, 17, 20, 20, 20, 15, 15, 24, 24, 21, 12]
[2, 4, 4, 0, 4]
[6, 6, 6, 6, 6, 0, 6]
[7, 7, 7, 7, 7, 7, 0, 9, 7, 9, 9, 9, 9, 9, 17, 17, 14, 7]
[4, 4, 4, 0, 8, 8, 8, 4, 10, 8, 4]
[6, 6, 6, 6, 6, 0, 9, 9, 6, 9, 10, 11, 14, 12, 6, 17, 19, 19, 6, 21, 19, 24, 24, 21, 6]
[7, 3, 7, 7, 7, 7, 9, 9, 0, 9, 9]
[9, 9, 9, 9, 9, 9, 9, 9, 0, 9]
[4, 4, 4, 0, 4, 8, 8, 5, 10, 8, 10, 13, 11, 15, 13, 17, 15, 15, 15, 21, 19, 23, 21, 23, 24, 25, 28, 26, 4]
[2, 8, 2, 5, 2, 8, 8, 0, 8, 16, 13, 13, 16, 13, 14, 8, 16, 8]
[0, 1, 1, 3, 4, 1, 8, 1, 1, 1, 12, 10, 12, 1]
[3, 3, 0, 3, 6, 4, 8, 10, 10, 6, 10, 3, 15, 15, 3, 15, 15, 15, 20, 15, 22, 20, 24, 22, 27, 27, 20, 29, 27, 29, 3]
[3, 3, 0, 5, 6, 3, 6, 3, 10, 12, 12, 3, 17, 17, 16, 17, 12, 19, 17, 19, 22, 20, 3]
[3, 1, 8, 3, 3, 8, 8, 0, 8]
[3, 3, 13, 3, 6, 4, 6, 9, 7, 13, 13, 13, 0, 13, 13]
[2, 13, 13, 13, 7, 7, 4, 7, 10, 7, 13, 13, 0, 13, 17, 17, 14, 13]
[3, 3, 0, 3, 3, 8, 8, 5, 3, 9, 12, 10, 12, 15, 13, 3]
[2, 7, 4, 2, 7, 7, 0, 7, 10, 7, 7, 7, 14, 17, 14, 17, 12, 7]
[2, 3, 0, 5, 3, 8, 8, 5, 8, 12, 12, 15, 12, 12, 9, 5, 22, 20, 20, 17, 22, 5, 22, 22, 24, 27, 25, 29, 27, 29, 3]
[3, 3, 17, 3, 12, 12, 8, 12, 8, 8, 12, 4, 12, 13, 16, 14, 0, 17, 20, 18, 20, 21, 22, 22, 22, 22, 17]
[2, 5, 5, 5, 0, 5, 5, 9, 7, 9, 12, 9, 7, 7, 7, 15, 5]
[2, 6, 6, 6, 6, 0, 6, 9, 7, 6, 6, 11, 12, 17, 16, 17, 13, 17, 22, 22, 22, 18, 17, 17, 28, 27, 28, 17, 28, 32, 32, 29, 32, 36, 36, 32, 6]
[5, 5, 5, 5, 0, 5, 10, 10, 10, 6, 5]
[8, 1, 4, 2, 8, 8, 8, 0, 8, 12, 12, 8, 15, 15, 12, 19, 19, 19, 15, 19, 20, 8]
[0, 3, 1, 3, 4, 7, 4, 4, 16, 15, 15, 11, 15, 15, 16, 1, 16, 19, 17, 19, 22, 20, 1]
[12, 3, 1, 3, 9, 9, 9, 9, 4, 12, 12, 0, 14, 15, 12, 12]
[7, 7, 7, 3, 7, 7, 0, 7, 10, 8, 7]
[7, 3, 1, 7, 7, 7, 0, 10, 10, 7, 7, 13, 11, 7]
[2, 0, 4, 2, 8, 8, 8, 4, 4, 12, 12, 9, 2, 20, 20, 20, 20, 20, 20, 2, 23, 23, 20, 23, 24, 29, 29, 29, 25, 2]
[4, 4, 4, 12, 4, 7, 4, 12, 12, 12, 12, 0, 12, 12, 12, 12, 12, 19, 12, 12]
[3, 3, 0, 9, 7, 7, 9, 9, 3, 11, 9, 3, 3, 17, 17, 17, 3, 17, 3]
[6, 1, 2, 6, 6, 0, 6, 7, 13, 13, 13, 13, 6, 13, 14, 17, 13, 21, 21, 21, 17, 21, 22, 6]
[5, 5, 5, 5, 0, 5, 6, 7, 13, 13, 13, 13, 8, 5, 5, 17, 5, 17, 18, 22, 22, 19, 5]
[3, 3, 11, 3, 3, 5, 3, 11, 11, 11, 0, 11, 14, 11, 11, 15, 18, 16, 18, 19, 11]
[2, 3, 0, 5, 3, 5, 10, 9, 10, 6, 3]
[8, 8, 8, 5, 8, 8, 8, 0, 8]
[3, 3, 5, 5, 0, 7, 9, 9, 5, 9, 12, 10, 9, 15, 13, 5]
[2, 0, 2, 2, 2, 2, 2, 12, 10, 12, 12, 7, 16, 16, 16, 12, 2]
[3, 1, 6, 6, 6, 0, 8, 6, 8, 9, 6, 6, 14, 12, 14, 15, 6, 6, 22, 22, 22, 6, 24, 22, 26, 24, 29, 29, 26, 32, 32, 29, 6]
[6, 1, 1, 3, 4, 0, 8, 6, 8, 11, 9, 6, 6, 15, 6, 17, 18, 15, 6]
[8, 8, 8, 7, 7, 7, 8, 0, 8]
[12, 1, 5, 5, 2, 12, 12, 12, 12, 12, 12, 0, 12]
[3, 3, 6, 5, 3, 0, 9, 9, 6, 9, 9, 6]
[2, 6, 6, 6, 6, 0, 9, 9, 6, 9, 6, 6, 14, 12, 14]
[4, 4, 4, 0, 4, 7, 9, 7, 5, 4]
[2, 4, 4, 0, 6, 4, 4, 10, 10, 4, 10, 15, 15, 15, 10, 17, 15, 4]
[3, 3, 6, 3, 3, 8, 8, 0, 12, 12, 12, 8, 12, 15, 13, 15, 15, 17, 21, 21, 18, 8]
[3, 3, 6, 6, 6, 0, 6, 9, 6, 6, 12, 6, 12, 13, 16, 14, 20, 19, 20, 16, 12, 12, 24, 22, 6]
[8, 8, 8, 8, 6, 8, 8, 0, 8]
[2, 0, 2, 6, 6, 3, 6, 9, 7, 2, 12, 10, 14, 15, 12, 17, 15, 2]
[7, 7, 6, 3, 3, 7, 10, 10, 10, 0, 10]
[2, 6, 6, 6, 4, 0, 6, 10, 10, 7, 12, 10, 12, 16, 16, 13, 6, 6, 6, 29, 29, 23, 29, 23, 24, 29, 29, 29, 19, 6]
[3, 3, 9, 9, 9, 9, 9, 7, 0, 9, 13, 13, 16, 16, 16, 9, 16, 16, 16, 21, 16, 21, 24, 21, 24, 25, 9]
[3, 3, 0, 3, 3, 8, 8, 15, 8, 13, 13, 13, 9, 15, 3, 3]
[4, 4, 4, 0, 6, 4, 4]
[2, 0, 6, 6, 6, 2, 8, 6, 8, 12, 10, 9, 14, 6, 17, 17, 14, 2]
[4, 4, 4, 0, 4, 5, 4, 11, 10, 11, 7, 4]
[3, 3, 0, 3, 3]
[2, 0, 4, 5, 2, 5, 9, 9, 6, 2, 2, 13, 15, 13, 16, 2, 16, 20, 20, 17, 25, 25, 25, 25, 20, 25, 2]
[2, 3, 0, 5, 3, 5, 6, 7, 10, 7, 3, 3, 17, 15, 13, 17, 3, 17, 3]
[2, 4, 4, 0, 4, 7, 4, 4, 10, 4, 10, 11, 4]
[3, 3, 0, 3, 4, 9, 9, 9, 5, 3]
[0, 6, 4, 6, 6, 1, 6, 9, 6, 12, 12, 9, 14, 16, 14, 20, 16, 19, 17, 12, 20, 23, 21, 1]
[10, 4, 4, 1, 10, 8, 8, 10, 10, 0, 10]
[6, 6, 6, 6, 6, 0, 9, 9, 6, 9, 9, 13, 11, 6]
[12, 1, 2, 6, 6, 3, 12, 9, 12, 9, 9, 0, 15, 15, 12, 12, 16, 19, 17, 21, 19, 21, 21, 12]
[8, 8, 8, 8, 8, 8, 8, 0, 8, 11, 14, 11, 14, 9, 8]
[4, 4, 4, 0, 4, 5, 4]
[2, 0, 2, 5, 3, 5, 9, 9, 5, 5, 12, 5, 12, 12, 16, 17, 5, 2]
[6, 6, 6, 6, 6, 0, 8, 6, 11, 11, 8, 11, 14, 12, 14, 14, 19, 19, 6, 22, 22, 19, 19, 25, 23, 27, 25, 27, 30, 28, 6]
[2, 0, 8, 7, 7, 7, 8, 2, 11, 11, 12, 8, 12, 2]
[17, 1, 6, 5, 6, 2, 6, 9, 11, 9, 7, 11, 14, 12, 17, 17, 0, 19, 17, 19, 22, 20, 26, 26, 26, 22, 26, 27, 27, 31, 29, 17]
[2, 9, 9, 9, 6, 9, 9, 9, 0, 9, 9]
[2, 0, 5, 5, 2, 5, 9, 9, 5, 2]
[6, 3, 6, 6, 6, 0, 6, 9, 7, 9, 12, 13, 10, 16, 16, 13, 6]
[5, 5, 5, 5, 0, 5, 6, 6, 8, 5]
[4, 4, 4, 0, 6, 4, 13, 9, 13, 9, 10, 13, 6, 15, 13, 4]
[3, 3, 13, 3, 6, 8, 6, 4, 13, 11, 13, 13, 0, 13, 18, 18, 18, 14, 18, 21, 19, 13]
[5, 5, 5, 5, 0, 5, 6, 7, 7, 7, 7, 7, 7, 5]
[2, 0, 2, 5, 2, 2, 2, 9, 2, 9, 12, 10, 2]
[10, 10, 2, 2, 10, 10, 10, 10, 10, 0, 10, 13, 10, 13, 13, 10]
[4, 4, 4, 0, 4, 7, 5, 4, 4, 9, 10, 9, 14, 9, 14, 15, 4]
[0, 3, 1, 1, 1, 1, 8, 6, 1]
[2, 7, 7, 6, 6, 7, 0, 7, 11, 9, 8, 7, 21, 21, 21, 17, 21, 21, 20, 21, 7, 21, 21, 26, 26, 23, 26, 30, 30, 27, 7]
[4, 4, 4, 0, 6, 4, 9, 7, 10, 6, 10, 10, 14, 12, 14, 17, 15, 17, 21, 21, 17, 24, 24, 26, 24, 17, 4, 4]
[4, 4, 4, 0, 8, 8, 8, 4, 11, 11, 8, 13, 11, 11, 17, 17, 14, 4]
[28, 3, 1, 3, 6, 3, 6, 11, 11, 11, 7, 16, 16, 16, 16, 6, 16, 19, 16, 19, 19, 21, 21, 25, 21, 16, 28, 0, 31, 29, 28, 28]
[2, 17, 2, 3, 8, 8, 8, 4, 12, 9, 12, 8, 17, 17, 17, 17, 0, 19, 17, 19, 22, 20, 17]
[7, 3, 1, 7, 6, 7, 0, 7, 12, 12, 12, 8, 12, 7, 17, 17, 14, 17, 18, 19, 22, 20, 19, 23, 28, 28, 28, 24, 28, 31, 29, 7, 7]
[0, 1, 4, 2, 4, 8, 8, 9, 4, 1]
[6, 6, 6, 5, 6, 0, 11, 11, 11, 11, 6, 11, 14, 12, 14, 18, 18, 15, 6]
[3, 3, 0, 3, 3, 10, 6, 6, 10, 3, 3, 3, 15, 15, 3, 15, 18, 16, 18, 3]
[2, 3, 24, 3, 6, 4, 6, 10, 10, 7, 12, 3, 12, 13, 24, 18, 18, 24, 24, 24, 20, 23, 24, 0, 24, 24]
[2, 6, 2, 6, 6, 12, 6, 11, 11, 11, 7, 0, 17, 17, 17, 17, 12, 26, 18, 26, 20, 25, 24, 25, 20, 17, 26, 27, 28, 28, 26, 33, 31, 12]
[3, 3, 9, 3, 8, 8, 8, 3, 0, 11, 9, 13, 11, 13, 17, 17, 14, 17, 18, 18, 23, 23, 20, 32, 27, 27, 32, 27, 32, 32, 32, 23, 34, 32, 9]
[2, 5, 5, 5, 0, 5, 6, 7, 7, 5, 5, 13, 5, 15, 13, 20, 20, 17, 20, 15, 20, 24, 24, 20, 5]
[2, 3, 0, 5, 3, 11, 8, 11, 8, 8, 5, 5, 12, 15, 13, 15, 20, 20, 20, 16, 3]
[6, 6, 2, 2, 6, 0, 6, 10, 10, 7, 10, 13, 11, 6]
[3, 3, 8, 3, 4, 8, 8, 0, 8, 8]
[2, 3, 0, 3, 3, 10, 10, 10, 10, 3, 3]
[4, 4, 4, 24, 6, 4, 9, 9, 10, 6, 13, 13, 10, 10, 19, 19, 16, 16, 14, 24, 22, 24, 24, 0, 26, 24, 24]
[2, 3, 0, 7, 7, 7, 3, 3, 3, 11, 12, 3, 12, 15, 12, 15, 16, 17, 17, 3]
[6, 3, 1, 6, 6, 0, 6, 6, 10, 8, 6]
[11, 4, 4, 1, 4, 4, 11, 11, 11, 11, 0, 13, 11, 13, 16, 14, 18, 13, 18, 11]
[2, 0, 2, 5, 2, 7, 5, 7, 7, 7, 12, 7, 12, 12, 2]
[5, 5, 5, 5, 0, 5, 6, 9, 7, 9, 12, 10, 12, 15, 12, 5]
[0, 1, 2, 1, 1, 7, 9, 9, 1, 1]
[2, 7, 7, 7, 7, 7, 0, 7, 10, 11, 7, 13, 11, 13, 16, 14, 7]
[2, 0, 5, 5, 2, 5, 11, 11, 10, 11, 5, 13, 14, 11, 16, 14, 11, 17, 2]
[2, 0, 5, 5, 2, 2, 8, 6, 12, 12, 12, 8, 12, 2]
[2, 6, 2, 3, 6, 0, 6, 11, 8, 11, 7, 11, 12, 11, 16, 18, 18, 11, 20, 18, 6]
[0, 3, 5, 5, 1, 1]
[2, 0, 5, 5, 2, 5, 6, 7, 12, 12, 12, 7, 2, 2, 16, 24, 16, 22, 22, 22, 22, 17, 24, 2, 24, 27, 25, 2]
[4, 4, 4, 0, 6, 10, 6, 7, 10, 4, 10, 13, 10, 17, 17, 17, 13, 13, 13, 21, 13, 25, 25, 25, 21, 4, 4, 30, 30, 4, 4]
[3, 3, 0, 5, 3, 3, 9, 9, 6, 9, 16, 13, 16, 16, 16, 10, 3]
[3, 3, 12, 8, 8, 8, 8, 3, 12, 12, 12, 0, 14, 12, 14, 17, 15, 20, 20, 14, 20, 21, 22, 14, 26, 14, 28, 26, 28, 31, 29, 33, 31, 35, 33, 12]
[0, 1, 4, 2, 1, 1, 6, 11, 11, 11, 7, 13, 11, 13, 16, 13, 13, 19, 20, 17, 1]
[5, 1, 5, 5, 8, 8, 8, 0, 10, 8, 10, 13, 11, 8]
[0, 1, 1, 3, 6, 4, 6, 7, 10, 7, 10, 7, 6, 22, 16, 18, 16, 22, 22, 22, 22, 6, 22, 25, 23, 1]
[0, 1, 1, 1, 7, 7, 4, 7, 8, 9, 13, 11, 9, 1]
[2, 6, 6, 6, 6, 0, 6, 6, 10, 13, 10, 11, 8, 13, 17, 17, 14, 6]
[0, 1, 5, 5, 2, 5, 8, 6, 1]
[2, 0, 2, 5, 2, 5, 8, 5, 8, 8, 10, 2]
[5, 5, 5, 5, 0, 5, 10, 10, 10, 5, 10, 13, 11, 5]
[4, 4, 4, 5, 0, 5, 10, 10, 10, 5, 5]
[5, 3, 5, 5, 10, 10, 10, 10, 10, 0, 10, 10, 15, 15, 12, 15, 15, 19, 15, 19, 19, 23, 21, 19, 26, 24, 26, 30, 30, 27, 34, 31, 34, 26, 10]
[2, 0, 8, 8, 7, 7, 8, 2, 11, 11, 8, 11, 16, 16, 16, 12, 2]
[6, 6, 6, 6, 6, 0, 6]
[4, 4, 4, 0, 6, 4, 10, 9, 10, 6, 10, 13, 11, 4]
[5, 5, 5, 5, 0, 11, 11, 11, 11, 11, 5, 5]
[4, 4, 4, 7, 4, 7, 10, 10, 10, 0, 10, 13, 10, 13, 14, 15, 18, 15, 10]
[2, 0, 2, 6, 6, 3, 6, 9, 6, 9, 10, 9, 12, 15, 13, 15, 18, 16, 18, 19, 15, 25, 25, 25, 21, 2]
[3, 3, 0, 3, 6, 7, 4, 3, 11, 11, 3, 13, 11, 13, 14, 17, 15, 17, 21, 21, 18, 23, 21, 25, 23, 27, 25, 3]
[4, 4, 4, 0, 4, 7, 5, 7, 10, 8, 12, 10, 8, 8, 17, 17, 8, 17, 17, 4]
[16, 16, 2, 3, 16, 16, 6, 7, 16, 16, 16, 16, 14, 16, 14, 0, 16, 16]
[2, 0, 2, 5, 2, 2, 8, 2, 2]
[2, 0, 11, 3, 9, 8, 8, 9, 11, 11, 2, 11, 14, 12, 18, 18, 18, 14, 20, 18, 20, 2]
[4, 3, 4, 6, 6, 0, 8, 6, 6, 11, 14, 11, 11, 6, 16, 14, 6]
[4, 4, 4, 0, 4, 4]
[6, 6, 6, 6, 6, 0, 6, 6]
[8, 8, 8, 8, 8, 7, 8, 0, 10, 8, 10, 13, 19, 15, 19, 15, 18, 16, 11, 21, 19, 8]
[2, 0, 2, 5, 3, 5, 6, 9, 6, 9, 2, 2]
[4, 4, 4, 0, 4, 5, 4, 4]
[5, 5, 5, 5, 0, 5, 5]
[2, 8, 2, 5, 2, 8, 8, 0, 11, 11, 14, 14, 14, 8, 14, 17, 14, 19, 17, 19, 19, 24, 24, 21, 8]
[4, 3, 4, 20, 6, 4, 10, 10, 10, 14, 10, 14, 14, 6, 20, 20, 20, 20, 20, 0, 22, 20, 25, 25, 22, 22, 26, 26, 31, 31, 26, 31, 31, 36, 36, 33, 20, 20]
[2, 3, 0, 5, 3, 3, 3, 10, 10, 18, 10, 14, 14, 10, 10, 18, 18, 3, 3]
[3, 3, 0, 5, 7, 7, 3, 3, 3, 3, 16, 16, 16, 16, 16, 3, 18, 16, 3]
[6, 6, 6, 6, 6, 0, 6, 11, 11, 11, 6, 6]
[2, 5, 5, 5, 0, 5, 6, 5, 11, 11, 8, 11, 15, 15, 12, 15, 20, 19, 20, 16, 20, 23, 21, 5]
[7, 1, 2, 7, 7, 7, 0, 7, 7]
[2, 6, 2, 6, 6, 8, 8, 0, 13, 13, 13, 13, 8, 8]
[2, 5, 5, 5, 0, 5, 8, 6, 5]
[6, 1, 1, 6, 6, 0, 6, 11, 8, 9, 6, 13, 11, 6]
[3, 3, 0, 3, 9, 9, 9, 9, 4, 3]
[4, 4, 4, 0, 4, 5, 8, 4, 10, 8, 13, 13, 8, 4]
[7, 7, 4, 7, 7, 7, 0, 7]
[3, 3, 0, 3, 13, 5, 5, 5, 5, 11, 5, 13, 4, 3]
[2, 5, 5, 5, 0, 8, 8, 5, 8, 9, 8, 8, 15, 15, 8, 15, 18, 16, 18, 5]
[3, 3, 0, 3, 4, 3, 3, 11, 11, 11, 3, 3]
[2, 0, 2]
[2, 3, 0, 5, 6, 3, 3, 9, 3, 11, 9, 15, 15, 15, 11, 3, 18, 3, 18, 18, 22, 20, 25, 25, 22, 25, 25, 3, 30, 3, 30, 34, 34, 31, 3]
[2, 16, 2, 5, 3, 5, 8, 5, 5, 12, 12, 5, 16, 16, 16, 0, 18, 16, 20, 21, 18, 16]
[3, 3, 36, 6, 6, 3, 3, 3, 8, 12, 12, 9, 12, 15, 13, 36, 18, 20, 18, 36, 20, 23, 27, 23, 27, 27, 21, 36, 36, 36, 32, 36, 36, 35, 36, 0, 36]
[3, 3, 0, 3, 3, 3, 6, 32, 12, 9, 12, 32, 12, 16, 16, 12, 16, 16, 16, 16, 20, 21, 16, 16, 16, 28, 26, 16, 12, 12, 32, 7, 3]
[0, 1, 2, 8, 4, 4, 8, 10, 10, 3, 12, 13, 10, 1]
[17, 3, 1, 3, 4, 7, 5, 5, 12, 12, 12, 8, 17, 16, 16, 17, 0, 20, 20, 17, 23, 23, 20, 23, 24, 20, 26, 27, 28, 31, 28, 17]
[3, 3, 0, 6, 6, 7, 3, 9, 10, 7, 3, 3, 14, 19, 14, 17, 15, 19, 3, 19, 22, 20, 3]
[0, 1, 1]
[2, 5, 5, 5, 0, 5, 8, 11, 11, 11, 5, 11, 11, 16, 16, 11, 22, 19, 22, 22, 22, 26, 26, 25, 26, 16, 26, 30, 30, 27, 5]
[4, 3, 4, 0, 7, 7, 4, 9, 7, 11, 12, 9, 12, 13, 16, 14, 16, 17, 16, 4]
[2, 4, 4, 0, 4, 7, 5, 7, 11, 11, 8, 11, 14, 11, 16, 14, 4]
[3, 3, 7, 5, 6, 3, 0, 7, 7, 7, 7, 7]
[3, 3, 0, 3, 3]
[3, 3, 0, 7, 7, 7, 3, 11, 11, 11, 7, 14, 14, 15, 11, 3]
[2, 0, 7, 7, 7, 7, 2, 7, 7, 7, 12, 10, 14, 12, 2]
[2, 0, 8, 3, 8, 5, 5, 2, 8, 13, 13, 13, 9, 2, 2]
[2, 0, 2, 5, 2, 2, 8, 2, 8, 13, 12, 13, 9, 2]
[3, 3, 16, 5, 3, 8, 8, 5, 12, 12, 12, 5, 16, 16, 16, 0, 19, 19, 16, 21, 19, 23, 21, 27, 27, 27, 21, 27, 27, 16]
[2, 0, 2, 3, 6, 3, 9, 9, 6, 13, 13, 13, 9, 13, 14, 17, 15, 9, 21, 21, 18, 2]
[2, 0, 2, 2, 4, 2]
[2, 4, 4, 0, 6, 4, 4, 4, 10, 4, 12, 10, 14, 10, 4]
[2, 3, 0, 3, 6, 4, 6, 3, 8, 3]
[2, 0, 6, 6, 6, 2, 6, 9, 11, 11, 7, 2, 14, 2, 14, 2]
[2, 0, 2, 2, 2]
[2, 3, 0, 7, 6, 7, 3, 7, 11, 11, 7, 16, 14, 16, 16, 11, 16, 19, 17, 3]
[3, 3, 0, 3, 6, 4, 11, 11, 11, 11, 6, 16, 16, 16, 16, 11, 3]
[3, 3, 0, 5, 3, 3]
[2, 0, 2, 3, 2, 7, 2, 2, 2, 11, 9, 11, 12, 17, 17, 17, 11, 20, 20, 17, 20, 2]
[13, 1, 4, 1, 1, 7, 5, 13, 11, 11, 13, 13, 0, 15, 13, 13, 22, 22, 22, 22, 22, 13, 24, 22, 24, 25, 26, 29, 27, 13]
[3, 3, 9, 3, 4, 9, 9, 9, 0, 9, 12, 9, 12, 16, 16, 13, 9]
[3, 1, 14, 3, 4, 5, 5, 14, 14, 14, 14, 14, 14, 0, 14, 18, 16, 14, 18, 19, 24, 24, 24, 20, 24, 29, 29, 29, 25, 29, 30, 33, 35, 33, 31, 35, 38, 36, 14]
[3, 3, 0, 5, 3, 5, 8, 6, 11, 11, 8, 13, 11, 13, 8, 17, 8, 21, 21, 21, 17, 21, 22, 3]
[2, 15, 2, 15, 7, 7, 15, 9, 7, 11, 9, 11, 15, 15, 0, 15, 15, 15]
[2, 0, 2, 6, 6, 2, 6, 7, 8, 11, 6, 11, 14, 11, 2, 17, 23, 23, 21, 21, 23, 21, 2, 23, 27, 27, 24, 2]
[2, 6, 6, 6, 6, 0, 17, 11, 11, 11, 17, 14, 14, 11, 16, 14, 6, 17, 20, 18, 20, 28, 28, 28, 28, 28, 28, 21, 6]
[2, 13, 2, 2, 2, 8, 8, 5, 13, 13, 13, 13, 0, 16, 16, 13, 13, 13, 18, 22, 22, 19, 13]
[3, 3, 0, 3, 6, 4, 6, 9, 7, 9, 12, 9, 3]
[2, 9, 8, 8, 8, 8, 8, 2, 0, 11, 9, 13, 11, 9]
[0, 3, 1, 5, 3, 5, 8, 6, 3, 9, 13, 13, 10, 13, 20, 20, 16, 19, 17, 14, 1]
[5, 5, 5, 5, 16, 5, 9, 9, 6, 9, 13, 11, 10, 16, 16, 0, 16, 16, 20, 18, 16]
[3, 3, 26, 5, 3, 5, 9, 9, 6, 11, 9, 13, 11, 17, 17, 17, 13, 11, 11, 19, 26, 26, 26, 26, 26, 0, 26, 26, 26, 31, 29, 31, 34, 32, 26, 37, 35, 26]
[5, 5, 2, 2, 0, 5, 9, 9, 6, 5, 13, 13, 5, 5]
[2, 0, 2, 5, 3, 2]
[3, 3, 0, 5, 3, 3, 8, 6, 8, 11, 9, 3, 3, 16, 16, 3, 19, 19, 16, 3]
[5, 3, 5, 5, 14, 5, 11, 11, 11, 11, 6, 14, 14, 0, 17, 17, 14, 17, 20, 18, 17, 23, 17, 25, 23, 25, 14]
[5, 5, 5, 5, 0, 5]
[2, 0, 5, 5, 2, 2, 6, 7, 2, 2, 12, 2, 12, 12, 16, 14, 2]
[4, 4, 4, 0, 4, 4, 11, 11, 11, 11, 4, 11, 4]
[2, 3, 0, 6, 6, 3, 3, 11, 11, 11, 7, 14, 14, 11, 14, 17, 14, 17, 17]
[0, 1, 1]
[3, 3, 6, 6, 6, 0, 6, 9, 7, 11, 9, 14, 14, 11, 6]
[11, 1, 4, 2, 4, 8, 8, 4, 11, 11, 0, 11]
[3, 3, 0, 3, 4, 8, 8, 3, 8, 13, 13, 13, 8, 15, 13, 3]
[2, 0, 5, 5, 2, 7, 5, 9, 5, 9, 10, 11, 15, 15, 12, 15, 21, 19, 21, 21, 15, 2]
[2, 0, 2, 5, 6, 2, 6, 9, 11, 11, 7, 7, 7, 13, 16, 18, 18, 14, 2]
[2, 0, 4, 2, 2, 2]
[5, 5, 5, 5, 0, 5, 9, 9, 6, 11, 9, 5]
[7, 1, 2, 2, 7, 7, 0, 7, 7, 9, 13, 11, 10, 7]
[2, 0, 5, 5, 2, 8, 8, 5, 5, 11, 9, 2, 2, 18, 17, 17, 14, 2, 20, 18, 20, 23, 21, 20, 29, 29, 29, 29, 24, 2]
[0, 4, 4, 1, 4, 5, 6, 9, 6, 11, 9, 1, 15, 15, 12, 15, 16, 17, 20, 17, 27, 27, 27, 25, 27, 27, 15, 29, 27, 29, 33, 33, 30, 1]
[2, 10, 2, 5, 3, 10, 10, 10, 10, 0, 10, 10, 14, 12, 14, 17, 15, 17, 20, 17, 17, 17, 17, 23, 26, 24, 26, 26, 30, 28, 10]
[5, 5, 4, 5, 0, 5, 8, 6, 13, 13, 13, 13, 5, 16, 16, 13, 16, 20, 20, 17, 22, 20, 22, 5]
[12, 4, 4, 1, 12, 7, 12, 10, 10, 7, 12, 0, 14, 12, 14, 15, 16, 17, 18, 18, 20, 21, 24, 22, 12, 12]
[12, 7, 4, 7, 7, 7, 12, 7, 10, 12, 12, 0, 12]
[3, 3, 0, 5, 8, 8, 8, 3, 3]
[5, 1, 5, 5, 0, 7, 5, 7, 8, 7, 12, 7, 12, 13, 5, 5, 16, 16, 21, 21, 18, 23, 21, 25, 26, 23, 5]
[4, 4, 4, 0, 4, 9, 9, 9, 5, 4, 4, 14, 14, 11, 11, 18, 18, 15, 18, 29, 29, 29, 29, 29, 29, 29, 29, 29, 19, 29, 29, 4]
[9, 4, 4, 1, 9, 9, 9, 9, 0, 9, 9, 9, 16, 16, 16, 12, 16, 19, 22, 19, 22, 17, 22, 22, 22, 22, 22, 22, 22, 9]
[7, 7, 7, 7, 7, 7, 0, 10, 10, 7, 12, 10, 12, 15, 12, 15, 19, 19, 15, 15, 22, 15, 7]
[5, 5, 2, 3, 21, 8, 8, 5, 8, 5, 12, 10, 5, 15, 13, 21, 21, 21, 21, 21, 0, 21, 22, 23, 26, 24, 21]
[3, 3, 14, 6, 6, 3, 6, 12, 12, 9, 9, 7, 14, 0, 14, 17, 15, 17, 17, 19, 20, 14]
[10, 10, 10, 3, 6, 4, 10, 10, 10, 0, 10, 11, 14, 10, 17, 17, 14, 19, 17, 24, 24, 24, 24, 19, 24, 28, 28, 25, 24, 19, 33, 33, 30, 10]
[22, 3, 22, 7, 7, 7, 3, 7, 11, 11, 8, 22, 14, 16, 14, 22, 18, 22, 20, 18, 18, 0, 24, 22, 29, 29, 29, 29, 24, 22]
[4, 1, 1, 0, 7, 7, 4, 4, 11, 11, 4, 11, 11, 11, 18, 18, 18, 11, 18, 18, 4]
[2, 0, 2, 2]
[23, 23, 6, 6, 6, 23, 6, 18, 8, 14, 12, 14, 12, 18, 18, 18, 18, 6, 18, 23, 22, 23, 0, 23, 26, 27, 23, 23, 32, 32, 32, 28, 32, 32, 23]
[0, 1, 4, 1, 4, 7, 8, 5, 8, 11, 9, 11, 11, 11, 14, 17, 15, 1]
[4, 4, 4, 0, 4, 4]
[0, 1, 2, 3, 1, 1, 1, 10, 10, 11, 1, 11, 1]
[3, 3, 5, 5, 0, 5, 8, 9, 5, 9, 5]
[2, 0, 2, 7, 7, 7, 2, 2, 2, 2]
[2, 0, 2, 5, 3, 5, 8, 5, 2]
[2, 3, 0, 5, 3, 5, 6, 6, 8, 8, 3]
[3, 3, 4, 0, 7, 7, 4, 7, 4]
[3, 3, 0, 3, 14, 14, 8, 6, 14, 14, 14, 13, 14, 4, 14, 18, 18, 15, 18, 25, 22, 25, 25, 25, 18, 3]
[7, 3, 7, 7, 7, 7, 13, 13, 13, 11, 13, 13, 0, 13, 19, 19, 18, 19, 13, 19, 22, 19, 13, 13]
[7, 7, 7, 7, 7, 7, 0, 7, 11, 11, 8, 11, 14, 12, 11, 15, 16, 17, 21, 21, 18, 21, 24, 21, 7, 7]
[2, 11, 2, 10, 10, 10, 10, 10, 10, 3, 0, 11, 14, 12, 11, 17, 27, 20, 20, 23, 20, 23, 17, 17, 27, 27, 11, 27, 30, 28, 11]
[2, 4, 4, 0, 6, 4, 8, 6, 13, 13, 13, 13, 4, 4, 18, 18, 18, 4, 20, 18, 4]
[5, 5, 5, 5, 7, 5, 20, 9, 7, 11, 13, 11, 9, 13, 13, 20, 20, 17, 17, 0, 24, 23, 24, 20, 24, 20]
[4, 4, 4, 0, 7, 7, 4, 7, 8, 4, 14, 14, 14, 4, 14, 15, 18, 14, 22, 22, 22, 18, 22, 4]
[4, 4, 4, 0, 4, 5, 4, 4, 8, 11, 9, 4]
[2, 0, 2]
[6, 6, 6, 6, 6, 0, 6, 9, 6, 9, 12, 14, 14, 10]
[0, 1, 2, 3, 6, 4, 16, 10, 10, 16, 10, 11, 14, 11, 11, 6, 1]
[3, 3, 0, 3, 3]
[2, 0, 2]
[2, 0, 2, 2, 2, 2]
[4, 4, 4, 6, 6, 0, 6, 11, 10, 11, 7, 11, 18, 18, 18, 18, 18, 12, 18, 22, 22, 18, 24, 22, 26, 24, 24, 29, 27, 6]
[5, 5, 5, 5, 0, 7, 5, 9, 7, 9, 9, 9, 7, 15, 13, 5, 19, 19, 5, 19, 23, 23, 19, 23, 23, 23, 23, 19, 31, 31, 28, 5]
[2, 0, 5, 5, 2, 5, 2, 12, 12, 12, 12, 2, 12, 17, 17, 17, 13, 2]
[2, 7, 2, 6, 6, 3, 0, 12, 12, 12, 12, 7, 12, 15, 13, 7]
[3, 3, 5, 5, 0, 5, 8, 6, 5]
[4, 1, 2, 0, 6, 4, 6, 9, 7, 9, 4]
[3, 1, 7, 7, 7, 7, 0, 7]
[5, 5, 5, 5, 0, 5, 9, 9, 5, 5]
[2, 0, 2, 2, 2, 8, 8, 2, 8, 8, 13, 13, 8, 17, 17, 17, 13, 2]
[5, 5, 5, 5, 0, 9, 9, 9, 5, 14, 12, 14, 14, 9, 14, 14, 14, 17, 20, 22, 20, 18, 28, 28, 26, 28, 28, 14, 28, 5, 5, 34, 34, 5, 34, 37, 40, 39, 40, 35, 43, 43, 40, 45, 43, 48, 48, 45, 48, 49, 5]
[2, 4, 2, 7, 7, 7, 0, 7, 11, 11, 8, 11, 11, 15, 7, 17, 15, 17, 22, 22, 22, 18, 15, 29, 29, 29, 29, 29, 7, 29, 32, 30, 32, 37, 37, 37, 33, 7]
[3, 3, 0, 8, 8, 7, 8, 3, 8, 8, 15, 15, 15, 15, 8, 27, 18, 16, 18, 21, 19, 21, 22, 18, 26, 24, 15, 27, 30, 28, 30, 31, 3]
[2, 4, 4, 0, 4, 4, 4, 10, 10, 7, 10, 13, 10, 4]
[2, 0, 2, 2, 6, 4, 6, 6, 8, 12, 12, 9, 20, 16, 16, 20, 18, 19, 16, 2, 22, 20, 2]
[0, 3, 1, 1, 1, 5, 5, 9, 7, 5, 10, 5, 15, 15, 12, 1, 1, 1, 18, 26, 26, 26, 26, 26, 26, 18, 26, 32, 32, 31, 32, 27, 34, 32, 34, 34, 45, 45, 38, 38, 38, 38, 45, 45, 36, 45, 46, 47, 51, 51, 47, 1]
[2, 0, 4, 6, 6, 2, 6, 11, 11, 11, 7, 2, 2, 23, 23, 23, 23, 23, 23, 23, 23, 23, 2, 23, 27, 27, 29, 29, 24, 29, 29, 2]
[3, 3, 0, 5, 3, 7, 5, 7, 10, 11, 8, 7, 16, 15, 16, 12, 16, 16, 18, 21, 19, 16, 16, 25, 23, 25, 28, 25, 25, 31, 29, 16, 34, 16, 34, 37, 34, 34, 34, 41, 34, 3]
[7, 1, 1, 7, 7, 7, 0, 7, 10, 7, 26, 26, 15, 15, 26, 18, 18, 15, 20, 18, 18, 23, 21, 26, 26, 10, 7]
[11, 3, 1, 5, 3, 5, 6, 11, 10, 11, 0, 13, 11, 15, 13, 11, 11, 19, 17, 19, 20, 11, 30, 26, 26, 23, 30, 30, 30, 11, 30, 31, 32, 32, 37, 37, 30, 42, 42, 42, 42, 37, 44, 42, 44, 47, 48, 45]
[5, 5, 5, 5, 0, 5]
[3, 3, 0, 3, 4, 5, 3]
[2, 0, 2, 2, 6, 4, 6, 6, 8, 15, 15, 15, 15, 15, 9, 15, 18, 21, 18, 21, 16, 21, 25, 23, 22, 2]
[2, 0, 2, 3, 4, 3, 6, 10, 10, 3, 2, 2, 16, 16, 16, 2, 19, 19, 16, 19, 2]
[5, 4, 4, 5, 15, 7, 5, 7, 8, 9, 9, 15, 15, 15, 0, 17, 15, 19, 17, 23, 23, 23, 19, 28, 28, 28, 28, 23, 28, 29, 15]
[5, 5, 2, 2, 6, 0, 6, 10, 10, 6, 10, 11, 11, 10, 17, 17, 14, 17, 20, 18, 6]
[3, 3, 6, 6, 6, 0, 8, 6, 8, 8, 8, 11, 6]
[0, 1, 1, 3, 4, 7, 9, 9, 4, 9, 12, 14, 14, 9, 9, 21, 19, 19, 21, 21, 9, 1]
[2, 0, 4, 2, 13, 13, 13, 13, 13, 11, 13, 13, 2, 13, 2, 17, 15, 17, 17, 17, 22, 17, 17, 17, 2]
[2, 3, 0, 5, 3, 3, 8, 6, 8, 9, 12, 8, 14, 12, 16, 14, 3]
[5, 5, 5, 5, 0, 5]
[2, 3, 0, 3, 8, 8, 8, 3, 8, 12, 12, 9, 12, 15, 13, 15, 15, 15, 15, 3]
[2, 0, 2, 2, 6, 4, 2, 2, 8, 9, 2]
[5, 5, 5, 5, 0, 5, 10, 10, 10, 5, 12, 10, 12, 12, 5]
[2, 3, 0, 3, 7, 7, 4, 7, 10, 7, 10, 11, 10, 15, 10, 18, 18, 15, 18, 18, 3]
[4, 4, 4, 0, 4, 7, 5, 7, 8, 4, 4, 17, 14, 17, 17, 17, 22, 22, 22, 22, 22, 4, 4]
[8, 3, 8, 3, 3, 3, 3, 0, 8, 15, 15, 15, 15, 15, 9, 8]
[3, 3, 20, 7, 7, 7, 8, 3, 20, 14, 14, 11, 14, 20, 20, 20, 20, 20, 20, 0]
[2, 4, 4, 0, 4, 4, 4, 4, 12, 12, 12, 8, 4, 4, 20, 15, 20, 19, 20, 4, 20, 4]
[2, 7, 2, 5, 3, 7, 0, 7, 14, 14, 12, 14, 14, 8, 7]
[4, 4, 4, 5, 0, 7, 5, 12, 12, 11, 12, 21, 19, 19, 19, 19, 19, 19, 12, 19, 7, 21, 22, 23, 26, 24, 31, 31, 31, 31, 26, 31, 32, 5]
[2, 9, 4, 9, 4, 4, 6, 6, 0, 11, 9, 9, 15, 15, 12, 9]
[4, 3, 4, 6, 6, 0, 6, 6, 6]
[0, 4, 4, 1, 1, 1, 8, 1, 8, 11, 9, 8, 14, 12, 14, 18, 18, 15, 1]
[4, 3, 4, 0, 4, 5, 10, 10, 10, 6, 10, 16, 16, 16, 16, 10, 4]
[0, 7, 7, 7, 7, 7, 1, 7, 7, 9, 13, 13, 10, 7, 16, 7, 16, 21, 21, 21, 17, 16, 31, 26, 26, 28, 28, 31, 31, 31, 22, 1]
[5, 3, 5, 5, 0, 5, 6, 9, 7, 9, 12, 14, 12, 10, 5]
[0, 1, 2, 5, 3, 5, 6, 7, 8, 11, 9, 11, 12, 1]
[2, 0, 5, 5, 2, 7, 5, 24, 11, 11, 24, 13, 11, 16, 16, 11, 16, 19, 17, 24, 24, 21, 24, 7, 2]
[2, 0, 8, 8, 8, 7, 8, 2, 8, 12, 12, 9, 8, 15, 8, 17, 15, 22, 22, 22, 22, 24, 24, 17, 2]
[0, 3, 1, 5, 3, 5, 8, 12, 8, 8, 12, 6, 3, 16, 16, 13, 1]
[0, 1, 6, 5, 6, 2, 8, 11, 11, 11, 6, 1]
[10, 10, 8, 8, 8, 8, 8, 2, 10, 0, 15, 15, 15, 15, 10, 15, 15, 17, 10]
[2, 0, 2, 3, 2, 5, 6, 9, 7, 2]
[4, 4, 4, 0, 4, 8, 8, 5, 4, 4, 10, 13, 11, 17, 17, 17, 13, 17, 22, 22, 22, 18, 17, 27, 27, 27, 17, 32, 31, 29, 32, 27, 32, 35, 37, 37, 33, 4]
[3, 3, 0, 3, 3, 7, 5, 7, 15, 11, 15, 15, 15, 15, 7, 7, 5, 5, 18, 19, 26, 23, 26, 26, 26, 19, 3, 3, 30, 33, 33, 33, 3, 35, 33, 35, 38, 35, 3]
[28, 1, 5, 5, 2, 28, 28, 9, 28, 9, 9, 9, 9, 9, 17, 17, 14, 28, 28, 22, 22, 28, 28, 28, 28, 28, 28, 0, 28, 29, 30, 28]
[7, 7, 7, 7, 7, 7, 0, 7, 7, 7, 13, 13, 10, 13, 17, 17, 14, 17, 20, 18, 7]
[2, 4, 2, 9, 4, 4, 6, 7, 0, 13, 13, 13, 9, 9]
[2, 0, 2, 2, 4, 4, 4, 11, 10, 11, 4, 13, 14, 15, 11, 11, 18, 16, 21, 21, 18, 21, 22, 23, 26, 24, 11, 29, 30, 31, 11, 31, 35, 35, 32, 37, 35, 37, 40, 38, 40, 43, 41, 2]
[4, 4, 4, 0, 4, 11, 11, 7, 10, 7, 5, 4, 4, 15, 17, 17, 4, 19, 17, 21, 19, 21, 21, 26, 26, 28, 26, 23, 4]
[3, 3, 0, 3, 8, 5, 5, 4, 3]
[2, 5, 5, 5, 0, 5, 10, 7, 8, 6, 5, 5, 5, 5, 16, 22, 22, 22, 22, 22, 22, 5, 5]
[2, 22, 2, 6, 6, 3, 6, 9, 7, 9, 10, 7, 15, 15, 12, 15, 18, 16, 22, 21, 22, 0, 24, 25, 22, 25, 26, 22]
[0, 1, 1, 7, 7, 7, 3, 9, 7, 9, 9, 9, 12, 17, 17, 17, 12, 1]
[3, 3, 0, 3, 6, 4, 8, 3, 8, 9, 12, 10, 15, 15, 8, 3]
[3, 3, 12, 3, 7, 5, 4, 12, 12, 12, 12, 0, 12, 12, 16, 21, 16, 19, 17, 21, 12, 21, 26, 26, 26, 21, 26, 21, 12]
[7, 3, 7, 3, 6, 4, 18, 7, 8, 11, 9, 11, 11, 18, 18, 18, 18, 0, 18, 21, 18, 23, 21, 23, 26, 24, 21, 30, 28, 27, 30, 33, 35, 33, 30, 18]
[0, 5, 5, 5, 1, 5, 8, 6, 1]
[4, 4, 4, 0, 4, 7, 8, 5, 8, 8, 14, 14, 14, 8, 4]
[3, 3, 0, 3, 4, 3]
[2, 3, 0, 6, 6, 3, 6, 9, 7, 9, 13, 13, 10, 3]
[3, 3, 0, 5, 3, 8, 8, 5, 8, 3, 14, 14, 14, 3, 14, 15, 3]
[3, 3, 0, 3, 3, 3, 3, 3, 10, 16, 10, 15, 15, 15, 11, 8, 16, 19, 17, 19, 20, 21, 22, 22, 24, 25]
[4, 4, 4, 0, 6, 4, 6, 6, 8, 6, 12, 6, 12, 13, 13, 6, 6, 19, 6, 4]
[2, 3, 0, 3, 6, 4, 6, 9, 11, 11, 7, 3]
[2, 0, 5, 5, 2, 7, 5, 7, 7, 11, 7, 11, 15, 15, 11, 15, 19, 19, 16, 19, 22, 20, 19, 25, 23, 2, 2]
[5, 5, 2, 2, 15, 8, 8, 5, 15, 11, 15, 11, 15, 15, 0, 15, 18, 16, 16, 21, 19, 16, 24, 16, 24, 27, 25, 29, 27, 29, 15]
[4, 4, 4, 0, 4, 5, 11, 7, 7, 7, 6, 4]
[24, 1, 1, 1, 1, 24, 13, 10, 10, 13, 13, 13, 24, 15, 16, 13, 24, 24, 18, 24, 24, 24, 24, 0, 24]
[2, 0, 4, 2, 4, 8, 8, 5, 8, 11, 9, 11, 14, 12, 2]
[5, 5, 5, 5, 0, 5, 6, 9, 6, 5, 5]
[0, 1, 1, 1, 1]
[2, 11, 2, 5, 3, 2, 9, 9, 6, 11, 0, 11, 11, 15, 13, 15, 18, 15, 11, 21, 29, 21, 24, 21, 27, 27, 24, 21, 11, 29, 11]
[6, 3, 6, 6, 6, 11, 6, 7, 11, 11, 0, 11]
[4, 3, 4, 0, 4, 5, 4, 10, 10, 4, 10, 11, 15, 15, 12, 15, 15, 4]
[5, 5, 5, 5, 0, 5]
[2, 0, 4, 2, 4, 8, 8, 5, 10, 2, 2, 13, 2, 15, 13, 17, 15, 17, 15, 19, 22, 20, 2, 2, 27, 27, 2, 27, 27, 29, 27, 34, 34, 31, 2]
[5, 5, 4, 5, 0, 5, 10, 10, 10, 6, 5]
[0, 7, 7, 7, 7, 7, 1, 7, 8, 9, 13, 13, 10, 13, 14, 15, 1]
[13, 1, 5, 5, 2, 5, 10, 9, 10, 5, 13, 13, 0, 16, 16, 13, 16, 19, 17, 21, 16, 25, 25, 25, 21, 13]
[3, 3, 5, 5, 0, 7, 5, 9, 7, 9, 12, 10, 5]
[6, 6, 6, 6, 6, 0, 6, 6, 8, 6]
[2, 0, 4, 2, 2, 2]
[2, 0, 2, 7, 7, 7, 2, 9, 7, 9, 10, 2]
[5, 5, 5, 5, 0, 5, 5, 5, 5, 11, 9, 5, 14, 15, 5, 17, 20, 20, 20, 15, 5, 5]
[5, 3, 5, 5, 0, 5, 8, 6, 8, 12, 12, 8, 8, 8, 17, 17, 8, 17, 20, 18, 5]
[4, 4, 4, 0, 7, 7, 4, 9, 7, 22, 22, 11, 11, 11, 11, 11, 11, 11, 11, 21, 11, 9, 22, 25, 27, 25, 23, 4]
[3, 3, 0, 3, 4, 8, 8, 4, 3, 3]
[3, 3, 4, 0, 7, 7, 4, 9, 7, 13, 13, 13, 9, 15, 13, 15, 4, 4, 21, 21, 26, 21, 24, 21, 26, 4, 26, 31, 30, 31, 26, 34, 34, 31, 34, 35, 4]
[3, 3, 0, 3, 6, 3, 6, 6, 3, 12, 12, 3, 12, 13, 14, 18, 18, 15, 3]
[5, 5, 5, 5, 0, 5, 6, 10, 10, 7, 5]
[7, 7, 7, 7, 6, 7, 0, 7, 8, 7]
[6, 3, 1, 6, 6, 0, 8, 10, 10, 6, 10, 11, 15, 15, 12, 15, 19, 19, 16, 15, 23, 23, 15, 6]
[3, 3, 0, 3, 4, 4, 9, 9, 6, 9, 12, 10, 12, 15, 12, 17, 4, 19, 22, 19, 20, 17, 22, 23, 23, 27, 23, 27, 30, 28, 3]
[5, 1, 2, 5, 0, 5, 6, 7, 8, 12, 12, 9, 5, 5, 17, 17, 5, 20, 20, 17, 20, 21, 5]
[2, 6, 6, 6, 6, 0, 6, 6, 10, 8, 13, 13, 10, 6, 6, 17, 6, 19, 17, 6]
[4, 4, 4, 0, 4]
[2, 6, 2, 5, 6, 8, 8, 0, 8, 9, 14, 11, 14, 10, 14, 15, 9, 17, 21, 21, 18, 8]
[14, 7, 6, 5, 6, 7, 14, 7, 14, 11, 14, 14, 14, 0, 16, 14, 14]
[3, 3, 21, 7, 4, 4, 3, 21, 10, 14, 10, 13, 14, 21, 14, 20, 18, 20, 20, 14, 0, 21, 24, 21, 26, 29, 26, 29, 24, 21]
[4, 4, 4, 5, 0, 5, 5, 9, 7, 9, 12, 10, 9, 9, 17, 17, 14, 17, 21, 21, 18, 5]
[2, 5, 5, 5, 0, 5, 5, 5, 5, 13, 13, 13, 5, 13, 13, 5]
[12, 3, 1, 3, 4, 5, 12, 9, 12, 12, 12, 0, 12, 12, 16, 14, 16, 16, 20, 16, 16, 24, 24, 16, 12, 12]
[5, 5, 5, 5, 0, 5, 9, 9, 6, 5, 10, 5, 5, 16, 16, 17, 5, 17]
[2, 0, 2, 7, 7, 7, 3, 7, 8, 8, 12, 10, 2]
[2, 0, 5, 5, 2, 5, 8, 6, 8, 8, 8, 13, 8, 13, 13, 15, 2]
[4, 1, 4, 0, 4, 10, 6, 9, 10, 5, 10, 17, 14, 17, 17, 17, 10, 4]
[2, 7, 2, 7, 7, 7, 0, 11, 10, 11, 7, 11, 14, 12, 11, 18, 18, 15, 7, 7, 25, 25, 25, 25, 7, 29, 29, 29, 25, 7]
[16, 16, 4, 16, 4, 7, 5, 7, 8, 9, 9, 9, 14, 9, 16, 0, 16, 16, 23, 23, 23, 23, 18, 16, 27, 27, 24, 27, 30, 27, 16]
[2, 0, 2, 6, 6, 2, 2, 9, 2, 11, 9, 2]
[4, 4, 4, 17, 6, 4, 8, 6, 13, 13, 13, 13, 8, 13, 17, 17, 0, 20, 20, 17, 20, 20, 25, 25, 22, 17]
[15, 3, 1, 1, 6, 1, 6, 9, 7, 1, 15, 15, 15, 15, 0, 15]
[2, 0, 2, 5, 2, 2]
[2, 6, 2, 5, 6, 11, 6, 9, 6, 11, 0, 13, 11, 11, 11]
[4, 4, 4, 0, 4, 7, 4, 7, 8, 13, 12, 13, 9, 13, 13, 13, 18, 13, 18, 21, 19, 4]
[3, 3, 6, 6, 6, 0, 10, 10, 10, 6, 12, 10, 12, 13, 16, 14, 10, 19, 17, 19, 20, 23, 21]
[4, 4, 4, 17, 6, 4, 6, 11, 11, 11, 7, 17, 17, 17, 17, 17, 0, 17]
[2, 0, 2, 3, 4, 5, 8, 6, 2, 2, 12, 2, 14, 12, 14, 15, 2, 2, 22, 21, 22, 2, 22, 22, 27, 27, 24, 2]
[2, 3, 0, 3, 3]
[14, 3, 14, 3, 4, 5, 6, 10, 10, 7, 10, 13, 11, 25, 18, 17, 18, 14, 21, 21, 14, 25, 25, 25, 0, 28, 28, 25, 28, 33, 33, 33, 29, 25]
[3, 3, 0, 3, 8, 8, 8, 4, 3]
[2, 0, 2, 2, 2]
[2, 8, 2, 5, 3, 8, 8, 0, 8, 8, 13, 13, 10, 8]
[3, 3, 5, 5, 0, 5, 6, 9, 6, 5, 12, 10, 5]
[3, 3, 7, 7, 7, 7, 0, 9, 7, 12, 12, 9, 12, 13, 7]
[2, 6, 2, 3, 6, 0, 6, 9, 11, 11, 6, 6, 15, 15, 6, 15, 16, 19, 17, 19, 23, 23, 19, 23, 26, 23, 6]
[7, 7, 7, 7, 7, 7, 0, 7]
[4, 4, 4, 0, 4, 5, 11, 11, 11, 11, 5, 11, 14, 11, 14, 19, 19, 19, 15, 19, 20, 25, 25, 25, 14, 27, 25, 27, 30, 28, 30, 27, 32, 4]
[2, 11, 2, 5, 3, 2, 2, 9, 7, 11, 0, 11]
[4, 4, 4, 0, 7, 5, 4, 4]
[8, 8, 8, 8, 8, 8, 8, 0, 8, 13, 13, 13, 8, 13, 14, 15, 19, 19, 16, 19, 20, 21, 22, 25, 23, 25, 28, 26, 8]
[5, 5, 5, 5, 10, 10, 10, 10, 10, 0, 12, 10, 12, 15, 13, 17, 15, 19, 17, 10]
[5, 1, 4, 1, 0, 5, 6]
[3, 3, 0, 3, 6, 4, 3]
[9, 9, 9, 9, 9, 9, 9, 9, 0, 9]
[2, 0, 2, 5, 3, 2, 2, 2, 10, 2, 10, 13, 10, 16, 16, 13, 2]
[2, 6, 2, 6, 6, 0, 6, 9, 12, 12, 12, 6, 14, 12, 14, 6, 6, 19, 20, 6, 22, 20, 6]
[4, 4, 4, 0, 4, 4, 9, 9, 6, 9, 13, 13, 10, 4]
[3, 3, 9, 3, 9, 9, 9, 9, 0, 9, 9, 13, 17, 17, 17, 17, 9, 17, 21, 21, 17, 17, 26, 26, 26, 17, 26, 30, 30, 26, 30, 9]
[2, 7, 2, 5, 7, 7, 0, 7]
[7, 7, 7, 7, 7, 7, 12, 12, 12, 12, 12, 0, 12, 16, 16, 13, 16, 12, 20, 18, 12]
[2, 4, 4, 0, 6, 4, 6, 9, 7, 9, 12, 9, 4, 4, 16, 4, 16, 19, 16, 19, 20, 24, 24, 21, 4]
[3, 3, 0, 3, 6, 4, 6, 9, 6, 3]
[3, 3, 0, 5, 3, 8, 8, 5, 8, 9, 8, 14, 14, 8, 14, 17, 15, 17, 18, 3]
[2, 3, 0, 3, 3, 5, 8, 10, 10, 6, 12, 10, 10, 16, 16, 13, 18, 16, 20, 22, 22, 18, 22, 23, 3]
[2, 6, 6, 6, 6, 0, 6, 7, 8, 8, 6, 13, 16, 16, 16, 6, 16, 19, 22, 22, 22, 16, 6]
[7, 7, 4, 7, 4, 5, 0, 9, 7, 9, 12, 10, 14, 12, 14, 14, 7, 17, 20, 18, 7]
[2, 0, 5, 5, 2, 5, 5, 7, 8, 2, 12, 10, 14, 12, 16, 14, 2, 2, 20, 2, 20, 20, 24, 22, 20, 27, 20, 33, 28, 28, 28, 33, 27, 33, 33, 33, 33, 2]
[2, 0, 2, 3, 2]
[4, 1, 1, 13, 13, 13, 6, 7, 13, 13, 13, 13, 0, 13, 16, 13, 16, 16, 18, 13, 22, 24, 24, 13, 26, 24, 13]
[3, 3, 0, 10, 6, 10, 10, 10, 10, 3, 14, 13, 14, 10, 10, 17, 15, 17, 20, 18, 3, 28, 25, 25, 22, 28, 28, 3, 28, 31, 29, 36, 36, 36, 36, 31, 36, 36, 3]
[3, 3, 0, 3, 3, 5, 3, 7, 12, 11, 12, 8, 12, 13, 3]
[3, 3, 0, 9, 9, 9, 8, 9, 3, 9, 10, 13, 11, 13, 16, 14, 3]
[3, 3, 13, 8, 8, 8, 8, 3, 8, 3, 12, 10, 0, 18, 18, 18, 18, 13, 21, 21, 18, 21, 21, 23, 24, 27, 23, 31, 31, 31, 27, 13]
[3, 3, 8, 8, 6, 8, 8, 0, 8, 12, 12, 9, 8]
[19, 1, 6, 6, 6, 2, 6, 9, 7, 11, 9, 11, 12, 11, 19, 17, 19, 19, 0, 19, 19, 19]
[4, 4, 4, 0, 4, 8, 8, 5, 8, 8, 12, 10, 12, 13, 14, 14, 4]
[2, 7, 2, 6, 6, 2, 0, 7, 7, 12, 12, 9, 14, 12, 16, 14, 7]
[3, 3, 4, 0, 4, 7, 5, 4, 10, 18, 10, 18, 18, 18, 18, 18, 16, 8, 4]
[3, 1, 6, 6, 6, 0, 6, 9, 6, 6, 13, 13, 14, 6, 16, 14, 14, 17, 21, 21, 18, 6]
[3, 3, 6, 3, 4, 0, 11, 11, 11, 11, 6, 13, 11, 6]
[18, 4, 4, 1, 4, 8, 8, 4, 4, 11, 4, 18, 18, 18, 18, 17, 18, 0, 18, 21, 19, 18]
[6, 3, 6, 6, 6, 0, 6, 6, 6, 16, 16, 16, 16, 13, 14, 6, 16, 19, 17, 21, 19, 6]
[0, 1, 1, 6, 6, 3, 1, 1, 8, 12, 12, 9, 12, 15, 16, 13, 1, 1, 1, 19, 22, 20, 1]
[3, 3, 0, 3, 6, 4, 6, 6, 3]
[2, 9, 2, 5, 2, 5, 9, 9, 0, 9, 10, 9]
[2, 8, 2, 8, 4, 7, 4, 11, 11, 11, 0, 11, 12, 11, 11, 11, 11, 21, 21, 21, 11, 23, 21, 26, 26, 23, 28, 31, 31, 31, 26, 11]
[4, 4, 4, 6, 6, 0, 6, 13, 13, 9, 9, 13, 6, 6, 16, 14, 6]
[5, 5, 5, 5, 0, 5]
[3, 3, 11, 3, 9, 9, 9, 9, 3, 3, 0, 13, 11, 15, 13, 18, 18, 15, 11]
[3, 3, 13, 5, 3, 8, 8, 5, 5, 13, 13, 13, 0, 13, 16, 14, 20, 20, 20, 16, 20, 23, 26, 23, 26, 21, 13]
[7, 7, 7, 7, 7, 7, 0, 7]
[14, 4, 4, 1, 6, 4, 6, 9, 7, 14, 14, 14, 14, 0, 14, 15, 16, 14]
[4, 4, 4, 0, 6, 4, 8, 6, 10, 8, 10, 14, 14, 11, 4]
[2, 10, 10, 10, 4, 8, 8, 5, 10, 0, 19, 14, 14, 19, 19, 19, 19, 19, 10, 10, 23, 23, 20, 23, 30, 30, 26, 26, 30, 24, 33, 33, 10, 33, 37, 37, 33, 10]
[3, 3, 0, 5, 3, 9, 9, 9, 10, 5, 3]
[2, 3, 0, 9, 4, 7, 9, 9, 3, 11, 9, 14, 14, 11, 3, 3, 18, 3, 20, 18, 23, 23, 20, 23, 24, 29, 29, 29, 23, 29, 29, 3]
[2, 0, 2, 2, 2, 5, 6, 5, 10, 5, 14, 14, 14, 10, 2]
[3, 3, 0, 3, 6, 4, 3]
[3, 1, 8, 3, 4, 8, 8, 0, 8, 9, 8, 8, 14, 23, 14, 18, 18, 15, 18, 21, 19, 23, 8, 23, 8]
[6, 6, 2, 6, 6, 15, 6, 9, 7, 9, 10, 15, 14, 15, 0, 15, 18, 20, 18, 15, 15]
[0, 4, 4, 1, 4, 7, 5, 7, 11, 11, 8, 1]
[2, 0, 2, 3, 4, 7, 5, 17, 11, 11, 17, 11, 14, 12, 17, 17, 7, 17, 20, 18, 2, 26, 22, 23, 26, 2, 26, 31, 28, 29, 26, 31, 32, 33, 36, 34, 2]
[2, 0, 5, 5, 2, 2, 2, 7, 10, 8, 10, 13, 11, 2, 2, 2, 21, 21, 21, 21, 16, 21, 25, 25, 22, 21, 29, 29, 26, 39, 35, 35, 35, 35, 39, 35, 36, 39, 29, 39, 40, 41, 2]
[3, 3, 0, 3, 4, 7, 5, 7, 8, 3]
[3, 3, 4, 0, 6, 4, 6, 11, 11, 11, 7, 13, 17, 13, 14, 17, 11, 17, 21, 21, 18, 23, 17, 23, 4]
[0, 3, 1, 1, 8, 7, 8, 4, 8, 12, 12, 9, 12, 16, 16, 12, 12, 19, 12, 25, 22, 25, 25, 25, 1, 25, 1]
[2, 0, 16, 5, 16, 7, 11, 11, 8, 9, 5, 16, 14, 16, 16, 2, 18, 16, 16, 19, 2]
[2, 0, 4, 2, 10, 10, 10, 10, 10, 4, 14, 14, 14, 10, 14, 15, 16, 10, 18, 18, 18, 18, 24, 26, 24, 22, 26, 27, 2]
[2, 4, 4, 0, 4, 8, 8, 5, 4, 4, 10, 14, 14, 11, 4, 4, 27, 17, 17, 19, 20, 20, 22, 23, 17, 27, 4, 27, 31, 31, 28, 4]
[6, 6, 6, 6, 6, 0, 6, 7, 8, 9, 13, 13, 9, 6, 6, 18, 18, 6, 18, 21, 19, 21, 22, 23, 24, 25, 6]
[24, 5, 5, 5, 1, 24, 8, 24, 8, 11, 9, 11, 14, 11, 14, 17, 11, 11, 24, 24, 24, 24, 24, 0, 24]
[2, 0, 4, 2, 4, 8, 8, 5, 8, 11, 9, 2, 2, 20, 20, 20, 20, 20, 20, 2, 2]
[3, 3, 0, 6, 6, 3, 8, 6, 8, 12, 12, 9, 3, 26, 14, 14, 19, 19, 16, 19, 24, 24, 24, 19, 14, 3, 28, 26, 26, 3]
[9, 9, 2, 6, 6, 3, 9, 9, 17, 9, 13, 13, 10, 17, 17, 17, 0, 19, 17, 19, 20, 24, 24, 20, 17]
[0, 1, 5, 5, 2, 5, 9, 9, 5, 1]
[2, 0, 4, 7, 4, 4, 2, 7, 10, 8, 13, 13, 7, 24, 24, 17, 15, 17, 17, 17, 17, 24, 24, 13, 26, 24, 28, 26, 30, 28, 28, 33, 31, 2]
[2, 4, 4, 0, 4, 7, 5, 4]
[3, 3, 16, 5, 3, 7, 10, 7, 10, 5, 16, 16, 12, 16, 16, 0, 16, 17, 18, 19, 18, 21, 27, 27, 27, 27, 22, 16]
[2, 3, 0, 5, 3, 5, 8, 6, 3, 3, 10, 11, 10, 18, 18, 18, 18, 10, 3]
[3, 3, 8, 8, 8, 8, 8, 0, 8, 11, 9, 8]
[2, 5, 5, 5, 0, 9, 9, 9, 5, 5]
[2, 3, 0, 3]
[3, 3, 5, 5, 0, 5, 6, 9, 7, 9, 10, 16, 16, 16, 16, 11, 16, 19, 17, 21, 16, 21, 22, 21, 5]
[2, 0, 2, 2, 2, 7, 2, 7, 10, 7, 7, 14, 14, 7, 14, 17, 15, 17, 20, 18, 2]
[25, 3, 1, 3, 6, 3, 8, 6, 8, 9, 12, 10, 17, 17, 17, 17, 12, 12, 25, 21, 25, 21, 22, 25, 0, 25, 26, 27, 28, 33, 33, 33, 29, 25]
[4, 4, 4, 0, 8, 8, 8, 4, 4]
[3, 3, 13, 3, 3, 5, 13, 13, 13, 13, 13, 13, 0, 13, 14, 13]
[15, 3, 1, 5, 3, 5, 5, 5, 5, 5, 12, 10, 15, 15, 0, 15, 16, 17, 15, 22, 22, 19, 15]
[2, 4, 4, 0, 4, 4, 6, 4, 4, 11, 14, 11, 12, 4, 16, 22, 16, 19, 16, 16, 20, 14, 22, 28, 28, 28, 28, 23, 4]
[3, 3, 5, 5, 0, 5, 8, 6, 5, 5, 15, 15, 15, 15, 10, 15, 16, 5]
[3, 3, 6, 6, 6, 0, 9, 9, 6, 6, 6, 6, 15, 15, 6, 6, 6, 22, 21, 21, 22, 6, 6]
[4, 4, 4, 0, 6, 19, 19, 9, 7, 19, 19, 11, 11, 11, 11, 11, 11, 19, 4, 19, 19, 19, 24, 22, 4]
[2, 5, 5, 5, 0, 9, 9, 9, 5, 5]
[6, 6, 6, 6, 6, 0, 8, 6, 10, 8, 8, 11, 6]
[3, 3, 4, 0, 4, 5, 5, 4]
[2, 3, 0, 5, 3, 9, 8, 9, 3, 12, 12, 9, 3, 15, 3, 15, 15, 19, 17, 3]
[2, 0, 2, 7, 7, 7, 3, 2]
[2, 7, 7, 7, 7, 7, 0, 7, 7, 14, 14, 14, 14, 7, 14, 17, 15, 21, 20, 21, 17, 21, 25, 25, 21, 25, 7]
[5, 5, 5, 5, 0, 5, 9, 9, 6, 15, 15, 15, 14, 15, 9, 5]
[6, 6, 6, 6, 6, 14, 6, 7, 7, 9, 14, 13, 14, 0, 18, 18, 18, 14, 20, 24, 20, 23, 21, 18, 14]
[2, 11, 4, 2, 11, 11, 6, 7, 11, 11, 0, 14, 14, 11, 11]
[3, 3, 0, 3, 4, 5, 5, 9, 3, 11, 9, 9, 9, 13, 3]
[5, 5, 5, 5, 0, 5, 9, 9, 5, 9, 12, 10, 18, 18, 18, 18, 18, 12, 20, 18, 20, 5]
[4, 3, 4, 0, 4]
[3, 3, 0, 3, 3, 8, 8, 14, 8, 8, 8, 8, 14, 3, 14, 17, 15, 17, 22, 22, 22, 18, 3]
[2, 3, 7, 7, 7, 7, 0, 10, 10, 7, 12, 10, 10, 15, 13, 7, 7, 19, 24, 21, 19, 24, 24, 7, 24, 28, 28, 25, 28, 32, 32, 29, 37, 37, 36, 37, 32, 37, 38, 7]
[2, 0, 2, 6, 6, 3, 2]
[2, 0, 4, 2, 8, 8, 8, 4, 10, 8, 8, 11, 14, 12, 19, 19, 18, 19, 14, 2]
[13, 5, 2, 5, 1, 13, 13, 13, 13, 13, 13, 13, 0, 13, 17, 15, 13, 17, 18, 22, 22, 19, 22, 26, 26, 22, 26, 13]
[2, 0, 5, 5, 2, 5, 8, 6, 8, 8, 2, 2, 14, 21, 14, 17, 15, 21, 21, 21, 2, 21, 24, 22, 2]
[3, 3, 8, 3, 6, 4, 8, 0, 10, 8, 8, 8]
[4, 1, 4, 10, 6, 4, 8, 6, 10, 0, 10, 13, 10, 13, 17, 17, 14, 10]
[12, 1, 2, 2, 12, 9, 8, 9, 12, 9, 12, 0, 12]
[8, 8, 2, 6, 6, 3, 8, 16, 16, 11, 14, 11, 14, 16, 16, 0, 16, 22, 20, 22, 22, 17, 16]
[3, 3, 6, 6, 6, 0, 6, 6, 10, 13, 13, 13, 6, 13, 16, 14, 20, 20, 20, 16, 6]
