[2, 8, 2, 2, 6, 4, 8, 0, 8, 13, 12, 13, 9, 16, 16, 8, 16, 21, 21, 21, 16]
[2, 0, 4, 2, 4, 4, 4, 9, 7, 9, 10]
[5, 1, 4, 5, 0, 7, 5, 13, 13, 11, 13, 13, 7, 13, 13, 17, 15]
[6, 6, 6, 6, 6, 0, 8, 6, 12, 12, 12, 8, 14, 12, 14, 14, 18, 16]
[3, 3, 9, 3, 7, 7, 4, 9, 0]
[2, 0]
[4, 4, 4, 13, 6, 4, 6, 9, 6, 13, 13, 13, 0, 15, 13, 17, 15, 17, 17, 17, 20, 21, 21]
[4, 4, 4, 14, 4, 4, 4, 9, 13, 13, 13, 13, 7, 0, 16, 14, 14, 17, 17, 21, 14]
[2, 13, 2, 5, 3, 3, 8, 6, 3, 11, 9, 13, 0, 13, 16, 14, 16, 19, 16, 21, 13, 21, 22, 23]
[5, 1, 5, 5, 0, 5, 5, 9, 7, 9, 10, 5, 12, 13, 18, 18, 18, 14, 5, 25, 25, 25, 22, 22, 5, 27, 25, 27, 28, 29, 32, 30, 32, 35, 33, 30, 30, 37]
[2, 0, 9, 9, 9, 9, 9, 9, 2, 11, 2]
[4, 4, 4, 5, 0, 9, 9, 9, 5, 15, 10, 13, 15, 15, 9, 15, 15, 21, 20, 21, 17, 23, 21]
[3, 3, 0, 8, 8, 8, 8, 3, 10, 3, 10, 3, 15, 15, 3, 15, 18, 16, 20, 18]
[8, 1, 2, 5, 3, 7, 8, 0, 11, 11, 8, 11, 12]
[0, 4, 4, 5, 1, 7, 8, 5, 12, 12, 12, 5, 1, 20, 20, 17, 15, 20, 20, 1]
[4, 3, 4, 0, 4, 7, 5, 9, 10, 7]
[4, 4, 4, 14, 4, 9, 9, 9, 5, 14, 14, 14, 14, 0, 14, 14]
[3, 3, 0, 5, 3, 5, 5, 10, 10, 7, 5, 13, 3, 13, 17, 17, 14, 21, 21, 21, 13, 21, 25, 25, 22]
[8, 8, 8, 8, 4, 5, 8, 0, 11, 11, 8, 8, 8, 15, 18, 18, 18, 8, 21, 21, 18]
[3, 3, 0, 3, 3, 9, 9, 9, 5]
[3, 3, 0, 6, 6, 3, 3, 9, 3, 9, 13, 13, 10]
[2, 6, 6, 5, 6, 0, 6, 9, 6, 9, 10, 11, 12, 15, 12, 12, 12, 20, 20, 17, 17, 21, 24, 22, 24, 24, 24, 24, 28, 29]
[4, 4, 4, 7, 7, 7, 0, 11, 11, 11, 7, 11, 12]
[0, 3, 1, 6, 6, 3]
[2, 0, 2, 5, 3, 5, 9, 9, 6]
[3, 3, 5, 5, 0, 7, 5, 9, 5, 11, 9, 14, 14, 11, 5, 17, 5, 19, 17]
[2, 8, 8, 8, 8, 8, 8, 0]
[3, 3, 0, 6, 6, 3, 6, 10, 10, 7, 10, 11, 11, 17, 17, 17, 13]
[3, 3, 0, 3, 3, 5, 9, 9, 3, 3, 12, 17, 12, 15, 12, 17, 3, 19, 17, 19, 19, 23, 21, 25, 23, 28, 28, 25, 25, 32, 32, 29, 32, 33, 34, 34]
[8, 4, 4, 1, 8, 8, 8, 0, 8, 11, 9]
[6, 6, 6, 6, 6, 9, 9, 9, 0, 9, 10, 13, 11, 15, 13]
[0, 3, 5, 5, 1, 1, 10, 10, 10, 6, 1, 13, 1, 19, 19, 19, 19, 19, 13]
[4, 4, 4, 8, 7, 7, 4, 0, 8, 11, 9, 8, 14, 16, 16, 8, 18, 16, 22, 22, 22, 18, 22, 22, 18, 18, 29, 29, 26, 29, 30]
[2, 3, 0, 5, 3, 5, 6, 7, 3, 11, 3, 13, 11, 13, 13, 13]
[3, 3, 10, 3, 3, 7, 3, 7, 8, 0, 10, 11, 21, 15, 21, 15, 15, 15, 21, 21, 12, 10, 10, 23, 26, 24, 28, 23, 30, 28]
[7, 3, 7, 3, 3, 7, 0, 7, 14, 11, 14, 14, 14, 7, 14, 18, 18, 15, 18, 19]
[2, 13, 2, 3, 6, 4, 8, 6, 10, 8, 12, 13, 0, 13, 13, 15, 16, 20, 20, 16, 13, 30, 25, 25, 22, 28, 28, 30, 30, 13, 32, 30]
[2, 0, 4, 2, 10, 10, 10, 10, 10, 4, 13, 13, 10, 15, 13, 15, 16, 19, 17, 19, 29, 29, 26, 26, 26, 22, 29, 29, 20, 29, 35, 35, 35, 35, 29, 35]
[2, 9, 2, 5, 3, 2, 6, 6, 0, 19, 13, 13, 19, 13, 16, 14, 18, 19, 9, 19, 20]
[2, 0, 5, 5, 2, 2, 8, 2, 10, 8, 10, 11, 18, 18, 17, 17, 18, 8, 18, 18, 20, 21, 21, 25, 23, 25, 26, 27]
[4, 3, 4, 7, 7, 7, 0, 7, 10, 23, 10, 11, 14, 12, 14, 14, 23, 21, 21, 21, 23, 23, 8, 25, 23, 25, 28, 25, 30, 28, 30, 31]
[2, 4, 4, 0, 4]
[3, 3, 0, 3, 4, 7, 5]
[2, 0, 2, 3]
[3, 3, 0, 3, 7, 7, 4, 7]
[0, 4, 4, 1, 4, 9, 8, 9, 5, 9, 10]
[5, 5, 5, 5, 0, 5, 8, 6]
[0, 1, 1, 1, 7, 7, 4, 9, 10, 7, 10, 11, 16, 16, 16, 11]
[6, 6, 4, 6, 6, 0, 6, 9, 12, 12, 12, 6, 12, 13]
[4, 4, 4, 0, 7, 7, 4, 4, 8, 9]
[0, 9, 9, 9, 9, 5, 8, 5, 1, 9, 12, 10, 9]
[3, 3, 0, 6, 6, 3, 8, 3, 8, 12, 12, 8, 12, 17, 17, 17, 13]
[4, 4, 4, 11, 4, 7, 4, 11, 11, 11, 0, 11, 15, 15, 12, 12]
[17, 5, 5, 5, 1, 5, 8, 9, 6, 9, 12, 10, 12, 17, 16, 17, 0]
[0, 1, 2, 5, 3, 2, 2, 10, 10, 7, 19, 14, 14, 19, 14, 15, 19, 19, 10, 19]
[3, 3, 13, 3, 7, 7, 3, 3, 10, 3, 13, 13, 0, 13, 13]
[4, 4, 4, 11, 4, 8, 8, 5, 11, 11, 0, 13, 11, 13]
[2, 0, 5, 5, 2]
[0, 1, 1, 5, 3, 1, 10, 10, 10, 6, 10, 14, 14, 11, 14, 14, 10, 17, 17, 21, 19, 27, 27, 27, 24, 25, 21, 27, 30, 27]
[3, 3, 0, 3, 6, 4, 6, 7, 8, 9, 3, 3, 14, 12, 12, 15, 20, 20, 20, 12]
[0, 1, 5, 5, 6, 2, 6, 7, 10, 8, 10, 10]
[3, 3, 0, 5, 3, 5, 6, 9, 7, 12, 12, 9, 12, 15, 12, 12, 18, 12, 20, 18, 22, 20, 22, 22, 22]
[3, 3, 0, 3, 7, 7, 4]
[3, 3, 0, 6, 6, 3, 6, 9, 6, 9, 9, 11, 9, 17, 16, 14, 9, 17, 18]
[9, 1, 5, 5, 1, 9, 9, 9, 0]
[3, 3, 0, 6, 6, 3, 6, 6, 8, 12, 12, 9, 12, 15, 13]
[0, 3, 1, 5, 3, 3, 8, 3, 8, 9, 9, 11, 12, 16, 16, 13]
[3, 3, 0, 3, 6, 4, 6, 7, 10, 8, 10, 13, 11, 15, 13, 17, 15]
[2, 0, 2, 5, 3]
[0, 3, 1, 1, 7, 7, 4, 7, 10, 7]
[3, 3, 10, 10, 10, 10, 10, 9, 10, 0, 12, 10, 12, 15, 10, 15]
[2, 7, 2, 2, 6, 4, 0, 9, 7, 9, 12, 10]
[2, 6, 5, 5, 2, 0, 8, 6, 6, 11, 9, 11, 15, 15, 11, 11, 11, 17, 17, 21, 19, 17, 25, 25, 22]
[3, 3, 8, 3, 8, 8, 8, 0, 8, 12, 12, 8, 8, 16, 16, 13, 18, 8, 18]
[2, 12, 2, 6, 6, 3, 2, 10, 10, 7, 12, 0, 17, 17, 14, 14, 12, 17, 20, 18, 20, 23, 21, 23, 24, 27, 25]
[5, 5, 5, 5, 0, 7, 5, 5, 5, 5, 12, 10, 12, 16, 14, 13, 16, 16]
[3, 3, 17, 3, 8, 8, 8, 4, 3, 12, 12, 9, 16, 15, 16, 17, 0, 21, 20, 21, 17, 24, 24, 21]
[3, 3, 6, 6, 6, 0, 6, 10, 10, 7, 6, 15, 15, 15, 11, 17, 15, 19, 20, 17, 20, 21, 24, 22, 24, 25, 26, 31, 31, 31, 27]
[11, 1, 4, 2, 11, 11, 11, 9, 11, 11, 0]
[3, 3, 0, 3, 6, 7, 3, 9, 7, 9, 10]
[2, 0, 2, 6, 6, 3, 6, 11, 8, 8, 7]
[0, 3, 1]
[2, 4, 4, 0, 4, 5, 5, 5, 10, 5, 12, 10, 12, 13, 14, 15, 14, 14, 20, 14]
[4, 4, 4, 0, 8, 8, 8, 4]
[0, 1, 6, 6, 6, 2, 8, 6, 11, 11, 8, 11, 11, 13, 11, 11, 16, 19, 17]
[2, 15, 2, 5, 3, 7, 5, 7, 8, 11, 8, 11, 11, 13, 0, 19, 18, 19, 15]
[0, 3, 1, 1, 4]
[2, 0, 2, 2, 10, 10, 10, 7, 7, 4]
[2, 0, 2]
[2, 0, 2, 3, 6, 4, 6, 10, 10, 11, 16, 11, 16, 16, 16, 7, 18, 16, 18, 24, 24, 21, 21, 19]
[7, 7, 5, 5, 7, 5, 0, 7, 10, 8, 10, 15, 15, 15, 10]
[2, 6, 6, 6, 6, 0, 6, 10, 10, 13, 13, 13, 6, 17, 17, 17, 13, 19, 23, 19, 22, 20, 17, 23, 26, 31, 26, 26, 31, 31, 24, 31, 35, 35, 31, 37, 35, 37, 40, 38, 40, 41]
[2, 4, 4, 0]
[18, 1, 18, 3, 4, 5, 6, 10, 10, 6, 12, 6, 18, 18, 18, 15, 15, 0, 18, 23, 23, 23, 19]
[4, 4, 4, 11, 6, 4, 4, 11, 11, 11, 0, 14, 14, 11, 14, 15, 16, 19, 16, 11]
[5, 1, 2, 5, 0, 8, 8, 5, 8, 13, 13, 13, 8]
[3, 3, 4, 0, 4, 4, 8, 6, 4, 4, 10, 11, 17, 13, 17, 17, 10, 17, 17, 17, 20, 21, 21, 17, 17, 25, 25]
[3, 3, 0, 3, 6, 4, 3, 10, 10, 3, 13, 13, 10, 15, 13]
[2, 4, 4, 0, 4, 4, 10, 10, 10, 6, 12, 10, 14, 12, 12, 15, 19, 19, 16, 19, 22, 20]
[3, 3, 5, 5, 0, 5, 8, 6, 8, 9, 8, 14, 14, 11, 14, 15, 16, 5, 20, 5, 20, 23, 21, 27, 27, 27, 20, 27, 28]
[3, 3, 0, 3, 6, 4, 6, 6]
[3, 3, 0]
[3, 3, 10, 3, 4, 5, 5, 10, 10, 0, 10, 15, 15, 15, 10, 17, 15, 17, 17, 22, 22, 19]
[3, 3, 10, 6, 6, 3, 6, 9, 7, 0, 17, 17, 17, 13, 16, 13, 10, 17, 18, 19, 19]
[6, 6, 2, 5, 2, 0, 6, 11, 11, 11, 7, 11, 12, 11, 17, 15, 14, 19, 17, 22, 22, 19]
[3, 3, 0, 5, 3]
[0, 1, 1]
[2, 0, 4, 2, 4, 4, 4, 9, 7, 11, 4, 13, 14, 11]
[3, 3, 8, 3, 4, 4, 4, 0, 11, 11, 13, 13, 8, 15, 13, 17, 13, 17, 18, 19]
[5, 5, 5, 5, 0, 5, 9, 9, 6, 14, 13, 13, 14, 9, 14, 18, 18, 14, 18]
[4, 4, 4, 0]
[11, 1, 5, 5, 2, 9, 9, 9, 5, 11, 0, 13, 11, 11, 14, 15, 11, 17, 18, 22, 22, 19, 24, 17, 26, 24]
[0, 3, 1]
[2, 0, 6, 6, 6, 2]
[11, 4, 4, 1, 4, 7, 5, 7, 10, 8, 0, 14, 14, 11, 14, 23, 23, 23, 23, 19, 19, 23, 26, 25, 26, 15]
[2, 5, 5, 5, 0, 7, 5, 10, 10, 7]
[4, 4, 4, 0, 4, 5, 5, 9, 5, 12, 12, 9, 12, 13, 16, 12, 12]
[5, 5, 5, 5, 0, 5, 8, 5, 12, 12, 12, 8]
[3, 3, 0, 3, 4, 5, 13, 10, 10, 13, 10, 10, 6, 13, 16, 14, 18, 13, 18, 21, 19]
[8, 3, 8, 8, 8, 7, 8, 28, 8, 11, 9, 13, 8, 16, 16, 13, 28, 20, 20, 28, 22, 20, 25, 25, 22, 22, 28, 0, 28, 32, 32, 29, 32, 33]
[5, 5, 5, 5, 0, 5, 5, 10, 10, 7, 5, 13, 5, 16, 16, 13, 16, 17, 20, 18, 20, 20]
[5, 3, 5, 5, 8, 8, 8, 0, 11, 11, 8, 11, 12, 8, 20, 18, 18, 15, 20, 8, 24, 24, 24, 20, 24]
[2, 7, 2, 5, 3, 7, 12, 7, 10, 8, 12, 0, 12, 13, 12, 18, 18, 21, 18, 19, 12, 21, 21, 25, 23]
[5, 1, 2, 5, 0, 5, 5, 5, 8, 9]
[5, 5, 5, 5, 15, 5, 8, 6, 8, 12, 12, 9, 15, 15, 0, 15, 18, 19, 16]
[19, 7, 7, 6, 6, 7, 19, 10, 10, 7, 10, 11, 12, 12, 18, 17, 18, 19, 0, 21, 19, 21, 24, 22, 21, 25]
[6, 1, 2, 6, 6, 0, 8, 6, 11, 11, 8, 16, 15, 15, 16, 11, 8, 21, 21, 21, 17, 21, 6, 6, 26, 6, 28, 26, 28]
[10, 1, 1, 3, 1, 8, 8, 1, 10, 0, 10, 10, 15, 15, 12, 15, 16, 16, 18, 23, 23, 23, 19, 10, 28, 27, 25, 10, 30, 28, 30, 31, 32, 33, 34, 37, 35]
[3, 3, 0, 3, 4, 7, 5]
[3, 3, 0, 7, 7, 7, 3]
[5, 5, 5, 5, 0, 5, 8, 9, 10, 6]
[0, 3, 1, 1, 7, 7, 1, 7, 10, 7, 1, 1, 14, 12]
[4, 4, 2, 17, 6, 4, 8, 6, 11, 11, 6, 13, 17, 13, 16, 14, 0, 17]
[2, 0, 7, 7, 4, 4, 2, 7, 10, 8, 12, 10, 10, 15, 10, 17, 15]
[2, 0, 2, 5, 2, 2, 9, 9, 6]
[5, 1, 1, 5, 0, 7, 5, 9, 7, 7, 12, 10, 5, 16, 16, 5, 19, 19, 16, 19, 20, 21]
[22, 1, 6, 5, 6, 2, 6, 9, 7, 11, 9, 11, 12, 12, 16, 14, 16, 19, 17, 21, 22, 0, 24, 22, 22, 22, 28, 38, 28, 29, 30, 33, 31, 33, 37, 37, 34, 26, 38]
[4, 3, 4, 0, 4, 7, 5, 4, 14, 12, 12, 14, 14, 8, 14, 18, 18, 15, 4, 4, 20, 21, 24, 22, 20, 25]
[2, 0, 2, 2, 8, 8, 8, 4]
[4, 4, 4, 0, 4, 4, 15, 10, 10, 15, 10, 13, 10, 15, 6, 15]
[5, 5, 5, 5, 0, 8, 8, 5, 8, 11, 8]
[6, 4, 4, 6, 6, 0, 11, 7, 7, 11, 6, 11, 6, 21, 14, 20, 20, 20, 20, 15, 6, 21, 22, 27, 26, 27, 22]
[5, 5, 5, 5, 0, 5, 8, 6, 11, 11, 19, 13, 11, 15, 11, 19, 19, 19, 5, 19, 22, 20]
[2, 0, 4, 2, 4, 5, 6, 7]
[2, 0, 2, 5, 2, 5, 9, 9, 6]
[7, 4, 4, 7, 7, 7, 0, 7, 12, 12, 12, 8, 14, 7, 14, 14, 21, 21, 21, 21, 7, 21, 25, 25, 22, 25, 26]
[0, 1, 5, 5, 2, 5, 8, 6, 1, 15, 15, 15, 15, 15, 9, 15, 16, 15, 21, 21, 15, 21, 25, 25, 22, 25, 25]
[10, 1, 4, 2, 10, 7, 10, 10, 10, 0, 10, 13, 11, 13, 14, 13, 19, 19, 13]
[4, 4, 4, 13, 4, 5, 5, 7, 8, 13, 13, 13, 0, 13]
[0, 3, 1, 14, 14, 5, 8, 6, 8, 8, 14, 14, 14, 3, 14, 18, 18, 15, 18, 19, 20, 14, 24, 22, 1]
[11, 4, 4, 1, 4, 5, 8, 11, 11, 11, 0, 13, 11, 11, 16, 11]
[2, 0, 4, 2, 4, 8, 8, 4]
[3, 3, 0, 3, 6, 7, 3]
[2, 12, 4, 2, 8, 8, 8, 4, 10, 11, 4, 0, 12, 12]
[0, 3, 1, 3, 4, 3, 6, 7, 8, 14, 14, 11, 11, 9]
[3, 1, 0, 5, 3, 3, 8, 6, 8, 11, 9, 11, 14, 12, 11, 17, 11, 19, 17, 19, 22, 20, 22]
[6, 6, 6, 3, 3, 0, 6, 11, 11, 11, 7, 13, 11, 15, 13, 13, 18, 16, 18, 22, 22, 19]
[2, 6, 6, 6, 6, 0, 6, 9, 7, 6, 12, 6, 12, 15, 13, 15, 16]
[4, 4, 4, 0, 7, 7, 4]
[2, 8, 2, 5, 3, 5, 5, 0, 11, 9, 8, 11, 12]
[3, 3, 0, 3, 3, 8, 8, 5, 3, 11, 3, 11, 11, 11, 14, 18, 18, 15]
[10, 4, 4, 1, 7, 7, 10, 10, 10, 0, 10, 13, 11, 13]
[12, 1, 5, 5, 2, 12, 12, 12, 12, 12, 12, 0, 14, 12, 16, 14, 18, 16]
[2, 3, 0, 3, 3, 9, 9, 9, 3, 9, 12, 10, 12, 12, 12, 17, 15, 17, 20, 18]
[2, 10, 2, 6, 6, 3, 6, 9, 6, 0, 10, 15, 15, 15, 11]
[0, 4, 4, 1, 4, 8, 8, 5]
[4, 4, 4, 0]
[2, 0, 4, 2, 2, 8, 6, 5]
[3, 3, 4, 0, 4, 7, 5, 7, 7, 7, 13, 11, 14, 10]
[4, 4, 4, 0, 4, 8, 8, 5]
[4, 4, 4, 0, 4, 7, 4, 9, 12, 12, 12, 7, 12, 13, 13, 13]
[2, 6, 6, 6, 6, 0, 6, 9, 7, 9, 12, 9, 12]
[7, 7, 2, 5, 7, 7, 0, 9, 12, 9, 10, 7, 18, 18, 18, 18, 18, 12, 20, 18, 20, 21, 21, 27, 27, 27, 21, 27, 28, 32, 32, 29, 32]
[3, 3, 10, 3, 8, 5, 5, 4, 10, 0, 10, 13, 11, 13, 14, 15]
[2, 0, 2, 2, 6, 2, 6, 10, 8, 7, 12, 10, 12, 15, 13, 15, 18, 16]
[3, 3, 0, 17, 4, 7, 5, 9, 7, 14, 13, 13, 14, 9, 9, 17, 3, 20, 20, 17]
[3, 3, 0]
[2, 0, 2, 15, 8, 8, 8, 15, 8, 8, 12, 10, 8, 15, 2, 15, 15]
[0, 1, 1, 3, 4, 1, 9, 9, 6, 11, 1, 13, 11, 13, 14, 17, 14]
[5, 5, 4, 5, 0, 5, 10, 10, 10, 5, 10]
[3, 3, 4, 0, 4, 9, 8, 9, 5, 9, 12, 10, 14, 12]
[2, 0, 2, 8, 8, 8, 8, 3, 10, 8, 10, 11, 10, 13, 16, 14, 16, 17, 20, 16, 22, 20, 24, 22, 22, 28, 28, 22, 31, 31, 28, 33, 31]
[13, 3, 1, 3, 4, 5, 5, 13, 13, 13, 13, 13, 0, 13, 18, 18, 18, 13, 18, 22, 22, 18]
[2, 11, 2, 6, 6, 3, 6, 2, 10, 8, 0, 11, 20, 17, 17, 17, 18, 20, 20, 11, 20, 23, 21]
[2, 4, 4, 0, 4, 4, 6, 7, 7, 7, 10]
[3, 3, 8, 3, 7, 7, 3, 0, 12, 11, 12, 8]
[3, 3, 0, 3, 6, 3, 6, 6, 8, 12, 12, 8, 16, 16, 16, 6, 18, 16, 18, 18, 16, 23, 21]
[7, 3, 7, 3, 6, 3, 0, 7, 10, 8, 10, 15, 15, 15, 11]
[5, 5, 5, 5, 0]
[4, 4, 4, 0]
[12, 1, 1, 5, 12, 5, 8, 6, 12, 12, 12, 0]
[2, 6, 2, 5, 3, 0, 6, 7, 10, 8, 10, 14, 14, 11, 10, 15, 18, 15, 20, 18]
[3, 3, 0, 3, 7, 7, 4]
[3, 3, 0, 3, 4, 5, 5]
[2, 0, 5, 5, 2, 5, 11, 11, 11, 11, 6, 11, 15, 15, 12]
[3, 3, 8, 8, 8, 5, 8, 0, 11, 11, 8, 13, 11]
[2, 0, 4, 2, 6, 4, 8, 6, 8, 11, 12, 8, 17, 17, 17, 17, 12, 19, 12, 12, 20, 30, 24, 30, 24, 25, 26, 29, 26, 20, 32, 30, 32, 32, 30, 35]
[0, 1, 6, 6, 6, 2, 6]
[5, 5, 5, 5, 0, 5, 10, 10, 10, 6, 14, 14, 14, 5, 16, 14, 14, 17, 18, 19]
[4, 4, 4, 7, 7, 7, 0]
[0, 4, 4, 1, 4, 8, 8, 4, 10, 8, 10, 10, 12, 13]
[3, 3, 0]
[3, 3, 0, 3, 8, 5, 5, 4]
[2, 0, 2, 3]
[3, 3, 0, 6, 6, 3, 6, 6, 8]
[4, 4, 4, 6, 6, 0, 10, 10, 10, 6, 6, 14, 14, 11, 14, 19, 19, 19, 14, 6, 23, 23, 29, 25, 23, 25, 26, 29, 6, 29, 30]
[3, 3, 0, 3, 4]
[4, 3, 4, 0, 4, 5, 8, 6]
[3, 3, 10, 5, 3, 7, 10, 10, 10, 0, 10, 10, 10, 13, 16, 14, 16, 19, 17]
[3, 3, 0, 8, 8, 5, 5, 3, 3, 3, 12, 10, 16, 16, 16, 12, 18, 16]
[0, 1, 2]
[4, 4, 2, 0, 7, 7, 4, 9, 7, 9, 12, 9, 12, 12, 12, 17, 15]
[2, 0, 5, 5, 2, 7, 5, 10, 10, 7, 16, 16, 16, 16, 16, 10, 16, 21, 21, 21, 17]
[2, 0, 2, 3, 7, 7, 4, 7, 10, 8, 13, 13, 7, 13, 13]
[0, 1, 2, 3, 6, 4, 10, 7, 10, 6, 10, 11, 1, 1, 17, 17, 14, 19, 17, 21, 19, 21, 22, 23, 26, 28, 28, 23]
[4, 1, 4, 0, 4, 4, 8, 6, 8, 8, 18, 14, 14, 18, 14, 17, 14, 8]
[3, 3, 0, 3, 7, 7, 4, 9, 7, 12, 12, 9, 12, 12, 12, 17, 15, 17, 20, 18]
[3, 3, 0, 5, 3, 5, 8, 6, 8, 14, 14, 14, 14, 9, 14, 15, 15, 19, 17]
[3, 3, 0, 5, 3, 7, 5, 7, 7, 11, 9]
[2, 0, 4, 2, 6, 4, 6, 7, 6]
[2, 12, 4, 2, 6, 4, 4, 10, 10, 7, 12, 0, 16, 15, 16, 12, 12, 12, 18, 18, 24, 23, 24, 20]
[5, 5, 5, 5, 0, 8, 8, 5, 14, 11, 14, 11, 14, 8, 17, 17, 14, 17, 20, 18]
[0, 3, 1, 1]
[2, 3, 0, 5, 3, 5, 6, 7, 10, 13, 13, 13, 5, 13, 14, 15, 15]
[2, 3, 0, 7, 7, 7, 3, 12, 12, 12, 12, 7, 12, 12, 17, 17, 14, 12, 20, 12, 20, 21, 20, 23, 24, 24]
[2, 0, 4, 2, 4, 5, 11, 11, 11, 11, 4, 11, 12, 13, 16, 14, 19, 19, 16, 19, 20]
[2, 0, 2, 5, 3, 2, 6, 9, 7, 2, 12, 2, 12, 15, 13, 15, 18, 16, 2, 21, 2, 23, 21, 2]
[0, 4, 4, 1, 4, 8, 8, 4, 10, 8, 12, 10, 10, 13, 13, 18, 18, 15, 18, 22, 22, 19]
[3, 3, 0, 3, 6, 4, 6, 6, 6]
[3, 3, 0, 5, 3, 5, 5, 3, 12, 9, 12, 3, 14, 12]
[4, 3, 1, 0, 7, 7, 4, 10, 10, 7]
[13, 1, 5, 5, 2, 1, 8, 6, 8, 12, 12, 9, 0, 17, 17, 17, 13, 17, 22, 21, 22, 18, 13, 13, 13, 28, 28, 25, 30, 28, 30, 31, 30, 36, 36, 33]
[4, 4, 4, 6, 6, 0, 6, 6]
[2, 5, 5, 5, 0]
[3, 3, 0, 3, 3, 3, 9, 9, 6, 11, 9, 11, 12]
[4, 4, 4, 0, 4, 5, 4, 9, 7, 9, 13, 13, 10, 15, 13, 15, 18, 15]
[23, 5, 5, 5, 1, 5, 5, 7, 11, 11, 8, 13, 23, 15, 13, 17, 15, 23, 23, 23, 22, 23, 0]
[3, 3, 11, 11, 11, 9, 9, 9, 10, 11, 0, 11, 15, 15, 18, 18, 18, 11, 20, 18, 18, 24, 24, 21, 24, 25, 26, 30, 30, 27]
[3, 3, 12, 3, 6, 4, 6, 10, 10, 7, 12, 0, 14, 12, 14, 15, 20, 20, 20, 15, 14, 21, 24, 22]
[2, 0, 2, 5, 2, 5, 6, 10, 10, 5, 10, 13, 11, 10, 16, 10]
[5, 5, 5, 5, 0, 9, 9, 9, 5, 11, 9, 11, 9, 13, 14, 14, 18, 16]
[0, 5, 5, 5, 1]
[0, 1, 1, 5, 3, 7, 1, 7, 7, 16, 16, 11, 12, 11, 16, 7, 7, 7, 21, 21, 18, 18, 22, 25, 23, 23, 28, 29, 26]
[6, 1, 2, 6, 6, 0, 6, 6, 8, 9, 16, 13, 16, 16, 16, 10]
[2, 0]
[3, 3, 0, 6, 6, 3, 3, 9, 3, 11, 9, 15, 15, 15, 9, 15, 18, 15]
[20, 1, 1, 1, 7, 7, 1, 9, 7, 9, 12, 10, 9, 15, 13, 17, 20, 20, 20, 0]
[3, 3, 0, 3, 6, 4, 3, 10, 10, 3, 10, 13, 11]
[3, 3, 0, 3, 4, 3, 14, 11, 11, 11, 14, 14, 14, 6, 14, 15, 18, 16]
[4, 4, 4, 0, 4, 8, 8, 5, 8, 14, 14, 14, 14, 8, 14, 14, 21, 21, 21, 21, 16, 21, 24, 22, 24, 25, 26]
[7, 7, 7, 7, 7, 7, 0, 7, 8, 9, 10, 13, 11, 7, 16, 7]
[2, 4, 4, 0, 4, 5, 4, 4, 10, 4, 12, 10, 14, 12]
[0, 4, 4, 1, 4, 5, 6, 10, 10, 7, 4, 15, 15, 13, 4, 15, 19, 19, 16, 19, 24, 24, 24, 20]
[3, 3, 0, 5, 3, 7, 5, 11, 11, 11, 7, 7, 12, 13, 14, 17, 14, 7, 20, 24, 20, 23, 21, 7, 26, 24, 26, 31, 31, 31, 27]
[7, 1, 1, 1, 6, 1, 0, 7, 12, 12, 12, 8, 12, 13, 14, 14, 18, 14, 12, 21, 19, 21, 24, 22]
[6, 6, 6, 6, 6, 18, 6, 6, 10, 8, 10, 11, 12, 16, 16, 13, 16, 0, 18, 18]
[2, 9, 9, 6, 6, 3, 9, 9, 0, 12, 12, 13, 9, 16, 16, 13, 18, 16, 18]
[3, 3, 15, 3, 3, 7, 5, 3, 10, 8, 10, 13, 11, 15, 0, 17, 15, 20, 20, 17, 20, 23, 21, 20, 27, 27, 20, 29, 20, 31, 29]
[2, 0, 5, 5, 2, 5, 9, 9, 6, 9, 10, 2, 14, 12]
[2, 5, 5, 5, 0, 5, 5]
[2, 0, 4, 5, 2, 5, 9, 9, 6, 9, 10, 11]
[2, 5, 5, 5, 0, 5, 6, 9, 7]
[2, 11, 2, 5, 2, 7, 11, 11, 11, 11, 0]
[0, 1, 4, 2, 6, 1, 6, 10, 10, 7, 10, 14, 14, 10]
[2, 0, 4, 2, 6, 2, 8, 6, 8, 11, 9, 9, 9, 15, 13, 15, 15]
[3, 3, 22, 5, 3, 5, 6, 6, 8, 11, 14, 14, 14, 22, 16, 14, 18, 16, 20, 22, 22, 0, 22, 22, 26, 24]
[5, 5, 5, 5, 12, 12, 8, 12, 12, 12, 12, 0, 12, 15, 13, 19, 19, 19, 12, 21, 19, 24, 24, 21, 21, 27, 21, 30, 30, 19, 30, 31, 34, 32]
[2, 4, 4, 0, 6, 4, 6, 9, 7, 4, 15, 15, 12, 12, 10, 17, 4, 17, 18, 19, 24, 24, 24, 20, 29, 28, 28, 29, 24]
[3, 3, 10, 3, 7, 7, 4, 10, 10, 0, 10, 13, 11, 16, 16, 13, 18, 16]
[3, 3, 0, 3, 6, 4, 6]
[0]
[2, 0, 2, 5, 2, 5, 8, 6, 8, 9]
[20, 20, 4, 2, 4, 7, 4, 7, 4, 13, 13, 13, 9, 13, 16, 13, 18, 20, 20, 0, 20, 20, 20, 23, 26, 24]
[5, 5, 5, 5, 0, 7, 5, 7, 10, 8, 10, 11, 5, 16, 16, 5, 22, 22, 22, 19, 19, 16, 25, 25, 22, 25, 25, 29, 27]
[0, 3, 1, 3, 6, 4, 8, 6, 14, 11, 14, 14, 14, 3, 14, 15, 16, 19, 16]
[6, 1, 2, 3, 6, 0, 6, 6]
[2, 0, 2, 3, 4, 8, 8, 5, 10, 8, 8, 13, 8]
[6, 6, 6, 6, 6, 0, 6, 9, 7, 9, 10, 11, 14, 12, 14, 17, 14]
[8, 8, 8, 5, 8, 8, 8, 0, 8, 12, 12, 9, 14, 12, 14]
[7, 7, 7, 7, 7, 7, 0, 7, 8, 7, 12, 13, 7, 13, 18, 18, 18, 14, 18, 21, 24, 21, 24, 19, 24, 25, 25, 31, 28, 31, 24, 31, 34, 32]
[5, 4, 4, 5, 15, 7, 5, 9, 7, 11, 15, 11, 14, 12, 0, 15, 18, 16, 20, 18, 20, 20, 22, 25, 22, 27, 25]
[5, 1, 2, 5, 0, 7, 5]
[2, 5, 5, 5, 0, 5, 10, 10, 10, 5, 12, 10, 10, 10, 14, 15, 25, 17, 20, 18, 25, 25, 25, 25, 16, 28, 26, 25, 5]
[2, 7, 7, 6, 6, 3, 0, 12, 10, 12, 12, 7, 7, 13, 14, 22, 18, 22, 22, 19, 19, 15, 24, 22, 26, 24, 24, 27]
[3, 3, 6, 6, 6, 0, 8, 6, 14, 12, 12, 14, 14, 8]
[7, 7, 2, 5, 3, 7, 0, 7, 10, 8, 13, 13, 10, 15, 13]
[2, 3, 0, 6, 6, 3, 9, 9, 6, 9, 13, 13, 10, 13, 16, 14]
[2, 3, 0, 3, 3, 3, 8, 6, 8, 9]
[2, 7, 7, 7, 7, 7, 0, 7, 11, 11, 8, 16, 16, 16, 16, 7, 16, 19, 17, 21, 19, 30, 22, 30, 24, 25, 30, 30, 30, 21]
[2, 4, 4, 0, 4, 7, 5, 7, 7, 7, 13, 13, 10, 15, 16, 13, 18, 16]
[2, 7, 2, 5, 2, 7, 0, 10, 10, 7, 18, 18, 18, 15, 13, 17, 18, 7, 18, 21, 19, 18, 27, 27, 27, 27, 22]
[20, 3, 1, 3, 4, 4, 10, 10, 10, 4, 20, 20, 14, 12, 14, 18, 18, 15, 20, 0, 20]
[14, 1, 1, 3, 8, 8, 8, 4, 14, 14, 14, 11, 11, 0, 16, 14, 16, 20, 20, 16, 16, 16, 16]
[2, 9, 2, 9, 9, 9, 9, 9, 0, 11, 9, 11, 15, 15, 12, 15, 18, 16]
[3, 3, 0, 3, 6, 4, 8, 6, 10, 8]
[16, 1, 2, 3, 7, 7, 4, 9, 3, 9, 9, 14, 14, 9, 16, 0, 16, 19, 17]
[4, 4, 4, 0, 4, 4, 6]
[11, 5, 5, 5, 11, 7, 5, 11, 8, 11, 0, 13, 15, 15, 11, 15]
[4, 4, 4, 9, 4, 8, 8, 5, 0, 17, 17, 13, 14, 11, 17, 17, 9, 17, 21, 21, 17, 21, 24, 22, 26, 21, 26, 31, 31, 31, 27, 31, 34, 31]
[9, 4, 4, 1, 4, 7, 5, 9, 0, 12, 12, 9]
[2, 7, 2, 3, 7, 7, 0]
[4, 4, 4, 0, 6, 4, 6, 7, 8, 8, 6, 15, 15, 15, 6, 17, 15]
[0, 1, 2, 12, 12, 9, 9, 9, 5, 12, 12, 3, 12]
[4, 3, 4, 0, 6, 4, 6, 4, 11, 11, 8, 4, 16, 16, 16, 12, 16]
[2, 0, 2, 2]
[2, 0, 2, 5, 2, 5, 5, 7, 10, 8, 10, 13, 11, 13]
[6, 3, 1, 6, 6, 0, 6, 9, 6, 13, 12, 13, 9, 13, 14, 19, 19, 19, 15, 19, 23, 23, 20, 23, 27, 27, 23]
[2, 0, 4, 7, 7, 7, 2, 2, 10, 8, 10, 11, 12, 15, 13, 15, 16]
[4, 4, 4, 0, 4, 7, 5, 7, 8, 9, 12, 9, 14, 4, 14, 15, 16, 19, 17]
[3, 3, 0, 3, 6, 3, 6, 7, 8, 9, 7, 11, 12]
[11, 1, 5, 5, 2, 5, 8, 5, 10, 11, 0, 15, 15, 15, 11, 15]
[3, 3, 4, 0, 4, 4, 6, 6, 11, 11, 8, 8, 14, 18, 14, 18, 18, 12, 18, 22, 22, 18, 22, 27, 27, 27, 23, 29, 27, 29, 32, 29, 4]
[5, 1, 2, 5, 0, 5, 11, 9, 11, 11, 6, 13, 11, 11, 18, 17, 18, 11, 18, 23, 23, 23, 19]
[4, 4, 4, 0, 4, 11, 6, 11, 10, 11, 5]
[0, 3, 6, 5, 6, 1]
[4, 4, 4, 0, 4, 7, 5]
[2, 0, 4, 2, 4, 8, 8, 5, 2, 9, 12, 10, 12, 12, 16, 2, 18, 16, 18, 18, 16, 23, 21, 25, 16]
[2, 0, 4, 2, 2, 9, 9, 9, 2]
[13, 13, 2, 5, 3, 7, 5, 5, 10, 8, 12, 13, 0, 15, 13, 15, 15, 19, 17]
[5, 5, 5, 5, 0, 12, 12, 7, 10, 8, 12, 5]
[0, 3, 1, 3, 4, 7, 5, 7, 10, 8]
[4, 4, 2, 0, 4, 9, 9, 9, 5, 4, 4, 13, 15, 15, 16, 11, 16, 20, 20, 17, 11, 23, 11, 23, 23, 27, 25]
[5, 3, 5, 5, 8, 7, 8, 0, 12, 11, 12, 8, 8, 16, 16, 13, 16, 20, 20, 16, 8, 24, 24, 8, 24, 25]
[6, 3, 6, 5, 3, 0, 6, 9, 7, 6]
[2, 7, 2, 6, 6, 3, 0, 10, 10, 7, 13, 13, 7, 13, 17, 17, 14]
[4, 4, 4, 0, 4, 4, 10, 10, 10, 4, 10, 10, 4]
[2, 3, 0, 5, 3, 7, 5, 7, 8, 7, 10, 13, 7, 13, 13, 17, 15, 17, 22, 22, 22, 18, 24, 22]
[3, 3, 0, 5, 3, 7, 5, 14, 10, 14, 14, 14, 14, 7]
[2, 0, 2, 5, 2, 5, 11, 9, 11, 11, 6, 13, 11]
[11, 4, 4, 1, 4, 7, 5, 9, 11, 11, 0, 11, 12, 12, 14, 11, 20, 20, 18, 28, 20, 25, 25, 25, 21, 28, 28, 11, 28]
[0, 1, 4, 2, 4, 1, 9, 9, 6, 11, 9, 11]
[2, 6, 6, 6, 6, 0, 6, 7, 8, 11, 8, 13, 6, 15, 19, 19, 19, 19, 13, 19, 22, 20]
[2, 3, 0]
[2, 5, 5, 5, 0, 5, 8, 5]
[4, 4, 4, 11, 4, 8, 8, 11, 11, 11, 0, 13, 11, 11, 18, 18, 18, 11, 20, 22, 22, 18, 22, 23]
[0, 1, 4, 2, 6, 4, 6, 6, 8, 6, 6, 11, 12, 18, 18, 18, 18, 11, 20, 18]
[3, 3, 0, 5, 3, 5, 8, 6]
[2, 0, 4, 2, 4, 4, 4, 4, 4, 12, 12, 9, 12, 12]
[3, 3, 5, 5, 0, 7, 8, 5, 8, 12, 12, 9, 14, 12]
[18, 18, 18, 5, 3, 5, 10, 10, 10, 6, 10, 10, 15, 15, 12, 18, 18, 0, 18, 18, 26, 26, 26, 26, 26, 20]
[12, 1, 1, 1, 7, 7, 1, 7, 8, 12, 12, 0, 12, 13, 14, 15, 15, 14, 14, 22, 22, 19, 25, 25, 12, 25, 28, 26, 28]
[4, 4, 4, 5, 0, 5, 9, 9, 6, 11, 9]
[2, 3, 0, 6, 6, 3, 6, 9, 7, 3, 13, 13, 10, 17, 17, 17, 13, 3, 20, 21, 3, 24, 24, 21]
[2, 0, 4, 2, 4, 4]
[4, 4, 4, 0]
[2, 0, 5, 5, 2, 2, 2, 7, 8, 11, 8, 13, 14, 7, 14, 15, 16, 17, 20, 17, 16, 24, 24, 21, 33, 33, 29, 29, 33, 33, 33, 33, 24]
[6, 6, 6, 6, 6, 0, 6, 7, 8, 8, 8, 14, 14, 8, 17, 17, 6, 17, 20, 18, 20, 20, 20, 25, 20]
[4, 4, 4, 7, 7, 7, 0, 7, 10, 7, 10, 7]
[4, 4, 4, 8, 8, 8, 8, 0]
[2, 5, 2, 3, 0, 7, 9, 9, 5, 9, 13, 13, 10, 9, 14, 15, 16, 22, 22, 22, 22, 17, 15, 23, 26, 24]
[3, 3, 12, 3, 4, 4, 9, 9, 6, 12, 12, 0, 14, 12]
[2, 0, 5, 5, 2]
[2, 3, 0, 3, 6, 4, 6, 9, 7, 9, 12, 9]
[3, 3, 0, 3, 6, 4, 6, 11, 11, 11, 6]
[4, 4, 4, 0]
[2, 4, 4, 0, 6, 4, 4, 9, 7, 9, 10, 10, 14, 10, 14, 14, 4, 20, 20, 27, 23, 23, 20, 23, 27, 27, 4, 29, 31, 31, 27]
[5, 1, 2, 5, 0]
[4, 4, 4, 0, 10, 10, 6, 7, 10, 4, 18, 13, 16, 16, 16, 18, 18, 10, 18, 21, 19, 21, 22, 18, 27, 27, 24]
[5, 5, 5, 5, 0, 9, 9, 9, 5, 9, 10, 14, 14, 11]
[6, 6, 2, 6, 6, 0, 6, 9, 7, 9, 14, 14, 14, 10, 9, 9, 20, 20, 20, 16, 20, 23, 21, 26, 26, 23, 28, 26]
[5, 5, 5, 5, 0, 10, 8, 10, 10, 5]
[2, 0, 2, 2, 6, 4, 6, 11, 11, 11, 7, 2, 2, 13, 14, 15, 18, 15, 18, 19]
[4, 1, 2, 0, 7, 7, 4, 9, 7, 9, 12, 10, 12, 16, 16, 13, 16, 19, 17, 19, 22, 20]
[7, 7, 7, 7, 7, 7, 0, 11, 11, 11, 7, 11, 11]
[0, 4, 4, 1, 1, 5]
[2, 3, 0, 6, 6, 3, 3, 7, 3, 3, 10, 11, 15, 15, 12, 15, 18, 16, 10, 19, 20, 20, 24, 20, 28, 28, 28, 24, 3]
[3, 3, 6, 6, 6, 0, 6, 7, 6, 9]
[2, 8, 5, 5, 2, 7, 5, 0, 12, 12, 12, 8, 18, 17, 14, 14, 18, 12, 18, 18, 20, 23, 24, 21, 21, 27, 25]
[2, 5, 2, 3, 0, 7, 5, 7, 10, 8, 14, 14, 14, 5, 16, 14, 21, 21, 21, 21, 16]
[2, 0, 4, 2, 6, 2, 8, 6, 10, 2, 13, 13, 10, 13, 13]
[6, 6, 6, 5, 6, 0, 8, 6, 10, 8, 10, 16, 16, 16, 16, 11]
[2, 0, 2, 9, 9, 9, 8, 9, 2]
[0, 1, 1, 1, 6, 4, 1, 9, 7, 13, 13, 13, 9, 13, 13]
[0, 3, 1, 1, 4, 10, 10, 7, 7, 5, 5, 5, 14, 12, 14]
[5, 5, 2, 5, 0, 5, 6, 7, 8, 8, 14, 13, 14, 7, 14, 15]
[4, 3, 1, 0, 4, 5, 9, 9, 4, 4, 12, 4, 15, 15, 12, 17, 15]
[4, 4, 4, 7, 6, 7, 20, 7, 10, 13, 13, 13, 7, 13, 16, 14, 20, 20, 20, 0, 28, 23, 25, 25, 26, 28, 28, 20]
[3, 3, 8, 3, 6, 4, 8, 0, 13, 13, 13, 13, 14, 8, 14, 15, 18, 15]
[2, 3, 0, 6, 6, 3, 3, 9, 7, 9, 15, 15, 15, 15, 10]
[3, 1, 4, 0, 6, 4, 6, 6]
[4, 4, 4, 0, 4, 4, 4, 4, 4, 12, 12, 9]
[4, 4, 4, 17, 8, 7, 8, 4, 8, 17, 17, 13, 17, 13, 13, 17, 0, 17, 18, 23, 23, 23, 17, 23, 24, 23, 31, 31, 31, 31, 23, 34, 34, 31, 36, 34, 38, 36]
[2, 3, 0, 3, 6, 7, 3, 10, 10, 7, 14, 14, 14, 10, 14, 17, 18, 15, 14, 22, 22, 14, 22, 22, 22, 27, 25, 3, 30, 3, 30, 30]
[0, 1]
[2, 0, 2, 2, 10, 7, 10, 10, 10, 4, 2, 15, 15, 15, 2, 17, 15]
[4, 4, 4, 6, 6, 0, 8, 6, 8, 11, 9, 11, 14, 12]
[8, 1, 2, 8, 8, 7, 8, 0, 12, 11, 12, 8, 14, 12]
[2, 0, 6, 6, 6, 2]
[2, 3, 0, 5, 3, 5, 6, 10, 10, 5, 3, 3, 15, 15, 3, 15, 18, 16, 15, 19, 24, 24, 24, 20]
[8, 3, 1, 5, 8, 8, 8, 0, 12, 12, 12, 8]
[2, 0, 2, 3, 6, 4, 4, 11, 11, 11, 7, 11, 14, 11, 14]
[2, 4, 2, 0, 4, 5, 8, 6, 8, 12, 12, 9, 16, 16, 16, 4, 16, 17, 18, 4, 22, 4, 24, 22, 22, 28, 28, 25, 33, 31, 33, 33, 28, 33]
[4, 3, 4, 0]
[4, 1, 2, 0, 8, 8, 8, 4, 10, 8, 12, 10]
[4, 4, 4, 0]
[2, 0, 2, 3, 4, 2, 13, 7, 8, 13, 13, 13, 2, 15, 13, 15, 18, 16, 18, 23, 23, 23, 19, 23, 23, 25, 30, 30, 30, 26, 33, 33, 30, 36, 36, 33]
[2, 3, 4, 0, 4, 10, 10, 10, 10, 5, 4, 13, 4, 16, 16, 13]
[4, 4, 4, 0, 6, 4, 8, 6, 6, 14, 14, 14, 14, 9, 6, 6, 19, 19, 16, 16, 23, 23, 20]
[6, 1, 6, 6, 6, 0, 6, 10, 10, 7, 10, 13, 11]
[11, 1, 4, 2, 4, 7, 4, 9, 11, 11, 0, 13, 11]
[3, 1, 0, 7, 7, 5, 3, 9, 7]
[2, 0, 2, 5, 2, 2, 9, 9, 6]
[4, 1, 1, 0]
[0, 1, 2, 2, 2, 5, 2, 9, 7]
[3, 3, 0, 7, 4, 7, 3, 7, 11, 11, 8, 11, 15, 15, 11]
[9, 1, 2, 6, 6, 3, 8, 9, 0, 12, 12, 9, 12, 16, 16, 12, 16, 17, 20, 18, 20, 23, 21, 16, 26, 24]
[2, 4, 4, 0, 4, 7, 5, 7]
[2, 3, 0, 3, 3, 5, 8, 6, 10, 8]
[8, 8, 8, 8, 8, 8, 8, 0, 8, 13, 13, 13, 9, 13, 13, 13, 18, 16, 23, 23, 23, 23, 18, 25, 26, 23]
[0, 3, 1, 5, 3, 1, 9, 9, 10, 6, 13, 13, 10]
[7, 1, 5, 5, 2, 7, 0, 7, 10, 8]
[3, 3, 4, 0, 4, 5, 12, 12, 8, 11, 9, 4, 12, 12, 17, 17, 14, 17]
[3, 3, 0, 3, 7, 7, 4, 7, 8, 3, 12, 10, 12, 17, 17, 17, 13, 17, 18]
[2, 0, 4, 2, 8, 7, 8, 4, 11, 11, 8, 13, 8, 13, 17, 17, 14]
[4, 4, 4, 0, 6, 4, 8, 6, 4, 12, 12, 13, 4, 16, 16, 17, 13]
[2, 0, 5, 5, 2, 5, 6, 2, 11, 11, 8, 13, 2, 2, 18, 15, 18, 2, 20, 18, 18, 24, 24, 21]
[0, 1, 1, 5, 3, 5, 1, 1, 10, 8]
[3, 3, 0, 11, 10, 10, 10, 10, 10, 11, 3, 14, 14, 11, 14, 18, 18, 15, 18]
[2, 0, 6, 6, 6, 2, 6, 7, 10, 8, 13, 13, 10, 13, 16, 14, 13, 13, 18, 21, 19, 23, 21, 26, 26, 23, 26, 27, 30, 27, 23, 31]
[4, 4, 4, 0, 6, 9, 6, 6, 4, 9, 17, 14, 14, 17, 17, 17, 4, 17, 20, 18, 23, 23, 20, 26, 26, 23, 28, 26]
[3, 3, 0]
[6, 1, 1, 6, 6, 0]
[3, 3, 0, 3, 4, 3, 8, 3, 8, 8, 8, 13, 11]
[4, 4, 4, 0, 7, 7, 4, 7, 8]
[3, 3, 0, 3, 3, 3, 3, 9, 7, 7, 12, 15, 15, 15, 10, 17, 15]
[2, 3, 9, 3, 6, 4, 9, 9, 0, 9, 18, 13, 18, 13, 16, 13, 18, 10, 18, 25, 20, 20, 25, 25, 19]
[4, 3, 4, 8, 4, 7, 8, 0, 8, 9, 9, 13, 9]
[2, 17, 2, 6, 6, 3, 2, 9, 7, 9, 9, 17, 17, 17, 17, 17, 0]
[4, 3, 4, 9, 6, 4, 9, 9, 0, 11, 9, 13, 11]
[4, 4, 4, 8, 8, 7, 8, 0, 12, 12, 12, 8, 14, 12, 17, 17, 14, 22, 22, 21, 22, 12]
[3, 3, 0, 3, 7, 7, 4, 10, 10, 11, 7, 11, 12, 13, 14, 11, 20, 20, 20, 16, 20, 21, 21]
[2, 4, 4, 0, 4, 26, 26, 7, 10, 8, 10, 11, 12, 13, 16, 14, 16, 17, 18, 19, 20, 23, 26, 26, 26, 4]
[7, 4, 4, 6, 6, 7, 14, 9, 7, 9, 9, 14, 14, 0, 14, 19, 16, 19, 15, 19, 22, 20]
[5, 5, 5, 5, 0, 5, 8, 5, 11, 11, 8, 14, 14, 11, 16, 11, 16, 16, 21, 21, 18]
[2, 8, 2, 5, 2, 8, 8, 12, 12, 12, 12, 0]
[3, 3, 15, 6, 6, 3, 6, 7, 8, 9, 10, 11, 11, 10, 0, 17, 15, 19, 17, 19, 20, 25, 25, 25, 21, 27, 25, 29, 34, 34, 34, 34, 34, 25]
[2, 3, 0, 7, 7, 7, 3, 7, 8, 9, 3, 3, 3, 17, 17, 17, 13, 17, 18, 19, 20, 21, 22, 22]
[2, 5, 4, 2, 0, 7, 5, 7, 8]
[5, 5, 5, 5, 0, 5, 8, 6, 8, 16, 16, 16, 16, 15, 16, 9]
[6, 4, 2, 1, 6, 0, 6, 6]
[2, 0, 2, 2, 4, 4, 6, 7, 12, 11, 12, 8]
[6, 6, 6, 5, 6, 0, 6, 9, 6, 11, 9, 13, 11, 13, 14, 15, 19, 19, 16]
[2, 0, 2, 2, 4, 4, 6, 10, 10, 7, 10, 15, 15, 15, 17, 17, 11, 17, 21, 21, 17, 24, 24, 21]
[2, 9, 2, 5, 3, 9, 9, 9, 0, 9, 12, 10, 15, 15, 9, 15]
[3, 3, 0, 6, 6, 3, 3, 9, 3, 9, 3]
[2, 0, 4, 2, 11, 7, 11, 11, 11, 11, 4, 14, 14, 11]
[4, 4, 4, 6, 6, 0, 6, 6, 10, 8]
[0, 1, 5, 5, 6, 1, 11, 11, 10, 11, 6, 14, 14, 15, 1, 15, 18, 20, 18, 16, 20, 25, 25, 25, 21]
[14, 3, 1, 3, 7, 7, 4, 7, 7, 13, 13, 13, 14, 0, 17, 17, 14, 17, 18, 19, 19, 23, 17, 28, 28, 28, 28, 23]
[11, 3, 7, 3, 6, 3, 1, 11, 11, 11, 0, 11, 14, 12, 16, 14]
[2, 9, 2, 5, 3, 9, 9, 9, 0, 9, 12, 10, 12, 15, 13, 15, 16]
[3, 3, 0, 3, 3, 7, 5]
[5, 5, 5, 5, 0, 7, 5, 7, 10, 8, 12, 7, 5, 16, 16, 5, 16, 19, 17]
[2, 6, 6, 6, 6, 0, 6, 9, 7]
[2, 5, 2, 2, 0, 17, 6, 7, 12, 9, 12, 8, 7, 16, 16, 13, 5, 20, 20, 17]
[2, 5, 5, 5, 8, 5, 8, 0, 8, 9, 13, 13, 10, 17, 17, 17, 13, 19, 17, 21, 19, 21, 24, 22]
[2, 3, 0, 6, 6, 3]
[2, 3, 4, 0, 4, 4, 6, 4, 8, 9, 9, 13, 11]
[3, 3, 7, 3, 3, 7, 0, 7, 12, 12, 12, 7, 12, 16, 16, 13]
[2, 3, 0, 5, 3, 5, 8, 5, 12, 12, 12, 5, 15, 15, 12, 15, 15, 20, 20, 17, 15, 15, 22, 22, 24, 27, 25, 31, 31, 31, 24, 33, 31]
[2, 3, 9, 9, 9, 9, 9, 9, 0]
[3, 3, 4, 0, 4, 5, 6, 12, 12, 12, 12, 7, 6, 16, 16, 13, 16, 17, 16, 21, 19, 21, 24, 22, 19, 25, 28, 26]
[3, 3, 0, 5, 3, 5, 6, 9, 7]
[6, 6, 4, 5, 6, 0, 9, 9, 6, 12, 12, 9, 14, 12]
[8, 1, 5, 5, 2, 8, 6, 0, 15, 15, 15, 15, 15, 15, 8]
[3, 3, 8, 5, 3, 5, 8, 0, 8, 9, 12, 10, 15, 15, 10, 15, 19, 19, 15, 19, 19]
[2, 0, 2, 5, 3, 7, 5, 9, 7, 13, 13, 13, 9, 13, 18, 18, 18, 13, 18, 21, 19, 23, 13, 23, 27, 27, 13, 31, 31, 31, 27, 31, 34, 32]
[6, 3, 1, 6, 6, 0, 6, 10, 10, 7, 12, 23, 12, 13, 14, 15, 23, 23, 18, 23, 23, 23, 10, 23, 26, 24, 28, 26, 26, 31, 29, 31, 31, 31, 34, 6]
[2, 0, 2, 3, 6, 4, 6, 7, 7]
[2, 3, 0, 3, 7, 7, 3, 7]
[2, 6, 2, 3, 6, 0, 6, 10, 10, 7, 12, 10]
[0, 4, 4, 1, 4, 5, 8, 5]
[2, 0, 2, 6, 6, 3, 6, 11, 11, 11, 6]
[0, 5, 2, 2, 1, 5, 8, 6, 10, 13, 13, 13, 8, 15, 13]
[2, 0, 2, 5, 3, 5, 8, 5]
[2, 0, 2, 3, 3, 7, 5, 7, 10, 8, 12, 10, 12, 12, 12, 24, 18, 24, 24, 24, 24, 24, 24, 15]
[0, 1, 4, 1, 10, 10, 10, 10, 10, 1, 10, 13, 11]
[4, 4, 4, 9, 6, 4, 8, 9, 0, 9, 14, 11, 14, 9, 14, 18, 18, 20, 20, 14, 20, 21, 22, 23, 24, 25]
[0, 1, 5, 5, 1]
[3, 3, 0, 3, 6, 3, 8, 6, 6, 15, 15, 15, 15, 15, 3]
[2, 0, 2, 7, 4, 4, 3, 2, 10, 8, 10, 14, 14, 11]
[2, 5, 5, 5, 0, 5, 8, 6, 8, 9, 5, 13, 5, 13, 20, 17, 19, 19, 20, 14]
[2, 0, 5, 5, 2, 5, 5, 7, 11, 11, 2, 13, 11, 11]
[8, 1, 6, 6, 6, 2, 8, 0, 8, 8, 10, 8, 14, 8]
[0, 1, 6, 5, 6, 2, 8, 6, 6, 11, 9, 11, 12, 13]
[2, 0, 6, 6, 6, 2, 6, 10, 10, 6]
[4, 1, 1, 0]
[2, 26, 5, 5, 8, 5, 6, 2, 2, 11, 2, 11, 12, 12, 12, 15, 2, 20, 20, 2, 20, 23, 21, 26, 26, 0]
[2, 5, 5, 5, 0, 5, 5, 10, 10, 7, 12, 16, 12, 12, 12, 10]
[2, 3, 0, 3, 3, 8, 8, 5, 3, 12, 12, 9]
[5, 5, 5, 5, 0, 5, 8, 5, 8, 9, 8, 11]
[3, 3, 0, 3, 4]
[3, 3, 0, 7, 7, 7, 3, 7, 7, 9]
[6, 6, 6, 6, 6, 0]
[3, 3, 7, 7, 7, 7, 0, 10, 10, 7, 14, 14, 14, 10, 14, 20, 20, 17, 18, 15]
[4, 3, 4, 8, 4, 8, 8, 0, 8, 12, 12, 8, 15, 15, 12, 15, 19, 19, 16]
[13, 3, 1, 8, 4, 4, 8, 13, 8, 11, 9, 11, 0, 15, 13, 19, 19, 19, 15, 19, 20, 24, 24, 21, 24, 28, 28, 25]
[0, 3, 1, 3, 6, 4, 3, 7, 10, 12, 12, 8, 8, 8, 17, 17, 14, 8, 8, 19, 7, 26, 26, 26, 26, 7, 1]
[3, 3, 5, 3, 0, 5, 8, 6, 8, 12, 12, 6, 12]
[7, 7, 7, 7, 7, 5, 0, 11, 11, 11, 7]
[2, 0, 2, 5, 2, 5, 8, 5, 8, 9, 2, 16, 14, 12, 16, 11, 16, 19, 16, 22, 22, 19]
[3, 3, 0, 3, 4, 7, 3, 9, 7, 9, 12, 13, 9, 13, 13, 7, 7, 21, 20, 21, 17, 17, 25, 25, 22]
[2, 9, 4, 2, 4, 4, 8, 6, 0, 13, 13, 13, 9, 13, 19, 19, 16, 16, 14, 19, 23, 23, 20]
[15, 4, 4, 5, 1, 5, 8, 6, 10, 5, 10, 10, 12, 15, 0, 15]
[2, 0, 2, 6, 6, 3, 8, 2, 12, 12, 12, 8, 12, 13]
[10, 1, 2, 3, 3, 3, 10, 10, 10, 0]
[4, 4, 4, 5, 0, 5]
[0, 5, 5, 5, 1, 5, 5]
[2, 0, 4, 2, 4, 7, 5, 9, 7, 9, 10, 11, 11, 11, 14, 17, 15, 17, 20, 18, 20, 23, 20, 20, 28, 27, 28, 24]
[0, 1, 4, 2, 4, 5, 5, 1, 11, 11, 1, 13, 11, 16, 16, 11, 16, 19, 17]
[6, 6, 2, 5, 3, 0, 6, 9, 7]
[0, 1, 6, 6, 6, 2, 6, 11, 11, 11, 7]
[3, 3, 0, 3, 3, 10, 10, 7, 7, 3, 10, 14, 14, 11, 14, 15, 3, 27, 20, 18, 27, 27, 27, 27, 26, 27, 3, 27]
[3, 3, 0, 3, 6, 4, 6, 7, 8, 8, 8, 11]
[2, 0, 2, 2, 6, 2, 8, 6, 6, 13, 13, 13, 9, 16, 16, 2, 18, 16, 18, 21, 18, 18, 26, 26, 26, 18]
[2, 0, 5, 5, 2, 7, 2, 9, 2, 9, 13, 13, 10]
[2, 4, 4, 0, 6, 4, 6, 6, 10, 8, 4, 13, 4, 15, 13, 18, 18, 15]
[0, 1, 1, 5, 1, 5, 8, 5, 10, 8, 10, 19, 14, 19, 16, 14, 16, 19, 11]
[0, 4, 4, 1, 7, 7, 4, 7, 7, 9, 10]
[2, 4, 4, 0, 6, 4, 6, 9, 16, 16, 16, 16, 14, 16, 16, 7, 4, 19, 4, 21, 19, 23, 24, 21, 24, 24]
[3, 3, 0, 3, 6, 4, 6, 10, 10, 7, 3]
[5, 3, 1, 5, 0, 8, 8, 5, 8, 9, 10, 14, 14, 11, 5, 17, 5, 17, 20, 18, 17, 21, 21, 26, 26, 23, 26, 31, 31, 31, 27, 31, 34, 32, 36, 31, 36, 37]
[5, 1, 2, 5, 0, 5, 5, 5, 10, 5, 10, 11, 10, 16, 16, 10, 16, 19, 16, 16, 20, 21]
[2, 6, 6, 6, 6, 0, 6, 7]
[5, 5, 5, 5, 0, 5, 8, 5, 5, 9, 9]
[2, 0, 5, 5, 2, 5, 8, 6, 2, 13, 13, 13, 2, 13]
[0, 3, 1, 3, 4, 4, 6, 7, 4, 9, 13, 13, 10]
[3, 3, 0, 3, 6, 3, 6, 9, 6, 9, 12, 9, 9, 15, 13, 15, 20, 20, 20, 16, 20, 20, 3, 27, 27, 27, 3, 29, 27, 29, 29, 33, 31]
[2, 3, 0, 3, 4, 5, 9, 9, 6, 5, 5]
[2, 3, 0, 3, 6, 4, 3]
[3, 3, 4, 0, 6, 4, 4, 10, 10, 11, 15, 15, 15, 15, 4, 18, 18, 15, 18, 22, 22, 19, 15, 28, 26, 28, 28, 15, 28, 32, 32, 29, 34, 32, 32, 37, 35]
[0, 4, 4, 1]
[7, 1, 5, 5, 2, 7, 0, 7, 12, 12, 12, 7]
[2, 0, 2, 5, 3, 7, 5, 9, 7, 9, 12, 10, 12, 13, 16, 9, 20, 19, 20, 16]
[19, 1, 6, 6, 6, 1, 6, 7, 8, 9, 12, 10, 12, 17, 17, 17, 13, 17, 0, 21, 19]
[2, 0, 2, 2, 6, 4, 8, 6, 8, 11, 6]
[5, 5, 5, 5, 0, 7, 5]
[2, 0, 2, 5, 2, 7, 2, 9, 13, 9, 13, 13, 7, 13, 16, 14]
[5, 5, 5, 5, 0, 5, 6, 7, 10, 8, 12, 7, 12]
[5, 3, 5, 5, 0]
[6, 3, 6, 6, 6, 8, 8, 0, 10, 11, 15, 15, 15, 15, 8, 15, 19, 19, 15, 19, 20, 21]
[2, 7, 2, 5, 7, 7, 0, 7, 12, 12, 12, 8, 12, 16, 16, 13]
[0, 1, 2, 3, 7, 7, 4, 3, 3, 11, 13, 13, 9, 13, 13, 19, 19, 19, 15]
[4, 4, 4, 0, 6, 4]
[3, 3, 0, 3]
[3, 3, 8, 3, 6, 4, 8, 0, 12, 12, 12, 8, 12, 18, 18, 18, 18, 12]
[3, 3, 5, 5, 0, 5, 5, 14, 14, 14, 14, 11, 11, 7, 14, 15, 5]
[5, 5, 5, 5, 0, 8, 8, 5]
[3, 3, 12, 7, 7, 7, 12, 12, 12, 9, 12, 0, 17, 15, 17, 17, 12]
[0, 1, 1, 1, 6, 7, 1, 11, 11, 11, 7]
[4, 4, 4, 0, 4, 4, 9, 9, 4, 9, 9, 9]
[2, 0, 5, 5, 2, 10, 10, 10, 10, 5]
[0, 1, 4, 2, 1, 1, 6, 10, 10, 6, 6, 17, 17, 17, 17, 17, 11]
[2, 4, 2, 0, 4, 10, 10, 10, 10, 5]
[2, 5, 2, 2, 0, 5, 5, 9, 7]
[2, 6, 6, 6, 6, 0, 8, 6]
[5, 1, 5, 5, 0, 5, 6]
[17, 1, 2, 3, 4, 4, 4, 4, 11, 11, 17, 11, 12, 12, 17, 17, 0, 17, 20, 18, 22, 17, 22]
[3, 3, 0, 3, 6, 4, 6, 10, 10, 6, 12, 10, 12, 15, 13, 20, 16, 19, 17, 12]
[2, 0, 2, 5, 3, 2, 8, 2, 8, 9]
[15, 1, 5, 5, 2, 5, 6, 11, 11, 11, 15, 15, 14, 15, 0]
[11, 9, 5, 5, 7, 7, 9, 9, 11, 11, 22, 11, 11, 15, 13, 22, 22, 20, 18, 22, 20, 0, 24, 22, 26, 24]
[0, 1, 4, 2, 4, 5, 4, 9, 4, 14, 14, 13, 14, 9]
[2, 8, 2, 7, 6, 7, 3, 0, 15, 11, 9, 15, 15, 15, 8, 19, 19, 19, 15, 19]
[0, 1]
[0, 1, 1, 1, 6, 4, 10, 10, 10, 1, 10, 10]
[2, 0, 2, 6, 6, 3, 6, 7, 6, 11, 9, 14, 14, 11]
[8, 1, 1, 5, 8, 5, 6, 0, 10, 8, 8, 11]
[4, 4, 4, 0, 4, 7, 5, 7, 10, 8]
[0, 6, 6, 3, 3, 17, 6, 11, 11, 11, 7, 11, 12, 6, 17, 17, 1, 17, 20, 18]
[2, 0, 2, 3, 6, 4, 8, 3, 10, 8, 8]
[2, 0, 2, 6, 6, 3, 6, 9, 7, 11, 9, 11, 14, 11, 9, 15, 16, 17, 18, 21, 19, 15, 24, 15, 24, 27, 24]
[4, 4, 4, 5, 0, 7, 5, 9, 7, 9, 9, 13, 11]
[0, 3, 1, 5, 3, 5, 6, 3, 10, 8, 10, 15, 15, 15, 11, 15, 18, 16]
[2, 8, 2, 5, 3, 8, 8, 0, 10, 8, 12, 10, 20, 16, 16, 13, 19, 19, 16, 12, 26, 24, 24, 26, 26, 20]
[0, 1, 5, 5, 2, 5, 6, 7, 7, 1, 12, 15, 12, 15, 1, 1]
[2, 0, 2, 7, 7, 7, 3, 2, 17, 17, 12, 17, 17, 17, 17, 17, 8, 17, 20, 17, 20, 24, 24, 21, 20, 25, 31, 31, 30, 31, 26]
[2, 9, 2, 5, 2, 9, 9, 9, 0, 9, 9, 16, 16, 13, 13, 11]
[5, 5, 2, 2, 0, 7, 5, 9, 7, 13, 13, 13, 9, 13, 14, 5]
[6, 6, 2, 2, 6, 0, 8, 6, 8, 11, 9]
[2, 0, 5, 5, 2, 9, 9, 9, 5, 9, 13, 13, 9, 2, 17, 17, 14, 19, 17]
[2, 0, 5, 5, 2]
[5, 5, 5, 5, 0, 7, 5, 10, 10, 11, 7, 11, 16, 15, 16, 12]
[2, 3, 0, 6, 6, 3, 3, 10, 10, 3, 10, 14, 14, 11, 18, 17, 18, 14, 18, 21, 19, 23, 21, 21, 26, 24]
[2, 0, 4, 2, 4, 7, 5, 2, 2, 11, 9]
[3, 3, 0, 3, 6, 4, 3, 10, 10, 3, 12, 10, 14, 12, 12, 19, 19, 19, 15, 12, 20, 20, 20, 25, 23, 25, 28, 26, 25, 32, 32, 29, 29, 29, 37, 37, 34, 37, 38]
[2, 0, 2, 5, 2]
[0, 4, 4, 1, 6, 9, 9, 9, 4]
[0, 4, 4, 1, 4, 7, 4, 1, 10, 11, 1, 11, 14, 12, 14, 14, 18, 16, 11, 21, 19, 21, 24, 22]
[2, 7, 2, 5, 3, 7, 0, 7, 10, 8, 12, 10, 17, 17, 14, 14, 12, 12]
[4, 4, 4, 0, 4, 7, 5, 14, 14, 11, 14, 14, 14, 4, 14, 18, 18, 15, 4, 21, 4, 24, 24, 21, 24, 27, 25]
[2, 0, 4, 2, 4, 4, 4, 9, 4, 11, 9, 11, 15, 15, 12]
[5, 5, 5, 5, 7, 7, 0, 7, 7, 7, 14, 14, 14, 10]
[3, 3, 0, 3, 6, 4, 6, 11, 11, 11, 6, 11, 11, 3, 14, 15, 21, 21, 21, 21, 16]
[2, 3, 0, 3, 3, 11, 11, 11, 11, 11, 5, 11, 14, 12, 21, 20, 19, 19, 20, 21, 3, 21, 22, 26, 26, 23, 26, 30, 30, 26]
[3, 3, 0]
[0]
[2, 16, 4, 2, 6, 4, 6, 6, 6, 11, 9, 11, 14, 12, 16, 0, 16, 19, 17, 19, 20, 26, 22, 26, 26, 21]
[2, 6, 6, 5, 6, 0, 6, 12, 12, 12, 12, 6, 12, 15, 13]
[23, 3, 1, 8, 6, 8, 8, 23, 8, 16, 10, 15, 15, 15, 16, 8, 16, 17, 18, 19, 22, 23, 0, 23]
[2, 9, 2, 2, 4, 4, 8, 4, 0, 9, 12, 9, 12, 17, 17, 17, 12, 17, 17]
[5, 5, 5, 5, 0, 5, 6, 12, 12, 12, 12, 5]
[2, 3, 0, 3, 3, 14, 8, 6, 14, 14, 14, 14, 14, 3]
[2, 6, 6, 6, 6, 0, 8, 6, 12, 12, 12, 8, 17, 17, 17, 17, 12]
[14, 3, 1, 3, 7, 7, 4, 7, 10, 8, 14, 13, 14, 0, 17, 17, 14, 17, 20, 18, 20, 20, 17, 28, 28, 28, 28, 30, 30, 17]
[13, 1, 6, 3, 6, 2, 6, 10, 10, 7, 12, 13, 0, 13, 14, 19, 19, 19, 15, 19, 20, 21, 25, 25, 22, 19, 28, 19]
[0, 3, 1, 6, 6, 3]
[2, 0, 4, 2, 4, 5, 6]
[2, 0, 2, 3, 2, 5, 9, 9, 6, 9, 15, 15, 15, 15, 10]
[4, 4, 4, 0, 4, 7, 5, 7, 10, 7, 12, 10, 15, 15, 12, 18, 18, 12, 18, 18, 20, 24, 24, 27, 27, 27, 21, 20]
[2, 13, 5, 5, 2, 5, 8, 6, 13, 13, 12, 13, 0, 17, 17, 17, 13, 20, 20, 17]
[2, 0, 2, 6, 6, 3, 6, 9, 6, 9, 10, 2]
[6, 3, 6, 6, 6, 0, 8, 6, 10, 8, 10, 6, 15, 15, 16, 6, 18, 16, 20, 18]
[4, 4, 4, 0, 7, 7, 4, 9, 7, 13, 13, 13, 9, 15, 9, 15, 18, 16]
[2, 3, 0, 8, 8, 7, 8, 3, 3, 12, 12, 3]
[4, 4, 4, 0, 6, 4, 8, 6, 11, 11, 8]
[2, 0, 2, 2, 6, 4, 2, 7, 11, 11, 2, 11, 11, 11, 16, 14, 16, 19, 17, 16, 20, 20]
[4, 4, 4, 0, 9, 9, 9, 9, 4, 4, 4, 18, 18, 18, 18, 18, 18, 11, 18, 18, 18, 21, 22, 25, 23]
[2, 8, 8, 8, 6, 8, 8, 0, 8, 11, 9, 11, 14, 12, 11, 18, 18, 11]
[9, 9, 4, 2, 8, 8, 8, 9, 0, 11, 12, 9, 12, 15, 13, 15, 18, 15, 18, 18, 23, 23, 12, 23, 28, 28, 28, 24, 28, 34, 33, 33, 34, 29, 34, 35]
[2, 0, 4, 2, 6, 2]
[2, 0, 4, 2, 7, 7, 4, 7, 8, 11, 9, 14, 14, 11, 14, 14]
[2, 4, 4, 0, 4, 8, 8, 4, 16, 12, 12, 16, 12, 13, 16, 8, 18, 16, 18, 21, 18]
[4, 4, 4, 0, 4, 4]
[3, 3, 0, 5, 3, 5, 6, 7, 3, 3, 12, 10, 15, 15, 12, 15, 16]
[2, 0, 4, 2, 2, 5, 2, 9, 2, 9, 10, 11, 16, 16, 16, 12]
[3, 3, 0, 5, 3, 5, 5, 9, 7, 9, 12, 10, 12, 17, 17, 17, 13, 17, 23, 19, 19, 23, 17, 9, 28, 27, 28, 9, 28, 31, 29, 34, 34, 28, 34, 37, 35]
[7, 1, 2, 7, 7, 7, 0, 7, 13, 13, 12, 13, 7]
[0, 1, 2, 5, 3, 5, 8, 1, 8, 8, 14, 14, 14, 15, 8]
[3, 3, 12, 3, 8, 8, 8, 4, 12, 12, 12, 0, 12, 16, 16, 13, 18, 21, 21, 21, 16, 21, 21, 23, 21, 27, 25, 33, 28, 33, 33, 33, 27]
[4, 3, 4, 8, 4, 7, 5, 0, 10, 8]
[5, 1, 1, 5, 6, 0, 8, 6, 8, 9, 10, 13, 10, 6, 16, 6, 19, 19, 16]
[3, 3, 4, 0, 4, 9, 6, 6, 5, 9, 9, 9, 16, 16, 16, 9, 16, 17, 21, 21, 17]
[2, 7, 7, 7, 6, 7, 0, 7, 10, 8, 7, 7, 14, 12, 16, 12, 16, 16, 21, 21, 18, 16, 25, 25, 22, 27, 25, 27, 30, 25, 30, 34, 34, 31, 34, 37, 35, 37, 38]
[9, 1, 4, 2, 4, 7, 5, 9, 0, 12, 12, 9]
[2, 0, 2, 5, 2, 2, 11, 7, 10, 7, 6]
[2, 0, 2, 3, 4, 7, 5, 12, 12, 12, 12, 7, 12, 15, 13, 15, 18, 16, 2, 2, 20, 23, 21, 25, 23, 25, 25, 30, 30, 27, 30, 35, 35, 35, 31]
[0, 3, 1, 1, 9, 9, 9, 9, 1]
[3, 3, 12, 3, 7, 7, 4, 12, 12, 12, 12, 0, 12, 13, 14, 20, 20, 20, 20, 15]
[3, 3, 0, 8, 8, 7, 8, 3, 8, 11, 9]
[3, 3, 0, 3, 6, 3]
[3, 3, 4, 0, 9, 9, 9, 9, 4]
[3, 3, 7, 3, 4, 7, 0, 7, 8, 11, 8, 14, 14, 7, 14, 19, 19, 19, 15]
[2, 0, 2, 2, 8, 7, 8, 4]
[2, 7, 7, 5, 7, 7, 0, 7, 8]
[17, 3, 1, 5, 17, 5, 13, 13, 13, 13, 13, 13, 5, 17, 17, 17, 0, 17, 21, 21, 18, 21]
[17, 3, 1, 6, 6, 1, 9, 9, 6, 9, 10, 10, 10, 16, 16, 13, 0, 17, 24, 22, 22, 24, 22, 17, 27, 27, 24, 29, 27, 29, 30, 37, 37, 35, 37, 37, 27, 17]
[0, 1, 1, 5, 3, 5, 6, 7, 7]
[2, 7, 2, 5, 3, 7, 0, 7, 10, 8, 10, 14, 14, 11, 16, 14, 20, 20, 20, 16]
[2, 0, 5, 5, 2, 5, 6, 10, 10, 5, 10, 10, 15, 15, 12, 10, 16, 17, 20, 18]
[4, 4, 4, 0, 4, 7, 5, 4, 10, 4, 12, 10, 10, 13, 13, 10, 18, 16, 18, 21, 19, 21, 22]
[3, 3, 10, 3, 7, 7, 3, 7, 7, 0, 14, 14, 14, 10, 16, 14, 14, 19, 17]
[2, 0, 5, 5, 2, 5, 6, 13, 13, 9, 12, 10, 18, 18, 16, 18, 18, 5]
[0, 1, 1, 1, 1, 5, 8, 6, 1]
[0, 4, 4, 1, 1, 9, 8, 9, 5, 9, 12, 10, 12, 16, 16, 13, 16]
[2, 3, 0, 5, 3, 3, 3, 9, 12, 9, 10, 7, 14, 12, 14]
[6, 3, 1, 5, 6, 0, 8, 6, 8, 9, 12, 10, 12, 15, 13, 22, 18, 22, 18, 18, 22, 15]
[3, 3, 5, 3, 0, 7, 5, 5, 11, 9, 8, 5, 12, 15, 13, 17, 23, 17, 20, 18, 23, 23, 15]
[2, 0, 2, 3, 6, 4, 8, 6, 10, 8]
[5, 5, 5, 5, 0, 5, 8, 6]
[0, 3, 4, 1, 6, 1, 1, 10, 10, 1, 10, 13, 11, 13, 16, 14, 16, 19, 17, 19, 22, 20]
[2, 3, 0, 3, 4, 3, 3, 7]
[3, 3, 0, 3, 7, 7, 4]
[4, 3, 4, 0, 4, 7, 5, 9, 4, 11, 13, 13, 14, 9, 9, 19, 18, 19, 15]
[3, 3, 6, 3, 6, 0, 6]
[2, 0, 4, 2, 4, 7, 5, 7, 10, 8, 4, 4, 14, 12]
[2, 4, 4, 0, 4, 5, 8, 6]
[0, 1, 1, 3, 3, 7, 3, 7, 11, 11, 8, 7, 7, 16, 16, 13, 16, 17, 18, 21, 18]
[6, 1, 4, 6, 6, 0, 6, 9, 6]
[3, 3, 9, 5, 3, 3, 3, 7, 0, 11, 9, 9]
[3, 3, 7, 3, 6, 3, 0, 7, 7, 12, 12, 9, 12, 18, 18, 15, 15, 13]
[4, 4, 4, 0, 4, 5, 13, 10, 10, 13, 13, 13, 4, 13, 16, 14, 16, 16]
[5, 5, 5, 5, 0, 5, 6, 10, 10, 7]
[2, 8, 2, 5, 3, 8, 8, 0, 8, 12, 12, 18, 14, 12, 16, 12, 18, 8, 20, 18, 18, 24, 24, 21]
[6, 6, 6, 5, 6, 0, 6, 10, 10, 7, 10, 13, 10, 13, 16, 14]
[2, 0, 2, 3, 4, 5, 5, 7, 11, 11, 8, 4, 12, 13, 17, 17, 14, 19, 17, 19, 23, 23, 20]
[3, 3, 0, 5, 3, 5, 8, 6, 6, 9]
[4, 4, 4, 0, 4, 8, 8, 5, 8, 9, 8, 13, 11]
[2, 14, 2, 6, 6, 3, 2, 7, 13, 13, 10, 10, 8, 0, 16, 14, 16, 16, 20, 18, 20]
[4, 4, 4, 0, 4, 7, 5, 7, 10, 8, 10, 13, 15, 15, 11, 17, 4, 17, 18]
[0, 1, 5, 5, 2, 8, 8, 1]
[4, 4, 4, 5, 0, 5, 8, 6]
[6, 4, 4, 1, 6, 0, 8, 6]
[0, 3, 1, 3, 4, 5, 6, 10, 10, 7]
[3, 3, 7, 7, 6, 7, 0, 7, 8, 9, 12, 8, 19, 19, 14, 19, 19, 19, 7]
[3, 3, 4, 0, 6, 4]
[2, 5, 5, 5, 0, 5, 5, 5, 8, 8, 12, 10]
[6, 1, 4, 1, 6, 0, 8, 6, 10, 8, 8, 8, 12, 15, 13, 15, 19, 19, 16]
[2, 4, 4, 0, 4, 5, 6]
[2, 0, 8, 8, 8, 8, 8, 2, 8, 11, 9]
[0, 1, 6, 6, 6, 2, 6, 9, 7, 1, 1, 1, 12, 17, 16, 17, 13]
[6, 3, 6, 6, 6, 12, 8, 12, 12, 12, 12, 0, 12, 15, 12, 17, 15, 17, 17, 22, 22, 19, 17, 23, 24, 29, 29, 29, 24, 32, 32, 24, 32]
[0, 3, 1, 3, 6, 4, 3, 7]
[2, 0, 2, 3]
[2, 0, 2, 5, 3]
[3, 3, 7, 7, 7, 7, 0, 9, 7, 11, 9, 13, 9, 15, 13, 17, 15]
[2, 3, 0, 6, 6, 3, 8, 3, 10, 8, 10, 16, 16, 16, 16, 11, 16, 19, 20, 17]
[7, 3, 1, 5, 7, 7, 0, 10, 10, 7, 10, 15, 15, 15, 11]
[2, 0, 10, 5, 10, 10, 10, 10, 10, 2, 2]
[2, 0, 4, 2, 4, 5, 6, 9, 7, 6, 12, 10, 12, 19, 16, 19, 19, 19, 13, 19]
[4, 4, 4, 0, 4, 7, 5]
[2, 0, 5, 5, 2, 5, 8, 12, 8, 11, 9, 6, 12, 15, 13, 5, 5, 19, 17, 21, 24, 21, 22, 19, 27, 27, 24]
[10, 1, 2, 7, 7, 7, 2, 10, 10, 0, 10, 11, 11]
[2, 0, 2, 2, 6, 4, 6, 9, 13, 9, 13, 13, 7, 13, 17, 17, 13, 2, 20, 18, 22, 20, 25, 25, 22, 25, 25, 29, 27]
[2, 0, 2, 2, 4, 4, 2]
[3, 3, 4, 0, 6, 7, 4, 7]
[5, 5, 5, 5, 0, 5, 6, 12, 11, 11, 12, 5, 15, 15, 12, 15, 16, 19, 17, 19, 20]
[6, 6, 6, 6, 6, 0, 6, 9, 7, 12, 12, 6, 14, 12, 12]
[8, 3, 8, 3, 7, 7, 4, 13, 11, 11, 13, 13, 0, 13]
[4, 4, 4, 0, 7, 7, 4, 4, 4, 9, 15, 15, 15, 15, 9, 15, 18, 16, 18, 21, 19, 21, 21]
[15, 1, 2, 5, 2, 5, 6, 7, 8, 11, 15, 11, 14, 11, 0, 18, 18, 20, 20, 15, 20, 23, 21, 23, 23]
[3, 3, 6, 6, 6, 0, 6, 7, 7, 7, 15, 15, 15, 15, 10]
[3, 3, 5, 3, 0, 5, 8, 6, 8, 9, 12, 10, 12, 12, 14, 14]
[3, 3, 0, 5, 3, 7, 5, 3, 14, 14, 14, 14, 14, 3, 16, 14]
[3, 3, 0, 3, 6, 4]
[2, 3, 0, 3, 4]
[3, 3, 0, 3, 3, 7, 10, 10, 10, 3]
[4, 3, 4, 12, 6, 4, 4, 9, 7, 9, 12, 0, 15, 15, 12]
[2, 11, 11, 11, 6, 11, 11, 11, 11, 11, 0, 11, 15, 15, 11, 17, 15, 17, 17, 23, 22, 23, 19, 25, 23, 25]
[2, 6, 2, 5, 2, 0, 9, 9, 6, 6]
[3, 3, 0, 3, 7, 5, 4, 7, 11, 11, 8, 14, 14, 3, 14, 15, 16, 17, 18]
[3, 3, 0, 5, 6, 3, 8, 6, 10, 11, 8, 11, 11, 15, 13, 15, 18, 16, 18, 18]
[2, 0, 5, 5, 10, 5, 8, 9, 5, 2, 12, 13, 10, 13, 17, 17, 14, 17]
[9, 3, 1, 9, 9, 9, 9, 9, 0, 9, 15, 15, 12, 13, 10, 17, 21, 17, 21, 21, 15, 23, 21, 23, 26, 23]
[2, 10, 2, 6, 6, 3, 10, 10, 10, 0, 10, 10, 15, 15, 10, 15, 16, 19, 15, 19, 23, 23, 19, 23, 24, 29, 28, 29, 23, 34, 34, 31, 31, 29]
[2, 8, 2, 5, 3, 8, 8, 0, 8, 8, 10, 13, 11, 13]
[4, 4, 4, 0, 4, 9, 6, 6, 5, 4, 14, 14, 14, 4]
[8, 8, 8, 8, 8, 8, 8, 0, 8, 9, 10, 13, 10, 13]
[5, 5, 4, 5, 10, 7, 8, 9, 5, 0, 10, 11, 17, 17, 17, 17, 12]
[2, 5, 2, 2, 0, 7, 5, 7, 8, 11, 7]
[3, 3, 15, 5, 3, 8, 8, 5, 5, 9, 15, 15, 15, 15, 0, 15, 16]
[4, 1, 1, 0, 4, 7, 5]
[8, 3, 1, 5, 8, 8, 8, 0, 8, 8]
[8, 1, 2, 2, 8, 8, 6, 0, 10, 8]
[7, 3, 1, 7, 7, 7, 0, 9, 7, 9, 16, 16, 16, 16, 16, 9, 16, 16, 16, 24, 24, 21, 21, 19]
[2, 4, 4, 0, 4, 7, 5, 7, 10, 8, 10, 13, 11, 15, 7, 15, 18, 16, 18, 4, 22, 4, 24, 22, 24, 25, 29, 29, 26, 35, 32, 35, 35, 33, 29, 35, 36, 39, 37]
[4, 1, 2, 0, 4, 7, 5, 9, 10, 4, 4, 13, 14, 11]
[4, 1, 2, 17, 6, 4, 9, 9, 6, 9, 12, 9, 9, 15, 13, 17, 0, 20, 20, 17, 20, 24, 24, 21, 27, 27, 24, 27, 30, 28, 30, 31]
[2, 4, 4, 0, 8, 7, 8, 4, 8, 12, 10, 9, 4, 16, 16, 4, 18, 16, 20, 18, 18, 18, 18, 26, 26, 23]
[3, 3, 0, 3, 4, 3, 8, 6, 8, 11, 9]
[2, 0, 4, 2, 6, 4, 6, 7, 10, 8, 15, 15, 15, 15, 6, 17, 15, 20, 20, 15, 22, 20, 22]
[7, 1, 1, 6, 6, 3, 0, 9, 13, 9, 10, 11, 7, 13, 13, 15, 18, 15, 20, 15, 22, 20, 20, 28, 28, 28, 28, 23]
[3, 3, 0, 5, 3, 8, 8, 5, 8, 9, 14, 13, 14, 10, 14, 17, 15, 17, 18, 22, 22, 14, 27, 27, 27, 27, 22, 30, 30, 27, 30]
[7, 7, 7, 7, 6, 7, 0, 7, 8, 12, 12, 9, 12, 13, 12, 17, 15, 17, 18]
[0, 1, 2, 1, 4, 4, 8, 4]
[2, 5, 5, 5, 0, 5, 9, 9, 6, 18, 18, 13, 18, 13, 16, 13, 18, 5, 21, 21, 18, 21, 22, 25, 22]
[3, 3, 0, 3, 6, 4, 3, 7, 10, 8, 3, 19, 12, 13, 16, 14, 18, 19, 3, 19, 22, 20, 19, 23]
[4, 4, 4, 28, 4, 4, 4, 11, 8, 9, 7, 14, 14, 4, 14, 14, 16, 17, 21, 21, 18, 21, 21, 25, 28, 25, 25, 0, 32, 32, 32, 28, 28, 37, 34, 34, 33]
[0, 1, 6, 3, 3, 1, 1, 10, 10, 7, 10, 15, 15, 15, 11]
[0, 1, 2, 1]
[2, 4, 4, 0, 6, 4, 4]
[9, 9, 4, 2, 4, 2, 6, 7, 0, 11, 9, 11, 12, 15, 13, 13, 19, 19, 16]
[3, 3, 0, 3, 8, 8, 8, 4, 10, 8, 12, 10, 15, 15, 12, 3, 18, 3, 20, 18, 18, 23, 21, 23, 24]
[6, 6, 6, 6, 6, 8, 8, 0, 8]
[3, 3, 7, 3, 7, 7, 0, 10, 10, 7]
[2, 3, 0, 6, 6, 3, 6, 9, 7, 9, 9, 14, 14, 11, 3, 20, 20, 20, 20, 3, 22, 20, 20, 26, 26, 20, 28, 26]
[2, 5, 5, 5, 0, 5, 8, 6]
[2, 10, 2, 3, 4, 8, 8, 5, 10, 0, 10]
[9, 3, 1, 3, 4, 7, 9, 9, 0, 9, 9, 14, 14, 11, 16, 14, 16, 17, 18, 21, 19]
[5, 3, 5, 5, 10, 5, 10, 10, 10, 0, 12, 10, 15, 15, 12, 17, 10]
[7, 1, 4, 2, 6, 7, 0, 11, 11, 11, 7, 15, 15, 15, 11, 18, 18, 19, 15]
[2, 0]
[11, 3, 11, 3, 6, 3, 11, 11, 11, 11, 0]
[2, 3, 15, 3, 3, 3, 6, 10, 10, 7, 10, 13, 10, 13, 0, 15, 15, 20, 20, 17, 27, 24, 24, 27, 27, 27, 20, 27, 28, 27]
[0, 1, 1, 1, 1, 10, 10, 10, 10, 5, 14, 14, 14, 1, 14, 17, 14]
[2, 0, 5, 5, 2, 5, 8, 6, 12, 11, 12, 5, 12, 15, 13, 13, 19, 19, 16, 19, 20]
[2, 0, 5, 5, 2, 2, 8, 6, 8, 11, 9]
[6, 4, 4, 1, 6, 0, 6, 6, 10, 8, 6, 11, 14, 12, 14, 17, 15]
[2, 10, 2, 6, 6, 3, 10, 10, 10, 0]
[4, 4, 4, 0, 4, 4, 10, 10, 10, 12, 10, 4, 12, 18, 16, 18, 18, 13]
[6, 3, 1, 6, 6, 0, 6, 6, 10, 8, 10, 11]
[2, 0, 2, 2]
[4, 4, 4, 30, 8, 8, 8, 4, 8, 11, 8, 11, 12, 15, 13, 15, 19, 19, 16, 8, 22, 8, 22, 25, 23, 29, 28, 29, 30, 0, 32, 30]
[3, 3, 4, 17, 8, 8, 8, 4, 13, 13, 13, 13, 8, 8, 16, 14, 0, 22, 20, 22, 22, 17, 24, 22, 24, 28, 28, 25, 28, 31, 28, 17]
[2, 0, 4, 2, 4, 7, 5]
[8, 1, 4, 2, 4, 5, 8, 0, 8, 11, 9, 8, 14, 12, 14, 17, 14]
[0, 3, 1, 1, 1, 8, 8, 5]
[2, 7, 7, 7, 6, 7, 0, 7, 10, 7, 14, 14, 14, 7, 7, 28, 16, 21, 21, 21, 16, 21, 25, 25, 21, 28, 28, 7, 30, 28, 30, 31, 32]
[2, 5, 5, 5, 0, 7, 5, 12, 12, 12, 12, 7, 15, 15, 12, 15, 19, 19, 16, 19, 22, 19]
[2, 0, 2, 2, 6, 4, 12, 12, 12, 12, 12, 6, 12, 12, 12, 17, 15]
[2, 0, 2, 5, 3, 3, 6, 7]
[2, 3, 0, 6, 6, 3, 6, 6, 3, 3, 12, 3, 12, 16, 16, 13, 18, 16, 18, 18]
[2, 0, 2, 6, 6, 2]
[2, 0, 5, 5, 2, 7, 2]
[7, 3, 1, 7, 7, 7, 0, 11, 10, 11, 7, 11, 15, 15, 12, 15, 19, 19, 23, 19, 23, 23, 15]
[2, 11, 7, 5, 7, 7, 2, 9, 11, 11, 0, 13, 14, 11, 14, 17, 14, 24, 24, 21, 19, 24, 24, 17, 26, 24, 26, 27, 31, 31, 28]
[22, 4, 4, 1, 4, 7, 5, 4, 4, 9, 15, 13, 14, 15, 10, 17, 15, 20, 20, 17, 22, 0, 24, 22, 24, 24]
[3, 3, 6, 6, 6, 0, 9, 9, 6]
[2, 0, 2, 6, 6, 3, 2, 11, 11, 11, 7]
[2, 0, 2, 5, 2, 5, 9, 9, 6, 9, 12, 9, 12, 13, 14]
[3, 3, 0, 3, 11, 7, 11, 9, 7, 11, 4, 3, 16, 13, 16, 3, 18, 19, 16, 16, 22, 20, 22, 27, 27, 27, 23, 27]
[3, 3, 0, 5, 3, 5, 8, 6, 8, 9, 13, 13, 8, 13, 13, 18, 18, 15]
[4, 4, 4, 12, 4, 7, 5, 9, 12, 9, 12, 0, 12, 18, 18, 18, 18, 13, 18, 19]
[2, 9, 2, 5, 3, 7, 9, 9, 0, 9, 12, 9, 12, 12, 17, 17, 14, 17, 18, 24, 24, 24, 24, 17, 26, 24, 28, 24]
[2, 14, 2, 2, 6, 4, 10, 9, 10, 14, 14, 14, 14, 0]
[3, 3, 0, 3, 3, 3]
[3, 3, 5, 5, 0, 5, 11, 7, 11, 11, 20, 11, 14, 11, 16, 17, 20, 20, 20, 5, 22, 24, 24, 20]
[9, 1, 2, 3, 2, 7, 5, 9, 0, 9, 10, 13, 9, 13, 16, 13, 16, 17, 20, 13, 20, 20, 25, 25, 22, 25, 26, 30, 30, 27]
[9, 3, 1, 5, 3, 5, 8, 9, 0, 12, 12, 9, 12, 13, 16, 22, 16, 17, 18, 21, 19, 9, 24, 22]
[5, 1, 4, 2, 0, 5, 8, 6, 8, 9, 12, 10, 15, 15, 12, 12, 12, 19, 17, 19, 20, 20]
[2, 0, 2, 8, 4, 4, 8, 3, 10, 2, 10, 10, 12, 10, 16, 14, 16]
[7, 1, 2, 3, 6, 4, 0, 7, 12, 12, 12, 7, 12, 16, 16, 13, 16, 19, 17, 7]
[0, 1, 4, 2, 1, 11, 11, 7, 7, 11, 1]
[8, 1, 6, 6, 6, 2, 8, 0, 8]
[3, 3, 0, 3, 3, 7, 3, 7, 10, 8, 7, 15, 15, 15, 7, 15, 18, 16, 20, 21, 7, 21, 22, 23]
[4, 4, 4, 0, 4, 5, 6, 6, 6, 9]
[0, 1, 1, 5, 6, 3, 6, 9, 7, 11, 9, 11, 11, 15, 13, 15, 16, 19, 17]
[4, 4, 4, 0, 4, 5, 5, 9, 7, 12, 12, 9, 14, 12, 16, 14]
[6, 6, 2, 6, 6, 9, 9, 9, 17, 11, 9, 11, 15, 15, 12, 17, 0, 20, 20, 17, 22, 20, 24, 22, 24, 29, 29, 29, 25]
[2, 0, 6, 6, 6, 2, 2, 2, 12, 12, 12, 22, 12, 16, 16, 13, 22, 22, 22, 22, 22, 2, 22, 2]
[4, 3, 4, 10, 8, 8, 8, 4, 10, 0, 16, 13, 16, 16, 16, 10, 16]
[2, 0, 2, 5, 3, 2, 11, 11, 11, 11, 6, 13, 2, 13, 16, 14]
[7, 3, 7, 5, 3, 7, 0]
[2, 4, 4, 0, 4, 7, 5, 7, 12, 12, 12, 8]
[4, 4, 4, 10, 6, 4, 9, 9, 6, 0, 12, 10, 12, 13, 14, 15, 15, 13, 22, 21, 22, 13, 24, 22]
[5, 5, 5, 5, 0, 5, 8, 6, 8, 11, 9, 13, 11, 13, 13, 15]
[4, 4, 4, 11, 4, 7, 5, 11, 11, 11, 0, 11, 15, 15, 12]
[2, 3, 0, 3, 3, 3, 8, 3, 8, 9, 15, 13, 15, 15, 3, 15, 18, 16]
[0, 1, 5, 5, 2, 8, 8, 5, 8, 11, 9, 8, 14, 8, 14, 14, 19, 19, 16]
[4, 4, 4, 0, 14, 7, 14, 7, 11, 11, 8, 14, 14, 4, 14, 18, 18, 15, 18, 19]
[8, 8, 8, 8, 8, 8, 8, 0, 8, 11, 9, 13, 8]
[0, 3, 1, 3, 7, 7, 4, 10, 8, 7, 10, 13, 11]
[4, 4, 4, 5, 0, 7, 5, 5, 5, 11, 9, 11, 11]
[3, 3, 0, 5, 3, 8, 8, 5, 12, 12, 12, 8, 8, 16, 16, 8, 18, 16, 20, 18, 18, 21]
[10, 3, 1, 3, 7, 7, 3, 10, 10, 0, 14, 14, 14, 10]
[2, 4, 4, 8, 4, 4, 8, 0, 8, 11, 8]
[2, 5, 5, 5, 0, 5, 8, 5, 8, 13, 13, 13, 14, 9, 14, 14, 14, 19, 17, 14, 24, 24, 24, 14]
[4, 4, 4, 0]
[3, 3, 0, 3, 4, 5, 6, 5, 10, 8, 5, 5, 12, 13, 17, 17, 14, 17, 18]
[2, 0, 4, 2, 6, 4, 15, 15, 10, 8, 13, 11, 15, 15, 2, 20, 20, 20, 20, 15]
[2, 4, 4, 0, 4, 4, 8, 6, 8, 11, 9, 8, 15, 15, 8, 17, 15]
[4, 1, 1, 0, 4, 7, 4, 7, 10, 8, 12, 10, 10, 15, 13, 15, 15]
[3, 3, 0, 3, 3, 3, 6, 12, 12, 12, 12, 7, 12, 15, 12, 15, 15, 19, 17, 19, 23, 23, 20, 25, 23, 25, 28, 26]
[6, 1, 4, 2, 6, 0]
[4, 1, 4, 0, 4, 5, 6, 10, 10, 7, 10, 13, 10, 15, 10, 15, 18, 16]
[12, 5, 5, 5, 1, 5, 5, 10, 10, 5, 12, 0, 14, 12, 16, 14, 18, 16]
[3, 3, 0, 3, 6, 4]
[4, 4, 4, 0, 4, 9, 6, 6, 5, 4, 12, 4, 12, 12, 12, 17, 15]
[4, 4, 4, 0, 4, 7, 5, 7, 8, 9, 12, 9, 4, 13, 14, 15, 16]
[2, 3, 0, 3, 4, 5, 5]
[2, 3, 0, 7, 6, 7, 3, 7, 3]
[4, 4, 4, 6, 4, 0, 6, 7, 8, 13, 13, 13, 8, 13]
[0, 1, 5, 5, 2, 7, 5, 7, 8, 13, 13, 13, 9, 17, 17, 17, 13]
[5, 5, 4, 5, 0]
[3, 3, 0, 5, 3, 8, 8, 5, 8, 11, 9, 5, 5, 17, 17, 17, 13, 17, 20, 18, 20, 23, 21]
[3, 3, 6, 6, 6, 0, 8, 6, 12, 12, 12, 8, 14, 12, 14, 15, 19, 19, 16]
[2, 0, 2, 5, 3]
[2, 0, 4, 2, 4, 7, 5, 10, 10, 11, 4, 11, 11, 13, 13, 15]
[4, 4, 4, 0, 4, 7, 4, 7, 10, 8]
[0, 3, 8, 3, 7, 7, 4, 1, 8, 8, 12, 10, 12, 13, 14, 15, 1]
[0, 3, 1, 1, 6, 4, 10, 10, 10, 6, 10, 11, 12, 13, 18, 18, 18, 12, 18, 19, 22, 19, 24, 22, 28, 25, 28, 24, 31, 31, 28, 33, 31, 35, 33]
[4, 4, 4, 0, 4, 7, 5, 7, 7, 9, 12, 5, 12, 13, 16, 14, 18, 16]
[4, 4, 4, 0, 4, 7, 9, 7, 5]
[2, 3, 0, 3, 6, 4, 4, 7, 4, 11, 9]
[3, 3, 0, 5, 3, 5, 6, 7, 10, 8, 10, 13, 10, 10, 16, 10, 16, 19, 16, 8, 8, 24, 24, 21, 24, 27, 25, 27, 27]
[0, 1, 5, 5, 2, 7, 5, 9, 7, 9, 10, 14, 14, 11, 14, 15, 7, 7, 7, 19, 23, 23, 19, 25, 23, 27, 25]
[2, 0, 2, 6, 6, 3, 8, 9, 3, 9, 9, 14, 14, 9]
[2, 0, 4, 2, 4, 11, 11, 11, 11, 11, 5, 2, 14, 12, 14, 18, 18, 15]
[4, 1, 1, 0, 6, 4, 6, 10, 10, 7, 4, 13, 14, 4, 14, 15, 16, 17]
[6, 1, 5, 5, 1, 0, 6, 10, 10, 11, 7]
[2, 0, 2, 3, 3, 7, 5, 7, 10, 8]
[3, 3, 0, 3, 6, 4, 6, 9, 7, 3]
[3, 3, 0, 7, 6, 7, 3, 7, 8, 13, 13, 13, 9, 15, 13, 15, 19, 19, 16, 15, 22, 20]
[0, 1, 1, 5, 3, 8, 8, 1, 11, 11, 8, 11, 16, 16, 16, 12, 8, 17, 20, 18, 18, 24, 24, 21, 26, 24, 26, 29, 27]
[4, 4, 4, 5, 0, 8, 8, 5, 8, 9, 14, 14, 14, 9, 20, 20, 19, 19, 20, 5, 20, 25, 25, 25, 20, 28, 28, 20, 28, 28, 30, 33, 31]
[5, 5, 4, 5, 0, 5, 6, 10, 10, 7, 10, 15, 15, 15, 10, 15]
[0, 3, 1, 3, 7, 7, 13, 7, 10, 7, 13, 13, 4, 13, 16, 14, 18, 16, 18, 24, 24, 24, 24, 19, 14, 27, 28, 14, 30, 28, 30, 30]
[3, 3, 0, 3, 7, 7, 4]
[4, 3, 4, 5, 0, 7, 5, 9, 7]
[2, 3, 0, 3, 7, 7, 4, 9, 7, 9, 12, 9]
[5, 5, 5, 5, 11, 5, 8, 6, 11, 11, 0]
[2, 0, 5, 5, 2, 5, 9, 9, 5, 9, 14, 14, 14, 10]
[3, 3, 0, 5, 3, 7, 5, 7, 10, 8, 5, 13, 14, 11, 11, 18, 18, 15, 18, 19, 20, 21, 20, 26, 26, 23]
[0, 7, 7, 7, 7, 7, 1, 7, 7, 11, 7, 13, 1, 15, 13, 15, 18, 19, 16, 19, 20, 21, 24, 19, 19, 25, 26, 27, 28, 29]
[6, 3, 6, 5, 6, 11, 6, 7, 11, 11, 0, 13, 11, 13, 14, 17, 15, 17, 21, 21, 18, 21, 26, 26, 26, 21]
[2, 0, 5, 5, 2, 2, 6, 7, 10, 7]
[2, 6, 4, 6, 4, 0, 6, 7]
[2, 0, 5, 5, 2, 7, 8, 5, 2, 12, 12, 9]
[3, 3, 0, 3, 3, 7, 5, 7, 7, 3, 3, 18, 14, 18, 18, 18, 18, 3]
[0, 6, 5, 5, 6, 1, 8, 1, 10, 8, 1, 14, 14, 1, 14, 15]
[6, 6, 6, 6, 6, 0, 6, 10, 10, 7, 6, 11, 15, 15, 12, 15]
[5, 1, 4, 5, 0, 5, 9, 9, 6, 5, 12, 17, 12, 13, 17, 17, 5, 17, 18]
[5, 5, 5, 5, 0, 9, 9, 9, 5]
[2, 8, 4, 2, 4, 8, 8, 0]
[2, 0, 4, 2, 2, 10, 9, 9, 10, 5]
[2, 6, 6, 6, 6, 0, 6, 7]
[5, 5, 5, 5, 0, 5, 6, 9, 6, 12, 12, 9, 14, 12, 16, 14, 16, 17, 18, 23, 23, 23, 19]
[0, 1, 4, 2, 1, 9, 9, 9, 5, 9, 14, 14, 14, 1, 14, 15, 18, 16, 18, 23, 23, 23, 19, 23, 23, 30, 30, 30, 30, 25]
[2, 5, 2, 2, 0, 7, 5, 7, 8, 5, 18, 13, 11, 15, 18, 18, 18, 5, 18, 21, 19, 21, 25, 25, 22, 18, 29, 29, 26, 31, 29, 31, 32, 38, 38, 38, 38, 33]
[0, 1, 4, 2, 8, 8, 8, 4, 8, 12, 12, 9, 1]
[3, 3, 4, 0, 6, 4, 6, 6, 10, 6, 10, 13, 10, 6, 14, 19, 19, 19, 15, 21, 19, 19, 24, 19, 24, 24, 28, 26, 19]
[2, 0, 4, 2, 4, 10, 9, 7, 10, 5, 10, 14, 14, 11, 4, 15]
[5, 5, 2, 5, 8, 7, 8, 0, 8, 12, 12, 9, 14, 12, 14, 17, 15]
[5, 5, 5, 5, 0, 5, 10, 10, 10, 6, 10, 5]
[2, 3, 4, 0, 6, 4, 6, 7, 8, 9]
[3, 3, 0, 3, 3, 8, 8, 9, 3, 11, 9, 13, 11, 13, 16, 14, 11, 20, 20, 17]
[3, 3, 0]
[3, 3, 6, 3, 6, 0, 6]
[5, 5, 5, 5, 0, 5, 8, 6]
[2, 0, 2, 7, 7, 7, 3, 2, 11, 11, 2, 13, 11, 15, 13, 15, 16, 15, 21, 21, 18, 21, 22, 23, 23]
[5, 5, 5, 5, 7, 7, 0, 9, 7, 11, 9, 7]
[0, 1, 4, 2, 4, 7, 5, 10, 10, 12, 12, 4]
[2, 3, 0, 3, 3, 10, 8, 10, 10, 5, 3, 3, 12, 12, 17, 17, 14, 17, 17, 21, 17]
[9, 4, 4, 9, 9, 9, 9, 9, 16, 9, 13, 13, 10, 15, 16, 0, 18, 16, 18, 22, 22, 19, 22, 23]
[3, 3, 0, 7, 7, 7, 3, 7, 8, 3, 13, 13, 3, 13, 13, 17, 15, 17]
[2, 3, 0, 3, 4, 7, 5]
[2, 0, 5, 5, 2, 5, 8, 6, 10, 8, 13, 13, 10, 10, 14, 15]
[3, 3, 0, 3, 6, 4, 6, 10, 10, 7, 12, 10, 12, 12, 14, 15, 18, 16]
[0, 1, 1, 5, 3, 5, 10, 10, 10, 6]
[2, 3, 0, 3, 7, 7, 3]
[2, 0, 2, 2, 6, 4, 9, 9, 4, 2, 14, 14, 14, 10, 16, 2, 19, 19, 16, 16, 20, 2, 25, 25, 2, 27, 25, 30, 30, 27]
[2, 5, 2, 3, 0, 7, 5, 7, 7, 12, 12, 9]
[2, 0, 4, 2, 4, 8, 8, 5, 8, 11, 9, 17, 17, 15, 16, 17, 11]
[3, 3, 0, 3, 3, 8, 8, 5]
[5, 3, 1, 5, 0, 8, 8, 5, 10, 8, 12, 10, 12, 16, 16, 13, 20, 19, 20, 5]
[2, 0, 2, 6, 6, 3, 6, 10, 10, 7, 10, 6, 14, 12, 14, 17, 15, 17, 21, 21, 17, 24, 24, 14, 24, 28, 28, 24, 28]
[2, 0, 5, 5, 2, 5, 8, 6, 10, 5, 10, 14, 14, 11, 14, 21, 21, 17, 17, 21, 15]
[2, 7, 2, 5, 7, 7, 0, 7, 8, 8, 12, 8, 17, 17, 17, 17, 12, 17, 20, 18, 17, 23, 21]
[4, 4, 4, 5, 0, 8, 8, 5, 8, 9, 13, 13, 5, 13, 17, 17, 14]
[14, 6, 4, 6, 6, 14, 6, 9, 7, 9, 10, 13, 14, 0, 14, 15]
[2, 0, 2, 2]
[0, 1, 5, 5, 1, 5, 8, 5, 10, 5, 12, 10]
[4, 4, 4, 6, 6, 0, 6, 6, 8, 13, 13, 13, 9, 13, 16, 14, 6, 19, 6, 21, 19, 21, 22, 19, 19, 25, 28, 26, 28, 29, 30, 33, 31]
[3, 3, 10, 5, 3, 3, 9, 9, 3, 0, 10, 13, 11, 11, 16, 14]
[2, 0, 5, 5, 2, 5, 6, 9, 7, 9, 10, 11, 14, 12]
[2, 8, 2, 5, 3, 8, 8, 0, 11, 11, 8, 14, 14, 11, 14, 15, 18, 16, 21, 21, 18, 21, 22]
[2, 8, 8, 8, 8, 5, 5, 0, 8, 11, 8, 13, 11, 19, 17, 17, 19, 17, 13, 19, 22, 20, 19, 23, 26, 24]
[5, 5, 5, 5, 10, 10, 10, 10, 10, 0, 12, 10, 14, 17, 17, 17, 12, 17, 21, 21, 18]
[8, 8, 2, 7, 4, 7, 2, 0, 8, 12, 12, 9, 8, 17, 17, 17, 13]
[9, 3, 1, 5, 9, 7, 5, 9, 0, 11, 9, 13, 15, 15, 11, 15, 19, 19, 16]
[5, 5, 5, 5, 0, 5, 8, 6]
[3, 3, 0, 3, 3, 3, 9, 9, 6, 9, 12, 10, 12, 15, 13, 12, 18, 12, 18, 22, 20, 19]
[0]
[2, 13, 2, 5, 3, 2, 8, 2, 10, 8, 10, 11, 0, 20, 18, 18, 18, 20, 20, 13, 22, 20, 20]
[2, 0, 2, 5, 2, 5, 6, 2, 11, 11, 8, 11, 14, 12, 18, 18, 18, 11, 22, 22, 22, 18, 22, 25, 23, 11, 30, 30, 30, 11, 30, 36, 36, 36, 36, 31]
[5, 1, 5, 5, 0, 5, 9, 9, 6, 9, 12, 10]
[6, 6, 6, 6, 6, 10, 6, 9, 7, 0, 12, 10]
[2, 9, 2, 5, 3, 9, 9, 9, 0, 11, 9, 11, 11, 15, 13, 18, 18, 9]
[9, 1, 4, 1, 9, 9, 9, 9, 0, 9, 12, 10, 12, 12, 9, 19, 19, 19, 22, 22, 22, 9, 22, 25, 23, 25, 29, 29, 26]
[0, 3, 1, 3, 6, 4, 6, 7, 10, 8, 10, 13, 10]
[3, 3, 7, 3, 4, 7, 0, 7, 8, 9, 12, 15, 12, 12, 10, 15, 20, 19, 20, 16, 23, 23, 20, 23, 27, 27, 24, 20, 28, 29]
[11, 4, 4, 1, 6, 11, 6, 9, 6, 11, 0, 14, 14, 11, 14, 17, 11, 20, 20, 17, 22, 20, 22, 25, 23]
[3, 3, 0, 3, 9, 9, 6, 6, 4, 9, 12, 10, 9, 15, 13]
[2, 8, 2, 5, 2, 8, 8, 0, 8, 11, 9, 11, 12, 13, 13, 15, 19, 19, 16]
[3, 1, 0, 3, 8, 8, 8, 4, 3, 9, 13, 13, 10, 10, 18, 18, 18, 10]
[3, 3, 0, 3, 6, 4]
[2, 0, 2, 2, 2, 9, 9, 9, 5]
[2, 0, 2, 6, 6, 3]
[3, 3, 0, 3, 4, 5, 5, 9, 5]
[4, 4, 4, 0, 4, 5, 9, 9, 6, 9, 4, 13, 4, 13, 14, 15, 19, 19, 16, 21, 19]
[2, 0, 6, 6, 6, 2, 2, 7, 8, 9, 13, 13, 10]
[3, 3, 4, 0, 4, 4, 4, 7, 8, 9, 12, 10, 18, 18, 18, 18, 18, 10]
[5, 5, 5, 5, 0, 7, 5, 9, 7, 7, 7, 11, 15, 15, 12, 15, 16]
[4, 4, 4, 0, 4, 4, 6, 11, 11, 11, 7, 13, 11, 15, 13]
[7, 7, 4, 2, 7, 7, 0, 7, 10, 8]
[2, 0, 2, 6, 6, 3, 3, 9, 7]
[5, 5, 5, 5, 0, 7, 11, 11, 11, 11, 5, 11, 11, 11]
[0, 4, 4, 1, 4, 5, 6, 7, 10, 8, 1, 15, 15, 15, 1, 17, 15, 19, 15, 21, 19, 23, 21, 23, 24, 27, 21, 32, 28, 31, 32, 27]
[0, 3, 1, 3, 4, 7, 5, 7, 8, 11, 8, 5, 12, 13, 16, 3, 16, 17, 17, 21, 17]
[5, 5, 2, 2, 0, 8, 8, 5, 5, 9, 16, 16, 16, 16, 16, 10]
[0, 1, 4, 2, 11, 7, 5, 7, 8, 11, 1, 13, 11, 16, 16, 13, 18, 16, 18, 22, 22, 24, 24, 19]
[6, 6, 6, 6, 6, 0, 6, 7, 6, 11, 14, 14, 14, 6]
[4, 4, 4, 0, 4, 8, 8, 4, 11, 11, 8]
[2, 6, 6, 6, 6, 0, 9, 9, 6, 9, 12, 9, 12, 13, 14, 6, 21, 21, 21, 21, 23, 23, 6, 23, 6]
[2, 30, 2, 5, 2, 2, 2, 11, 11, 9, 7, 13, 11, 15, 13, 15, 19, 19, 16, 19, 20, 23, 21, 23, 27, 27, 24, 29, 27, 0, 32, 30, 36, 35, 36, 32]
[2, 0, 2, 6, 6, 3, 8, 2, 8, 11, 2]
[4, 1, 2, 0, 8, 8, 8, 10, 10, 4, 10, 10]
[3, 3, 0, 3, 7, 7, 4, 7, 16, 11, 16, 11, 12, 16, 16, 7, 16, 19, 17]
[9, 1, 2, 5, 3, 9, 9, 9, 0, 15, 15, 11, 11, 15, 9, 15, 18, 15, 15, 21, 15, 21, 21, 21, 21, 25, 26, 9]
[6, 6, 6, 6, 6, 0]
[9, 9, 9, 9, 9, 5, 6, 6, 0, 9]
[4, 3, 4, 5, 0, 5, 8, 6, 13, 11, 13, 13, 8]
[2, 3, 6, 3, 3, 0, 6]
[7, 7, 7, 7, 6, 7, 14, 9, 7, 11, 9, 14, 14, 0]
[15, 5, 5, 5, 1, 8, 6, 5, 12, 11, 12, 5, 12, 13, 0, 19, 19, 19, 15, 21, 19, 21, 25, 25, 21, 21, 29, 29, 26]
[2, 7, 7, 7, 7, 7, 0, 7, 8, 13, 13, 13, 9, 13, 13, 15, 18, 16, 22, 22, 22, 7, 24, 22, 26, 24]
[0, 1, 5, 5, 2, 8, 8, 10, 10, 5, 10, 13, 11, 18, 18, 18, 18, 1, 20, 18]
[7, 1, 4, 2, 7, 7, 0, 9, 7, 9, 12, 10, 9, 15, 9, 15, 18, 16]
[2, 4, 4, 0, 7, 7, 4, 4, 13, 13, 13, 13, 8, 13, 14, 18, 18, 15]
[7, 1, 7, 7, 7, 7, 0, 7, 13, 13, 13, 13, 7, 15, 13, 13, 13, 19, 17, 13, 23, 23, 13, 25, 23, 31, 31, 31, 31, 31, 25]
[2, 0, 9, 7, 7, 7, 9, 9, 2, 9, 12, 9, 12, 13, 14, 22, 22, 22, 22, 19, 22, 9, 22, 22, 24]
[2, 0, 2, 5, 3, 5, 5, 7, 10, 2, 12, 10, 14, 12]
[2, 0, 4, 2, 4, 4, 8, 6]
[3, 3, 9, 3, 6, 3, 3, 9, 0, 12, 12, 9, 14, 12, 19, 19, 19, 19, 14, 21, 14, 24, 24, 21, 24]
[2, 3, 0, 5, 3, 5, 10, 10, 10, 5, 12, 10, 3, 3, 17, 17, 14, 14, 20, 18, 22, 20, 24, 20, 24, 25]
[3, 3, 0, 6, 6, 3, 6, 9, 7]
[6, 4, 4, 6, 6, 13, 6, 7, 7, 13, 12, 13, 0, 15, 13, 17, 13, 17, 18, 19, 20, 23, 21]
[2, 0, 5, 5, 2, 5, 9, 9, 6, 9, 13, 13, 9, 9, 14, 14, 18, 16, 18, 19]
[2, 0, 2, 5, 2, 5, 6, 7, 5, 13, 13, 13, 9, 5, 14, 17, 15, 17, 20, 18, 17, 23, 21, 15, 27, 27, 24, 27, 30, 28]
[8, 1, 1, 8, 8, 8, 8, 0, 8, 13, 13, 13, 8, 13, 16, 14]
[15, 1, 8, 6, 6, 8, 8, 2, 8, 9, 12, 10, 15, 15, 0, 15, 16, 21, 20, 21, 17, 21, 24, 22, 24, 27, 24, 27, 32, 32, 32, 28]
[0, 4, 4, 1]
[7, 3, 1, 6, 6, 3, 0, 10, 10, 7, 7, 7, 15, 15, 12, 15, 16, 17, 17, 21, 19]
[3, 3, 0, 3, 12, 12, 6, 9, 6, 12, 12, 3, 12, 13, 14, 14, 18, 16, 18, 18]
[7, 3, 1, 1, 4, 5, 0, 12, 12, 12, 12, 7]
[4, 4, 4, 10, 4, 5, 10, 10, 10, 0, 12, 10, 12, 15, 13, 15, 16, 20, 20, 17, 20, 24, 24, 21, 10]
[6, 3, 6, 3, 3, 0]
[4, 1, 1, 0, 7, 7, 4, 4, 10, 4]
[2, 0, 2, 2, 6, 8, 8, 4, 2, 12, 12, 2, 15, 15, 12, 12, 18, 16, 18, 18]
[2, 3, 0, 3, 9, 9, 8, 9, 3, 9, 10, 13, 3, 3, 18, 17, 18, 14]
