[18, 1, 1, 1, 1, 7, 5, 7, 8, 14, 14, 14, 14, 9, 1, 18, 18, 0, 18, 19, 23, 23, 20, 19, 24, 27, 25, 27, 27, 18]
[2, 15, 2, 5, 2, 2, 2, 9, 2, 15, 15, 15, 15, 15, 0, 15, 18, 16, 15]
[2, 4, 2, 6, 6, 0, 6, 6, 6, 12, 12, 13, 6, 6, 16, 14, 6]
[11, 3, 1, 11, 7, 7, 11, 11, 11, 11, 0, 11, 11, 11]
[3, 3, 5, 5, 0, 5, 6, 5, 5]
[7, 7, 7, 7, 7, 7, 0, 7, 7]
[6, 3, 6, 6, 6, 0, 6, 9, 6, 9, 13, 11, 10, 13, 16, 13, 13, 13, 20, 13, 6]
[0, 3, 1, 3, 4, 8, 8, 3, 10, 8, 1, 1, 16, 16, 16, 1, 16, 17, 1]
[12, 12, 2, 7, 6, 7, 3, 7, 8, 12, 12, 0, 14, 12, 14, 17, 15, 19, 17, 19, 12]
[2, 0, 2]
[0, 4, 4, 1, 1]
[2, 16, 6, 6, 6, 2, 6, 12, 12, 12, 12, 7, 16, 15, 16, 0, 16, 17, 16]
[2, 0, 4, 2, 6, 4, 6, 7, 10, 8, 8, 14, 14, 11, 14, 17, 15, 2]
[8, 8, 8, 3, 3, 5, 5, 0, 8, 9, 10, 10, 8]
[2, 5, 5, 5, 0, 5, 8, 6, 5, 19, 13, 13, 19, 13, 18, 18, 18, 13, 5, 19, 22, 20, 5]
[7, 3, 1, 7, 7, 7, 0, 10, 10, 7, 10, 14, 14, 11, 7, 7, 18, 20, 20, 7, 20, 21, 20, 20, 27, 27, 24, 27, 31, 31, 27, 27, 35, 35, 27, 35, 36, 7]
[9, 3, 1, 9, 6, 9, 9, 9, 0, 9, 12, 10, 12, 15, 13, 15, 15, 20, 20, 12, 20, 20, 20, 23, 24, 27, 25]
[0, 1, 4, 2, 6, 4, 8, 6, 8, 8, 10, 15, 15, 15, 11, 15, 18, 15, 22, 22, 22, 18, 1]
[13, 1, 7, 5, 7, 7, 2, 9, 7, 13, 13, 13, 0, 15, 13, 18, 18, 15, 18, 22, 22, 19, 13]
[0, 3, 1, 1, 4, 10, 10, 10, 10, 5, 10, 10, 10, 10, 10, 17, 10, 19, 17, 1]
[0, 1, 1, 5, 3, 5, 1]
[3, 3, 4, 0, 7, 7, 4, 4, 4, 12, 12, 14, 14, 4, 14, 14, 4]
[2, 8, 2, 8, 8, 7, 8, 0, 8]
[8, 1, 5, 5, 2, 8, 8, 0, 17, 12, 12, 17, 12, 15, 12, 12, 8, 22, 22, 19, 19, 17, 22, 23, 8]
[3, 3, 5, 5, 0, 5, 8, 5, 13, 13, 12, 13, 8, 5]
[3, 3, 0, 3, 7, 7, 4, 7, 15, 15, 15, 13, 11, 15, 7, 18, 18, 15, 3]
[2, 0, 2, 5, 2, 2]
[2, 0, 2, 5, 3, 11, 8, 11, 11, 11, 2, 11, 2]
[5, 5, 4, 5, 14, 8, 8, 5, 14, 14, 14, 14, 14, 0, 14, 14, 14, 19, 17, 14]
[3, 3, 17, 3, 3, 7, 3, 7, 10, 8, 8, 8, 8, 15, 13, 8, 0, 17, 20, 18, 17]
[6, 3, 6, 6, 6, 0, 8, 6, 8, 9, 12, 10, 6]
[2, 4, 4, 0, 7, 7, 4, 4, 4, 20, 12, 10, 10, 13, 14, 18, 18, 15, 20, 4, 4]
[9, 9, 2, 2, 6, 2, 2, 9, 0, 9]
[2, 0, 7, 7, 4, 4, 2, 7, 13, 13, 13, 13, 7, 7, 16, 7, 7, 19, 7, 7, 23, 23, 7, 7, 7, 27, 7, 29, 27, 29, 32, 29, 34, 32, 34, 38, 38, 35, 41, 41, 34, 41, 41, 2]
[3, 3, 14, 3, 8, 5, 5, 4, 14, 11, 14, 14, 14, 0, 16, 14, 16, 17, 18, 21, 18, 16, 24, 14, 28, 28, 28, 24, 28, 31, 29, 14]
[0, 1, 4, 1, 1]
[7, 3, 7, 3, 6, 3, 0, 12, 12, 9, 9, 7, 15, 15, 12, 15, 16, 20, 20, 17, 20, 24, 24, 21, 7]
[21, 4, 4, 1, 4, 7, 5, 4, 11, 11, 4, 11, 14, 12, 21, 17, 21, 21, 21, 21, 0, 23, 21, 21]
[5, 5, 5, 5, 0, 9, 9, 9, 5, 9, 10, 5]
[0, 1, 2, 3, 6, 4, 6, 9, 6, 1, 1, 1, 14, 12, 14, 1]
[2, 9, 2, 3, 4, 8, 8, 4, 0, 9, 14, 14, 14, 10, 9, 9, 18, 9, 20, 18, 9]
[2, 0, 2, 5, 2, 2]
[2, 7, 2, 2, 6, 7, 0, 7, 7, 7, 7, 7, 14, 15, 12, 20, 20, 20, 20, 26, 20, 24, 24, 20, 26, 15, 7]
[2, 4, 2, 6, 6, 0, 6, 6, 6, 11, 6, 6]
[25, 1, 4, 2, 4, 4, 4, 9, 4, 1, 1, 13, 11, 13, 14, 15, 18, 15, 25, 25, 20, 25, 25, 25, 0, 25, 26, 25, 28, 29, 32, 30, 32, 35, 33, 25]
[2, 8, 5, 5, 2, 8, 8, 0, 11, 11, 8, 11, 17, 17, 14, 14, 12, 8]
[2, 3, 0, 6, 6, 3, 6, 10, 10, 7, 3]
[7, 4, 4, 7, 7, 7, 11, 11, 10, 11, 0, 11, 14, 11, 11]
[4, 4, 4, 0, 4, 8, 8, 5, 8, 12, 12, 9, 15, 15, 12, 15, 19, 19, 16, 19, 20, 21, 4]
[3, 3, 7, 7, 7, 7, 0, 7, 10, 8, 13, 13, 10, 13, 7, 7, 20, 17, 20, 21, 7, 21, 26, 26, 26, 22, 7]
[2, 12, 2, 3, 12, 7, 10, 7, 10, 12, 12, 0, 14, 12, 17, 17, 14, 12]
[2, 3, 0, 3, 4, 3]
[2, 0, 5, 5, 2, 9, 9, 9, 5, 9, 10, 11, 14, 12, 2]
[5, 1, 5, 5, 0, 5, 11, 11, 11, 11, 6, 5, 5, 15, 13, 13, 5, 5, 21, 21, 18, 5]
[3, 3, 9, 3, 6, 3, 3, 7, 0, 12, 12, 9, 12, 18, 18, 15, 15, 13, 18, 22, 22, 19, 24, 22, 27, 27, 24, 24, 30, 28, 9]
[4, 4, 4, 0, 4, 7, 5, 4, 4, 12, 12, 4, 14, 12, 20, 18, 16, 20, 20, 14, 22, 20, 24, 22, 4]
[3, 3, 0, 3, 9, 9, 9, 9, 3, 11, 14, 14, 14, 9, 14, 15, 15, 15, 3]
[6, 6, 6, 6, 6, 12, 12, 9, 12, 12, 12, 0, 14, 12, 12]
[16, 16, 4, 2, 7, 7, 4, 7, 8, 16, 12, 15, 12, 15, 16, 0, 18, 19, 16, 19, 20, 21, 21, 23, 23, 23, 29, 29, 26, 29, 33, 33, 30, 36, 36, 29, 44, 39, 44, 44, 42, 44, 44, 36, 46, 44, 16]
[2, 0, 2, 5, 3, 2, 8, 2, 2]
[4, 4, 4, 0, 6, 4, 6, 10, 10, 7, 12, 10, 15, 15, 12, 17, 15, 4]
[4, 3, 4, 0, 4, 4, 9, 9, 6, 4]
[3, 3, 0, 5, 3, 7, 3, 3, 15, 15, 15, 15, 15, 15, 3, 15, 18, 15, 18, 18, 22, 23, 20, 18, 18, 25, 25, 3]
[9, 1, 2, 3, 9, 9, 9, 9, 0, 13, 10, 13, 9, 13, 16, 13, 13, 13, 13, 19, 19, 9, 9, 25, 27, 27, 9, 27, 28, 29, 9]
[5, 5, 5, 5, 0, 5, 5, 10, 10, 7, 10, 11, 10, 10, 14, 15, 18, 16, 18, 16, 16, 21, 21, 21, 26, 21, 5]
[7, 7, 7, 7, 7, 7, 0, 7, 8, 11, 15, 11, 15, 15, 9, 15, 20, 20, 20, 15, 7]
[4, 4, 4, 20, 4, 5, 6, 12, 10, 12, 12, 7, 12, 4, 4, 17, 18, 4, 20, 0, 20, 20]
[7, 7, 7, 7, 7, 7, 0, 7, 11, 11, 8, 7]
[2, 3, 0, 6, 6, 3, 6, 11, 11, 11, 7, 13, 11, 13, 16, 14, 16, 20, 20, 17, 3]
[2, 5, 5, 5, 0, 5, 8, 5, 5, 11, 5, 16, 14, 16, 16, 5, 5]
[3, 3, 0, 5, 3, 8, 8, 5, 8, 12, 12, 9, 16, 15, 16, 12, 12, 12, 20, 12, 22, 20, 22, 22, 22, 25, 3]
[8, 8, 2, 2, 2, 2, 2, 0, 8]
[4, 1, 1, 0, 6, 4, 4, 9, 7, 4, 4, 13, 4, 16, 16, 13, 18, 16, 22, 21, 22, 26, 22, 25, 23, 18, 28, 26, 4]
[3, 1, 0, 12, 4, 12, 12, 12, 12, 12, 12, 3, 3]
[2, 0, 2, 5, 3, 5, 8, 5, 5, 12, 12, 5, 2]
[9, 1, 1, 9, 7, 7, 9, 9, 0, 9, 14, 14, 14, 10, 14, 15, 9]
[4, 4, 4, 0, 4, 5, 6, 7, 10, 7, 10, 7, 4]
[2, 0, 2, 6, 6, 3, 2]
[3, 3, 13, 3, 6, 4, 6, 9, 6, 6, 12, 6, 0, 15, 17, 17, 13, 17, 13]
[3, 3, 0, 3, 6, 4, 6, 10, 10, 7]
[2, 4, 2, 0, 7, 7, 4, 4, 4, 13, 10, 10, 9, 4, 4, 18, 18, 15, 20, 15, 23, 23, 20, 27, 27, 27, 23, 29, 27, 4]
[2, 0, 2, 3, 6, 4, 14, 11, 11, 11, 14, 14, 14, 3, 2, 2, 22, 22, 22, 22, 22, 2, 26, 26, 26, 22, 2]
[11, 1, 2, 3, 8, 8, 8, 4, 11, 11, 0, 13, 11, 13, 14, 15, 19, 19, 16, 11]
[0, 4, 4, 1, 6, 4, 6, 6, 10, 6, 6, 14, 14, 11, 1]
[3, 3, 0, 3, 7, 7, 4, 7, 10, 8, 12, 16, 12, 15, 12, 10, 3]
[3, 3, 22, 3, 4, 5, 5, 5, 11, 11, 5, 11, 14, 12, 17, 17, 14, 17, 22, 22, 22, 0, 25, 25, 26, 22, 26, 29, 27, 22]
[4, 4, 4, 26, 4, 4, 6, 11, 11, 11, 7, 11, 14, 12, 11, 18, 18, 11, 18, 21, 19, 4, 26, 26, 26, 0, 26, 29, 27, 31, 29, 37, 37, 37, 37, 37, 31, 37, 41, 41, 37, 41, 37, 26, 26]
[3, 3, 0, 5, 3, 7, 8, 3, 3]
[4, 4, 4, 0, 6, 4, 6, 9, 6, 14, 14, 14, 14, 9, 4]
[3, 3, 0, 3, 6, 4, 3, 3, 11, 11, 3, 3]
[3, 3, 0, 3, 7, 7, 4, 9, 7, 9, 12, 10, 14, 12, 18, 15, 15, 14, 3, 3, 25, 25, 25, 25, 3, 27, 25, 27, 3]
[5, 5, 5, 5, 0, 5, 8, 6, 8, 8, 10, 10, 5]
[2, 3, 0, 6, 6, 3, 3, 11, 11, 11, 7, 3, 3, 13, 16, 13, 3]
[2, 3, 0, 3, 6, 4, 10, 10, 10, 6, 10, 10, 12, 16, 16, 13, 10, 10, 10, 22, 22, 10, 22, 22, 24, 25, 3]
[2, 15, 12, 12, 12, 12, 6, 6, 6, 11, 6, 15, 15, 15, 0, 17, 18, 15, 15, 15, 25, 23, 25, 25, 20, 25, 25, 29, 25, 25, 33, 33, 30, 15]
[2, 0, 2, 3, 4, 5, 8, 2, 8, 11, 13, 11, 9, 13, 14, 15, 15, 13, 21, 21, 13, 24, 24, 21, 24, 24, 26, 2]
[2, 5, 2, 3, 0, 5, 6, 11, 8, 11, 7, 5, 5, 15, 13, 13, 16, 17, 20, 18, 20, 21, 22, 25, 28, 25, 28, 23, 5]
[2, 5, 5, 5, 0, 7, 5, 5, 5, 5, 12, 5, 15, 15, 12, 15, 15, 12, 20, 18, 5]
[2, 3, 0, 6, 6, 3, 3, 9, 11, 11, 3, 3, 14, 3, 14, 15, 3]
[2, 6, 6, 6, 6, 0, 6, 9, 7, 6, 6, 17, 17, 17, 17, 17, 6, 20, 20, 17, 22, 17, 24, 22, 30, 30, 30, 29, 30, 24, 30, 33, 31, 6]
[2, 4, 4, 0, 4, 5, 4, 4, 10, 4, 4]
[3, 3, 0, 10, 6, 10, 6, 6, 10, 3, 3]
[2, 3, 0, 6, 6, 3, 3, 7, 10, 8, 10, 11, 3]
[2, 0, 4, 2, 7, 7, 4, 4, 11, 11, 8, 2]
[12, 1, 4, 2, 4, 8, 6, 5, 12, 12, 12, 0, 12, 15, 13, 15, 18, 15, 15, 15, 22, 15, 24, 15, 24, 27, 30, 27, 30, 25, 24, 33, 31, 33, 12]
[0, 4, 4, 1, 4, 4, 4, 4, 4, 13, 13, 13, 4, 4, 16, 4, 20, 20, 20, 16, 20, 25, 25, 25, 21, 1]
[5, 5, 5, 5, 0, 8, 8, 5, 10, 8, 5]
[4, 4, 4, 0, 4, 7, 5, 7, 11, 11, 8, 13, 11, 13, 16, 14, 13, 17, 13, 13, 22, 20, 24, 20, 26, 24, 28, 24, 4]
[4, 4, 4, 0, 6, 4, 11, 11, 11, 11, 6, 11, 14, 12, 17, 17, 11, 19, 17, 4]
[3, 3, 39, 5, 3, 5, 8, 6, 8, 12, 12, 8, 14, 12, 14, 14, 14, 19, 14, 14, 8, 23, 8, 23, 29, 29, 29, 29, 23, 29, 32, 30, 32, 35, 33, 39, 39, 39, 0, 41, 39, 43, 39, 39]
[0, 1, 1, 1, 6, 8, 8, 1, 8, 12, 12, 9, 14, 12, 1, 18, 18, 1, 18, 21, 18, 21, 25, 25, 22, 25, 25, 31, 31, 31, 21, 33, 31, 37, 37, 37, 33, 40, 40, 37, 1]
[11, 3, 1, 11, 6, 11, 11, 11, 11, 11, 0, 14, 14, 11, 21, 21, 21, 21, 20, 21, 11, 21, 26, 26, 26, 22, 26, 29, 26, 31, 36, 36, 36, 33, 33, 29, 11]
[10, 1, 5, 5, 2, 10, 8, 10, 10, 0, 10, 10, 16, 13, 13, 21, 16, 16, 20, 16, 10, 25, 25, 25, 26, 21, 26, 10]
[3, 3, 0, 8, 8, 8, 8, 3, 8, 9, 3, 13, 11, 13, 14, 3]
[3, 3, 4, 0, 7, 7, 4, 7, 12, 11, 12, 8, 12, 16, 16, 13, 4]
[4, 4, 4, 9, 9, 9, 9, 9, 0, 9, 9, 13, 14, 9, 14, 17, 15, 9]
[2, 0, 2, 5, 3, 2, 9, 9, 2, 9, 10, 11, 11, 2]
[2, 0, 2, 3, 6, 4, 2, 7, 7, 7, 13, 13, 7, 13, 7, 2]
[5, 3, 5, 5, 11, 5, 8, 5, 11, 11, 0, 15, 12, 15, 11, 11, 18, 16, 18, 21, 19, 11]
[2, 6, 2, 5, 3, 0, 6, 10, 10, 6, 12, 10, 14, 12, 12, 12, 12, 24, 21, 21, 18, 24, 24, 12, 24, 25, 29, 29, 26, 6]
[10, 10, 10, 10, 10, 10, 6, 6, 10, 0, 12, 10, 12, 12, 14, 18, 18, 15, 18, 10]
[0, 1, 1, 3, 4, 7, 5, 1, 18, 18, 18, 13, 14, 18, 14, 17, 15, 1, 18, 19, 22, 20, 1]
[3, 3, 0, 5, 3, 8, 8, 5, 8, 11, 9, 11, 11, 15, 8, 15, 15, 22, 22, 22, 22, 17, 22, 25, 23, 3]
[22, 3, 7, 3, 7, 7, 1, 9, 7, 9, 10, 11, 9, 15, 13, 22, 19, 19, 22, 22, 22, 0, 22, 22, 22, 29, 29, 29, 25, 22]
[5, 5, 5, 5, 0, 5, 5, 9, 5, 9, 10, 13, 11, 19, 19, 19, 19, 19, 13, 19, 5]
[3, 3, 4, 0, 4, 4, 8, 6, 4, 4, 12, 13, 4, 13, 16, 13, 4]
[2, 11, 2, 5, 7, 5, 3, 7, 10, 8, 0, 11, 14, 12, 11]
[3, 3, 0, 3, 6, 4, 6, 6, 3, 14, 14, 14, 14, 9, 14, 17, 15, 3]
[2, 3, 0, 3, 4, 5, 8, 6, 8, 11, 9, 3]
[2, 7, 2, 5, 3, 7, 0, 7, 10, 8, 10, 13, 18, 13, 13, 18, 18, 10, 18, 22, 22, 19, 7]
[3, 3, 0, 3, 6, 4, 8, 6, 3]
[0, 1, 1, 1, 1, 5, 6, 11, 11, 11, 7, 15, 15, 15, 11, 1]
[3, 3, 13, 5, 11, 11, 11, 11, 11, 11, 3, 13, 0, 17, 17, 17, 13, 21, 20, 21, 17, 13]
[11, 6, 6, 6, 6, 1, 11, 9, 11, 9, 0, 11, 15, 15, 12, 15, 23, 17, 20, 23, 23, 23, 16, 11]
[2, 0, 4, 2, 4, 7, 5, 10, 10, 4, 10, 14, 14, 10, 10, 23, 23, 22, 22, 22, 22, 17, 4, 31, 26, 31, 26, 30, 30, 26, 23, 31, 32, 39, 34, 38, 38, 39, 33, 39, 40, 39, 44, 42, 2]
[2, 5, 5, 5, 0, 5, 8, 6, 5, 15, 15, 15, 14, 15, 5, 15, 18, 16, 18, 19, 5]
[3, 3, 0, 3, 6, 4, 3, 3, 11, 11, 8, 11, 11, 11, 11, 17, 15, 11, 11, 11, 3]
[2, 0, 4, 2, 4, 8, 8, 5, 10, 4, 10, 2]
[5, 5, 5, 5, 0, 5, 8, 6, 10, 5, 10, 10, 10, 15, 13, 15, 16, 20, 20, 10, 23, 23, 20, 23, 27, 27, 24, 5]
[4, 4, 4, 0, 4, 4, 4, 7, 4, 11, 4, 4, 14, 4, 14, 17, 15, 14, 20, 4, 20, 25, 25, 25, 21, 4]
[17, 1, 6, 6, 6, 2, 8, 6, 17, 11, 17, 17, 17, 15, 17, 17, 0, 17, 20, 24, 20, 24, 24, 18, 24, 28, 28, 25, 17, 17, 17, 35, 35, 35, 17, 35, 17]
[4, 4, 4, 24, 4, 4, 11, 9, 11, 11, 6, 11, 17, 13, 16, 17, 11, 17, 20, 18, 24, 24, 24, 0, 24, 24, 30, 30, 30, 26, 24]
[5, 5, 5, 5, 0, 5, 11, 11, 11, 11, 6, 11, 11, 16, 16, 13, 16, 17, 18, 18, 18, 18, 18, 18, 5]
[3, 3, 0, 17, 9, 9, 9, 9, 17, 9, 13, 13, 10, 17, 17, 17, 3, 3, 3, 21, 3, 3]
[3, 3, 0, 3, 8, 8, 8, 4, 8, 8, 10, 13, 11, 18, 17, 17, 18, 13, 18, 3]
[0, 1, 2, 2, 1, 7, 5, 7, 8, 7, 12, 7, 14, 7, 23, 18, 18, 23, 18, 19, 23, 23, 14, 23, 27, 27, 24, 27, 31, 31, 27, 31, 34, 32, 1]
[4, 3, 4, 0, 4, 8, 6, 5, 4]
[6, 6, 6, 5, 6, 0, 6, 9, 11, 9, 7, 11, 14, 12, 14, 17, 15, 6]
[2, 24, 4, 2, 4, 8, 8, 5, 8, 12, 12, 8, 24, 16, 14, 24, 24, 24, 18, 22, 22, 19, 24, 0, 27, 27, 24, 27, 28, 29, 33, 33, 30, 24]
[5, 3, 5, 5, 0, 5, 8, 5, 8, 11, 9, 5]
[3, 3, 4, 0, 4, 5, 8, 6, 4, 13, 12, 13, 4, 13, 17, 17, 14, 4]
[6, 6, 4, 6, 6, 0, 6, 9, 6, 9, 12, 10, 14, 22, 14, 17, 15, 17, 20, 17, 22, 12, 22, 27, 27, 27, 23, 6]
[2, 9, 2, 5, 3, 9, 9, 9, 0, 9, 12, 9, 9]
[0, 1, 2, 5, 3, 8, 8, 5, 8, 11, 9, 11, 12, 9, 16, 14, 1]
[7, 1, 1, 7, 6, 7, 0, 10, 10, 7, 14, 14, 14, 10, 14, 14, 18, 16, 20, 14, 23, 23, 20, 25, 23, 25, 7]
[5, 3, 5, 5, 0, 5]
[4, 4, 4, 0, 6, 4, 8, 6, 4, 4, 13, 13, 4, 13, 13, 17, 13, 20, 20, 17, 20, 21, 4]
[3, 3, 0, 3, 7, 7, 4, 3]
[2, 0, 2, 3, 4, 5, 5, 4, 4, 11, 9, 11, 11, 4, 2, 2, 16, 23, 21, 21, 23, 23, 16, 25, 23, 2]
[5, 5, 5, 5, 0, 7, 5, 5, 11, 11, 8, 5, 14, 5, 14, 14, 18, 16, 14, 14, 22, 20, 5]
[2, 5, 5, 5, 0, 5, 5, 9, 5, 9, 9, 9, 12, 9, 9, 18, 18, 15, 15, 19, 20, 5]
[3, 1, 12, 3, 6, 3, 12, 9, 12, 9, 9, 0, 15, 15, 12, 15, 22, 19, 22, 22, 22, 16, 12]
[3, 3, 0, 5, 3, 3, 3, 9, 10, 3, 12, 10, 17, 17, 17, 17, 12, 3]
[4, 4, 2, 14, 4, 8, 8, 5, 5, 5, 10, 4, 14, 0, 14, 19, 16, 16, 15, 14]
[12, 4, 4, 1, 4, 12, 12, 7, 10, 8, 12, 0, 12, 15, 13, 12]
[2, 0, 2, 2, 2, 2, 2]
[4, 4, 4, 0, 4, 4, 4, 7, 10, 8, 7, 14, 14, 11, 4]
[4, 3, 4, 13, 6, 7, 4, 10, 10, 7, 13, 13, 0, 18, 16, 18, 18, 13, 18, 19, 20, 21, 22, 23, 23, 23, 23, 23, 30, 28, 13]
[6, 6, 4, 6, 6, 0, 6, 10, 10, 6, 13, 13, 10, 13, 16, 14, 6]
[2, 6, 6, 6, 6, 0, 6, 6, 10, 6, 12, 10, 18, 16, 14, 18, 18, 12, 20, 18, 23, 23, 20, 26, 26, 23, 26, 27, 6]
[2, 0, 6, 5, 6, 2, 6, 7, 2]
[2, 0, 4, 10, 10, 8, 8, 10, 10, 2, 10, 11, 15, 15, 10, 15, 18, 16, 2]
[17, 3, 1, 17, 9, 9, 9, 9, 17, 9, 15, 14, 14, 15, 9, 17, 0, 17, 17, 17]
[2, 0, 2, 5, 3, 2]
[4, 4, 4, 0, 4, 7, 8, 4, 4, 11, 9, 4, 4, 23, 23, 23, 23, 23, 23, 23, 23, 23, 4, 28, 26, 28, 28, 23, 30, 28, 28, 33, 31, 4]
[2, 3, 0, 3, 3]
[3, 1, 6, 3, 4, 0, 9, 9, 6, 12, 12, 9, 6]
[0, 6, 6, 6, 6, 1, 6, 6, 1]
[4, 4, 4, 0, 7, 7, 4, 9, 7, 9, 9, 9, 12, 7, 16, 14, 22, 19, 22, 22, 22, 16, 4]
[5, 5, 5, 5, 0, 5, 9, 9, 6, 11, 5, 13, 11, 13, 13, 13, 19, 19, 16, 19, 20, 21, 21, 5]
[5, 3, 5, 5, 0, 7, 5, 7, 7, 9, 12, 7, 12]
[2, 0, 2, 2, 7, 7, 4, 9, 7, 2]
[2, 4, 4, 8, 8, 8, 8, 0, 10, 8, 12, 10, 8, 8, 23, 18, 18, 23, 18, 19, 23, 23, 8, 23, 26, 24, 8]
[2, 0, 4, 6, 4, 2, 2, 2, 10, 8, 8, 13, 15, 13, 11, 15, 15, 15, 15, 2]
[2, 4, 4, 0, 4, 7, 5, 7, 10, 8, 10, 4, 14, 4, 21, 17, 21, 21, 21, 21, 14, 21, 21, 28, 28, 25, 25, 21, 28, 31, 29, 4]
[5, 5, 5, 5, 0, 5, 9, 9, 6, 11, 9, 13, 11, 13, 13, 13, 13, 13, 20, 18, 5]
[3, 3, 0, 3, 6, 4, 6, 7, 6, 6, 10, 11, 3, 3, 30, 17, 15, 17, 18, 24, 24, 24, 24, 17, 24, 30, 30, 30, 30, 3, 30, 33, 30, 3]
[3, 3, 4, 0, 7, 7, 4, 7, 7, 7, 13, 13, 10, 13, 13, 17, 13, 17, 21, 21, 13, 21, 24, 22, 24, 25, 4]
[3, 3, 15, 3, 6, 4, 6, 15, 15, 11, 15, 11, 14, 11, 0, 15, 15, 20, 20, 15, 20, 23, 21, 31, 26, 31, 31, 31, 31, 31, 20, 31, 35, 35, 31, 35, 36, 40, 40, 31, 15]
[6, 6, 4, 6, 6, 12, 6, 6, 8, 12, 12, 0, 12, 13, 14, 15, 12]
[2, 9, 4, 2, 6, 8, 8, 4, 0, 11, 9, 9]
[7, 7, 7, 7, 7, 7, 0, 7, 8, 11, 9, 7, 7, 15, 7, 15, 7]
[6, 6, 6, 6, 6, 0, 6, 9, 7, 9, 12, 9, 6]
[6, 6, 2, 5, 2, 0, 6, 9, 7, 6, 12, 6, 14, 12, 14, 15, 16, 20, 20, 17, 15, 24, 24, 21, 24, 27, 25, 14, 14, 31, 14, 33, 31, 33, 34, 37, 35, 6]
[3, 3, 0, 3, 3, 3, 3, 3, 3, 11, 3, 3]
[7, 3, 7, 3, 6, 3, 0, 9, 7, 15, 10, 15, 12, 12, 19, 15, 16, 19, 9, 7]
[2, 15, 2, 7, 7, 7, 3, 7, 8, 9, 9, 15, 14, 15, 0, 15, 20, 20, 20, 16, 20, 24, 24, 21, 15, 33, 28, 33, 28, 29, 30, 33, 15, 33, 15]
[4, 4, 4, 0, 4, 5, 8, 6, 4, 4, 12, 13, 10, 4, 4, 17, 20, 20, 20, 4, 20, 23, 21, 23, 27, 27, 24, 4]
[2, 0, 9, 9, 4, 4, 9, 9, 2, 2]
[3, 3, 11, 11, 11, 5, 6, 11, 11, 11, 0, 15, 15, 15, 11, 11]
[5, 5, 5, 5, 25, 5, 8, 6, 8, 11, 8, 11, 15, 15, 12, 15, 18, 15, 11, 21, 19, 25, 24, 25, 0, 25, 28, 26, 31, 31, 28, 31, 25]
[5, 5, 4, 2, 0, 5, 8, 6, 8, 8, 12, 8, 12, 13, 17, 17, 14, 17, 20, 17, 23, 23, 20, 25, 23, 23, 29, 29, 26, 5]
[3, 3, 0, 3, 7, 7, 3, 7, 13, 13, 10, 10, 8, 13, 14, 15, 15, 15, 20, 15, 15, 23, 15, 3]
[5, 5, 5, 5, 0, 5, 6, 9, 6, 11, 9, 14, 14, 11, 6, 6, 6, 17, 20, 5, 25, 25, 25, 25, 20, 5]
[8, 5, 5, 5, 1, 8, 8, 0, 8, 9, 8]
[2, 0, 2, 2]
[9, 1, 4, 2, 9, 9, 9, 9, 0, 9, 10, 13, 9, 13, 13, 13, 19, 19, 16, 9, 9, 25, 25, 25, 9, 9]
[0, 1, 4, 1, 1]
[2, 0, 2, 3, 6, 3, 6, 7, 12, 12, 12, 8, 8, 8, 14, 14, 19, 19, 16, 2]
[6, 6, 6, 6, 6, 18, 6, 6, 10, 6, 6, 13, 18, 13, 17, 17, 14, 0, 18, 19, 18, 18]
[7, 1, 5, 5, 2, 7, 0, 7, 7, 11, 14, 11, 14, 9, 14, 18, 18, 15, 7]
[2, 0, 5, 3, 2, 2, 8, 6, 2]
[3, 3, 0, 3, 3, 3, 3, 10, 10, 7, 3, 11, 17, 17, 17, 17, 12, 20, 20, 17, 3]
[3, 3, 0, 3, 3, 9, 9, 9, 5, 14, 14, 14, 14, 9, 14, 18, 18, 15, 14, 19, 3]
[6, 6, 6, 6, 6, 21, 6, 6, 10, 8, 10, 13, 16, 13, 16, 11, 16, 19, 16, 6, 0, 23, 21, 21]
[2, 0, 4, 2, 4, 5, 6, 6, 4, 11, 9, 2, 2, 15, 2, 17, 15, 17, 21, 21, 18, 15, 15, 35, 24, 27, 35, 27, 32, 31, 32, 28, 35, 35, 23, 2]
[2, 5, 2, 2, 0, 7, 5, 5]
[3, 3, 0, 3, 6, 4, 3, 3, 10, 3, 3]
[0, 3, 1, 3, 7, 7, 4, 13, 10, 13, 13, 13, 3, 15, 13, 15, 1, 1, 1, 19, 19, 23, 21, 26, 26, 23, 26, 27, 1]
[2, 8, 2, 2, 8, 8, 8, 22, 8, 8, 10, 13, 19, 13, 16, 13, 16, 19, 11, 8, 22, 0, 22, 23, 22, 22, 28, 22, 28, 28, 28, 28, 22]
[0, 1, 1, 5, 3, 5, 6, 1, 11, 11, 1, 13, 11, 13, 16, 18, 18, 14, 18, 21, 19, 11, 11, 11, 24, 24, 26, 29, 30, 26, 32, 30, 34, 30, 1]
[3, 3, 0, 3, 6, 3, 8, 6, 10, 8, 10]
[2, 17, 2, 5, 2, 2, 8, 2, 8, 11, 9, 13, 11, 17, 16, 17, 0, 17, 20, 18, 23, 23, 17, 17]
[4, 4, 4, 13, 4, 13, 13, 13, 11, 11, 8, 11, 0, 13, 14, 17, 15, 13, 13, 21, 19, 23, 21, 23, 23, 25, 28, 32, 28, 32, 32, 26, 13]
[4, 4, 4, 19, 4, 4, 14, 14, 12, 11, 12, 14, 14, 4, 4, 19, 19, 19, 0, 21, 19, 26, 26, 26, 26, 21, 28, 26, 26, 32, 32, 29, 19]
[4, 4, 4, 0, 6, 4, 6, 11, 11, 11, 7, 4]
[0, 3, 1, 3, 3, 1]
[8, 1, 1, 1, 1, 7, 1, 0, 8]
[4, 1, 4, 7, 7, 7, 0, 7, 7, 11, 13, 13, 7, 7, 26, 19, 19, 19, 26, 22, 22, 19, 22, 23, 24, 7, 29, 29, 26, 32, 32, 29, 32, 35, 32, 7]
[7, 7, 4, 7, 7, 7, 0, 7, 10, 8, 12, 10, 12, 15, 13, 12, 16, 20, 20, 17, 22, 20, 7]
[17, 1, 1, 1, 6, 1, 17, 9, 17, 17, 17, 17, 17, 17, 16, 17, 0, 17, 18, 17, 22, 26, 22, 26, 26, 20, 17]
[7, 1, 1, 1, 1, 1, 0, 7, 8, 9, 17, 13, 17, 13, 13, 17, 10, 17, 20, 18, 7]
[5, 5, 2, 3, 14, 5, 8, 6, 8, 11, 9, 14, 14, 0, 14, 18, 18, 15, 20, 14, 25, 25, 25, 25, 20, 14]
[6, 3, 6, 3, 3, 0, 6]
[2, 10, 2, 5, 2, 5, 8, 6, 2, 0, 13, 13, 10, 13, 14, 10, 10, 17, 10]
[6, 6, 6, 5, 6, 0, 6, 6, 11, 11, 20, 13, 11, 13, 14, 15, 20, 20, 20, 6, 22, 23, 20, 6]
[6, 6, 6, 6, 4, 0, 6]
[2, 3, 0, 3, 4, 5, 5, 11, 11, 11, 3, 13, 11, 15, 13, 15, 15, 15, 21, 21, 18, 23, 21, 3]
[7, 3, 7, 7, 7, 7, 17, 17, 10, 17, 10, 13, 10, 10, 16, 14, 0, 21, 20, 21, 22, 17, 25, 25, 22, 17]
[3, 3, 0, 13, 7, 7, 13, 7, 11, 11, 7, 7, 3, 13, 16, 14, 16, 16, 16, 19, 3]
[2, 12, 2, 5, 2, 2, 10, 10, 10, 12, 10, 0, 12, 12, 16, 14, 16, 19, 17, 12]
[3, 3, 0, 3, 6, 4, 8, 6, 6, 6, 6, 11, 14, 11, 14, 17, 15, 3]
[2, 6, 2, 5, 2, 0, 6, 7, 8, 11, 8, 6]
[8, 8, 8, 5, 8, 8, 8, 0, 10, 8, 14, 14, 14, 16, 14, 10, 16, 20, 20, 17, 20, 23, 21, 8]
[12, 4, 4, 1, 12, 9, 9, 9, 12, 12, 12, 0, 14, 12, 14, 17, 15, 12, 12, 21, 32, 21, 22, 23, 24, 23, 23, 29, 27, 32, 32, 12, 12]
[0, 1, 4, 2, 4, 9, 9, 9, 5, 11, 1, 11, 16, 16, 16, 11, 16, 17, 11, 11]
[13, 3, 13, 3, 6, 4, 13, 13, 13, 13, 10, 10, 0, 13]
[2, 5, 5, 5, 0, 8, 8, 5, 10, 8, 8, 8, 15, 15, 12, 15, 18, 16, 18, 28, 28, 21, 28, 28, 24, 27, 24, 19, 5]
[6, 6, 2, 5, 2, 0, 6]
[0, 1, 6, 5, 6, 2, 8, 6, 8, 13, 13, 13, 9, 8, 14, 1]
[2, 15, 2, 6, 6, 3, 9, 9, 6, 11, 9, 11, 12, 15, 0, 15, 18, 15, 24, 22, 22, 19, 22, 18, 24, 25, 15]
[18, 5, 5, 5, 1, 5, 8, 11, 8, 11, 6, 11, 14, 12, 18, 18, 18, 0, 18]
[16, 1, 1, 3, 4, 5, 6, 16, 16, 9, 10, 16, 14, 16, 14, 0, 16, 19, 16, 19, 22, 20, 16]
[0, 1, 8, 6, 6, 8, 8, 2, 10, 8, 1]
[2, 7, 4, 6, 6, 2, 0, 10, 10, 7, 10, 15, 15, 15, 11, 18, 18, 15, 18, 7]
[4, 4, 4, 0, 6, 4, 4]
[4, 4, 4, 20, 14, 7, 14, 7, 11, 11, 7, 14, 14, 4, 20, 20, 20, 20, 20, 0, 20, 24, 24, 21, 20]
[3, 3, 0, 3, 7, 7, 4, 7, 11, 11, 8, 13, 7, 13, 16, 13, 3, 3, 3]
[3, 3, 7, 3, 6, 3, 0, 9, 7, 7, 13, 13, 10, 13, 16, 14, 7]
[2, 26, 2, 6, 4, 3, 8, 2, 8, 2, 2, 15, 14, 15, 2, 15, 15, 17, 17, 22, 22, 24, 22, 19, 2, 0, 30, 30, 30, 26, 26]
[2, 4, 4, 0, 6, 4, 6, 9, 7, 9, 15, 15, 15, 15, 9, 15, 15, 15, 15, 22, 22, 15, 22, 25, 26, 23, 28, 26, 28, 29, 26, 31, 4]
[4, 4, 4, 0, 7, 7, 4, 9, 4, 11, 22, 11, 14, 11, 14, 15, 14, 20, 20, 17, 11, 9, 24, 22, 24, 25, 28, 26, 24, 31, 29, 34, 34, 35, 31, 35, 38, 35, 35, 35, 42, 40, 42, 45, 43, 4]
[17, 1, 1, 17, 6, 17, 6, 9, 7, 9, 13, 13, 10, 17, 17, 17, 0, 17, 17, 17]
[5, 5, 5, 5, 0, 5, 6, 7, 11, 11, 7, 5, 5, 13, 16, 14, 5]
[0, 3, 1, 3, 7, 7, 4, 1, 1, 12, 12, 9, 12, 17, 17, 17, 13, 1]
[4, 4, 4, 0, 6, 4, 4, 10, 10, 7, 10, 15, 15, 15, 11, 15, 16, 16, 21, 21, 18, 4]
[3, 3, 13, 3, 4, 9, 9, 9, 5, 13, 13, 13, 0, 15, 13, 13, 16, 13]
[6, 6, 6, 5, 6, 0, 6, 11, 10, 11, 7, 6, 6, 15, 22, 15, 18, 15, 15, 21, 15, 6, 22, 23, 6]
[3, 3, 8, 3, 7, 7, 4, 0, 8, 11, 9, 13, 11, 15, 13]
[3, 3, 11, 3, 4, 8, 8, 5, 11, 11, 0, 11, 11, 15, 18, 18, 18, 13, 18, 19, 19, 18, 25, 25, 22, 11]
[5, 5, 5, 5, 0, 7, 5, 7, 11, 11, 8, 5, 14, 5, 14, 5]
[2, 0, 4, 2, 6, 4, 2]
[3, 3, 0, 5, 3, 8, 8, 3, 8, 3]
[2, 9, 2, 3, 9, 9, 9, 9, 0, 9, 13, 13, 9, 13, 14, 15, 15, 21, 21, 21, 13, 23, 21, 23, 26, 24, 9]
[3, 3, 0, 5, 3, 3, 6, 7, 11, 9, 8, 3, 3, 15, 18, 18, 18, 3, 20, 18, 3]
[17, 4, 4, 17, 4, 7, 4, 7, 8, 4, 13, 13, 4, 13, 14, 4, 0, 17, 23, 23, 20, 20, 18, 17]
[11, 4, 4, 1, 1, 9, 9, 9, 5, 11, 0, 11, 12, 16, 16, 13, 13, 20, 20, 17]
[3, 3, 0, 3, 6, 4, 8, 3, 8, 8, 13, 13, 8, 17, 17, 17, 13, 17, 17, 17, 17, 3]
[7, 4, 4, 1, 6, 7, 0, 7, 13, 13, 13, 13, 8, 13, 16, 14, 13, 20, 20, 13, 20, 21, 7]
[4, 4, 4, 0, 4, 7, 8, 5, 10, 4, 12, 10, 12, 16, 16, 13, 16, 19, 17, 12, 20, 28, 24, 28, 28, 28, 28, 12, 28, 31, 28, 4]
[2, 7, 7, 7, 7, 7, 0, 7, 10, 7, 13, 13, 7, 13, 16, 14, 16, 17, 18, 18, 7]
[7, 7, 2, 2, 2, 2, 0, 7]
[4, 4, 4, 0, 6, 4, 6, 9, 7, 9, 10, 4, 4, 41, 17, 17, 14, 17, 21, 21, 17, 25, 25, 25, 21, 27, 25, 27, 30, 28, 25, 35, 35, 35, 25, 35, 17, 39, 41, 41, 4, 41, 41, 46, 46, 43, 46, 47, 4]
[3, 3, 0, 3]
[3, 3, 0, 3]
[2, 0, 4, 2, 2, 7, 5, 7, 12, 12, 12, 8, 2]
[15, 15, 15, 3, 6, 4, 6, 7, 10, 7, 15, 15, 15, 15, 0, 15]
[5, 5, 5, 5, 0, 5, 5, 11, 11, 11, 5, 5]
[3, 3, 0, 3, 3, 5, 6, 5, 5, 9, 12, 10, 3]
[4, 4, 4, 12, 4, 5, 8, 5, 5, 12, 12, 0, 12, 15, 18, 15, 18, 13, 12, 24, 24, 24, 24, 12, 24, 28, 28, 25, 12]
[5, 3, 5, 5, 0, 7, 8, 5, 12, 12, 12, 8, 5]
[2, 0, 2, 6, 6, 3, 6, 9, 7, 9, 12, 9, 14, 2, 18, 17, 18, 14, 18, 19, 20, 20, 2]
[2, 6, 2, 5, 3, 0, 9, 9, 6, 9, 12, 10, 12, 13, 6]
[2, 10, 10, 8, 8, 8, 8, 10, 10, 0, 10, 11, 14, 12, 14, 10]
[2, 0, 2, 7, 7, 7, 2, 7, 10, 8, 2, 2, 14, 16, 16, 2, 16, 16, 16, 21, 16, 2]
[10, 4, 4, 10, 4, 5, 6, 6, 10, 23, 12, 10, 10, 13, 14, 15, 23, 19, 23, 19, 22, 20, 0, 23, 26, 24, 23]
[2, 4, 4, 0, 4, 8, 8, 4, 4]
[2, 0, 2, 5, 3, 2]
[2, 22, 2, 2, 2, 9, 8, 9, 5, 9, 13, 13, 9, 13, 13, 20, 18, 20, 18, 13, 9, 0, 24, 22, 22, 31, 28, 31, 28, 28, 25, 22]
[2, 3, 0, 5, 3, 5, 8, 6, 3, 11, 3, 13, 11, 13, 14, 11, 18, 16, 11, 11, 22, 26, 22, 23, 26, 11, 3]
[5, 5, 4, 2, 18, 5, 8, 11, 8, 11, 6, 18, 18, 18, 18, 17, 18, 0, 18]
[6, 6, 4, 6, 6, 0, 6, 7, 17, 17, 17, 17, 17, 17, 17, 17, 6, 17, 18, 6]
[22, 1, 5, 5, 2, 5, 11, 11, 11, 11, 5, 2, 2, 16, 16, 13, 22, 22, 22, 22, 22, 0, 22, 25, 22, 27, 22, 27, 22]
[0, 1, 1, 1, 6, 1, 1, 10, 10, 1, 13, 13, 10, 13, 16, 14, 1]
[4, 1, 4, 0, 4, 4, 6, 7, 10, 12, 10, 8, 4]
[3, 3, 0, 3, 10, 10, 10, 10, 10, 4, 14, 14, 14, 10, 14, 18, 18, 15, 3]
[2, 0, 2, 10, 10, 10, 6, 10, 10, 3, 2]
[3, 3, 0, 3, 3, 9, 8, 9, 3, 9, 10, 13, 10, 10, 9, 18, 18, 9, 18, 19, 22, 19, 3, 3, 28, 28, 28, 3, 28, 31, 34, 33, 34, 28, 3]
[2, 3, 0, 3, 7, 7, 4, 3]
[9, 9, 2, 2, 2, 2, 8, 2, 0, 9]
[13, 1, 1, 1, 6, 1, 13, 9, 13, 13, 13, 13, 0, 13]
[8, 1, 4, 7, 4, 7, 2, 0, 8, 12, 12, 9, 8]
[2, 0, 2, 2, 2, 2, 9, 9, 2, 13, 13, 13, 9, 13, 16, 13, 19, 19, 13, 2]
[4, 4, 4, 0, 4, 5, 8, 6, 12, 12, 12, 8, 12, 12, 12, 12, 12, 4, 4, 21, 4, 23, 21, 28, 28, 28, 28, 23, 4]
[2, 0, 2, 6, 6, 3, 6, 9, 6, 6, 6, 13, 15, 15, 6, 2]
[3, 3, 0, 12, 10, 10, 8, 10, 10, 12, 12, 3, 14, 12, 12, 15, 16, 16, 16, 16, 22, 16, 3]
[3, 3, 0, 5, 3, 3]
[7, 7, 7, 7, 7, 7, 0, 7]
[2, 4, 4, 0, 4, 4, 8, 4, 11, 11, 8, 13, 11, 15, 13, 15, 15, 22, 22, 22, 22, 17, 4]
[10, 10, 10, 10, 10, 10, 10, 10, 10, 0, 10, 13, 11, 10, 17, 17, 10, 17, 21, 21, 18, 21, 26, 26, 26, 22, 10]
[2, 0, 6, 6, 6, 2, 6, 6, 10, 8, 10, 11, 6, 6, 20, 17, 18, 20, 20, 14, 22, 6, 22, 23, 27, 27, 24, 27, 30, 27, 2]
[3, 3, 0, 3, 4, 5, 8, 6, 15, 15, 15, 15, 15, 15, 3, 15, 18, 16, 18, 21, 18, 18, 18, 25, 18, 15, 29, 29, 15, 29, 30, 33, 29, 35, 33, 3]
[4, 4, 4, 0, 4, 8, 8, 4, 8, 12, 12, 9, 4]
[9, 3, 5, 5, 1, 5, 6, 9, 0, 11, 9, 11, 12, 16, 16, 13, 9]
[5, 4, 4, 5, 11, 7, 5, 11, 11, 11, 0, 13, 11, 13, 16, 21, 16, 21, 21, 21, 14, 11]
[0, 3, 1, 3, 4, 5, 8, 6, 8, 11, 9, 1, 15, 15, 1, 17, 15, 19, 17, 17, 17, 23, 25, 25, 21, 1]
[12, 3, 12, 3, 6, 3, 3, 9, 3, 12, 12, 0, 12]
[4, 4, 4, 0, 4, 5, 4, 4, 10, 4, 12, 13, 10, 4]
[3, 3, 9, 3, 8, 8, 8, 3, 0, 11, 9, 13, 11, 13, 14, 13, 16, 21, 20, 21, 11, 9]
[0, 1, 1, 1, 1, 1]
[5, 3, 5, 5, 18, 5, 5, 5, 11, 11, 5, 5, 18, 18, 18, 18, 18, 0, 18]
[3, 3, 0, 3, 6, 4, 4, 3]
[5, 3, 1, 5, 0, 7, 5, 10, 10, 7, 12, 10, 7, 7, 5]
[3, 3, 12, 3, 6, 3, 6, 9, 6, 6, 12, 0, 15, 15, 12, 17, 15, 19, 21, 19, 17, 26, 26, 26, 26, 17, 26, 26, 26, 31, 26, 35, 34, 35, 31, 35, 38, 36, 40, 38, 42, 40, 12]
[3, 3, 5, 5, 0, 5, 5, 7, 10, 8, 10, 15, 15, 15, 11, 5]
[3, 3, 0, 3, 4, 3]
[5, 5, 5, 5, 9, 5, 8, 5, 0, 11, 12, 9, 12, 12, 14, 15, 9]
[2, 0, 4, 2, 2, 5, 6, 7, 2, 11, 14, 14, 14, 28, 16, 14, 18, 16, 16, 16, 22, 16, 22, 25, 23, 28, 28, 2, 30, 28, 30, 30, 30, 35, 33, 2]
[2, 3, 12, 6, 6, 3, 12, 12, 12, 12, 12, 0, 12, 16, 16, 13, 12, 12, 20, 12, 20, 23, 26, 23, 26, 21, 12]
[2, 0, 4, 2, 2, 7, 5, 12, 12, 12, 12, 2, 12, 13, 16, 14, 14, 19, 17, 12, 22, 12, 24, 22, 24, 25, 26, 26, 2]
[0, 1, 4, 1, 6, 4, 6, 1, 1, 11, 17, 11, 12, 17, 17, 17, 1, 1]
[5, 5, 5, 5, 0, 7, 5, 5, 10, 5, 10, 11, 5]
[9, 9, 9, 9, 9, 9, 6, 6, 0, 9, 13, 13, 10, 13, 16, 14, 18, 16, 18, 19, 9]
[4, 4, 4, 0, 4, 8, 8, 5, 4]
[6, 3, 1, 6, 6, 0, 6, 9, 7, 9, 10, 9, 14, 17, 14, 17, 9, 6]
[6, 1, 6, 6, 6, 0, 6, 15, 12, 12, 12, 15, 15, 15, 6, 15, 15, 6]
[11, 3, 1, 3, 6, 4, 11, 10, 10, 11, 0, 11, 11, 15, 11, 17, 15, 17, 21, 21, 18, 17, 17, 25, 28, 28, 28, 17, 28, 28, 11, 11]
[0, 1, 1, 5, 3, 7, 5, 1, 10, 1, 10, 14, 14, 10, 1]
[4, 3, 4, 0, 4, 5, 10, 10, 10, 6, 4, 14, 14, 16, 14, 11, 16, 19, 17, 19, 22, 20, 24, 22, 30, 30, 26, 26, 30, 24, 4]
[5, 1, 1, 5, 0, 7, 5, 5, 5, 11, 14, 14, 14, 5, 16, 14, 16, 17, 18, 21, 19, 21, 24, 22, 5]
[0, 1, 1, 1, 1, 1]
[0, 1, 4, 2, 4, 4, 1]
[3, 3, 7, 3, 6, 3, 0, 9, 7, 9, 10, 11, 14, 11, 7]
[4, 4, 4, 0, 4, 7, 5, 11, 11, 11, 4, 11, 11, 4, 16, 17, 4, 19, 17, 21, 17, 21, 21, 23, 4]
[2, 0, 4, 2, 4, 8, 8, 5, 8, 11, 9, 11, 14, 12, 4, 4, 16, 17, 20, 18, 20, 20, 25, 25, 20, 25, 25, 29, 27, 31, 25, 33, 31, 35, 33, 2]
[2, 0, 2, 2, 2]
[4, 4, 4, 0, 4, 7, 5, 7, 10, 8, 10, 13, 11, 4, 19, 19, 19, 19, 4, 19, 20, 19, 24, 19, 26, 24, 28, 39, 28, 31, 34, 31, 34, 29, 28, 37, 28, 28, 26, 41, 39, 41, 45, 45, 42, 4]
[2, 3, 0, 3, 6, 4, 3, 3, 8, 11, 9, 15, 15, 15, 11, 19, 19, 19, 15, 21, 19, 26, 26, 26, 26, 19, 3]
[4, 4, 4, 0, 9, 7, 9, 9, 4, 9, 4]
[14, 4, 4, 1, 4, 7, 5, 10, 10, 7, 10, 14, 14, 0, 14, 17, 15, 15, 20, 15, 22, 20, 22, 22, 27, 27, 24, 14]
[4, 3, 4, 14, 6, 8, 8, 4, 8, 9, 14, 14, 14, 0, 19, 18, 16, 19, 14, 19, 19, 21, 22, 22, 14]
[5, 5, 4, 5, 16, 8, 8, 5, 11, 11, 8, 11, 12, 16, 16, 0, 18, 16, 18, 19, 22, 20, 16]
[8, 4, 4, 1, 4, 8, 8, 0, 8, 9]
[6, 6, 6, 6, 6, 0, 6]
[3, 3, 0, 3, 6, 4, 3, 11, 11, 11, 7, 3]
[7, 1, 4, 2, 7, 7, 0, 10, 10, 11, 7, 11, 12, 13, 7]
[3, 3, 9, 3, 6, 4, 9, 9, 0, 9, 12, 9, 14, 15, 12, 15, 15, 17, 15, 15, 25, 25, 24, 25, 15, 9]
[3, 3, 0, 5, 3, 7, 5, 15, 8, 11, 15, 11, 11, 11, 7, 3, 3, 19, 21, 21, 3, 21, 22, 22, 3]
[2, 5, 5, 5, 6, 0, 8, 6, 8, 9, 10, 14, 14, 11, 14, 15, 6]
[11, 3, 1, 11, 11, 11, 11, 11, 10, 11, 0, 19, 19, 19, 19, 19, 18, 19, 11, 11]
[2, 5, 2, 2, 0, 5, 8, 12, 8, 11, 8, 5, 12, 17, 17, 17, 12, 17, 17, 5]
[0, 1, 1, 1, 1, 7, 1, 1, 1, 17, 17, 17, 17, 17, 16, 17, 9, 1]
[2, 4, 4, 14, 4, 7, 5, 14, 10, 14, 14, 14, 14, 0, 14, 14]
[4, 4, 4, 0, 4, 4, 6, 10, 10, 7, 10, 13, 11, 4]
[9, 4, 4, 1, 9, 7, 9, 9, 0, 9, 12, 9, 9]
[9, 3, 9, 3, 3, 7, 3, 3, 0, 11, 9, 9, 17, 13, 17, 17, 12, 17, 20, 18, 9]
[3, 3, 0, 5, 3, 5, 8, 5, 3, 11, 3, 11, 15, 15, 12, 3, 20, 20, 20, 3, 20, 23, 21, 23, 26, 23, 3]
[11, 4, 4, 1, 4, 5, 5, 9, 7, 11, 0, 13, 11, 11]
[5, 5, 5, 5, 0, 5, 9, 9, 6, 5, 5, 5, 14, 16, 14, 22, 16, 19, 17, 19, 20, 5, 22, 22, 22, 25, 28, 26, 28, 29, 32, 30, 34, 32, 36, 32, 36, 44, 44, 42, 42, 39, 42, 37, 5]
[13, 1, 2, 2, 6, 4, 6, 9, 7, 13, 12, 13, 0, 15, 13, 19, 19, 19, 15, 21, 19, 13]
[4, 4, 4, 0, 4, 7, 5, 4]
[0, 3, 1, 9, 9, 9, 9, 9, 3, 9, 12, 10, 12, 13, 12, 18, 18, 12, 1]
[5, 5, 5, 5, 0, 8, 8, 5, 5, 9, 14, 14, 14, 10, 14, 18, 18, 14, 18, 22, 22, 18, 18, 18, 28, 28, 28, 18, 5]
[0, 1, 2, 5, 1, 13, 10, 10, 10, 13, 13, 13, 5, 16, 16, 13, 16, 17, 18, 1]
[2, 0, 2, 5, 3, 5, 8, 6, 2]
[3, 3, 0, 3, 3, 3, 3, 14, 10, 14, 10, 14, 14, 7, 14, 3]
[9, 3, 1, 3, 4, 9, 8, 9, 0, 9, 13, 13, 10, 13, 14, 15, 16, 9]
[2, 9, 9, 9, 6, 9, 6, 9, 0, 9, 9, 18, 18, 18, 18, 15, 15, 9, 9]
[3, 3, 0, 3, 3, 5, 6, 11, 10, 11, 7, 11, 12, 3]
[3, 3, 24, 5, 3, 16, 10, 10, 10, 16, 10, 13, 11, 13, 13, 5, 16, 17, 16, 24, 24, 24, 24, 0, 24, 25, 26, 26, 30, 28, 30, 31, 30, 36, 36, 30, 36, 37, 24]
[2, 17, 2, 5, 3, 5, 6, 2, 11, 11, 2, 11, 14, 12, 17, 17, 0, 17, 20, 18, 23, 23, 20, 23, 17]
[5, 5, 5, 5, 0, 5, 9, 9, 6, 5, 5, 13, 15, 15, 11, 5]
[3, 3, 0, 5, 3, 8, 8, 5, 5, 11, 9, 3, 17, 17, 17, 17, 3, 19, 17, 19, 3]
[7, 7, 7, 7, 7, 7, 0, 10, 10, 7, 10, 13, 10, 16, 16, 13, 18, 16, 18, 21, 19, 23, 18, 23, 23, 29, 29, 29, 23, 29, 29, 33, 23, 23, 23, 35, 7]
[2, 5, 2, 5, 6, 0, 6, 6, 10, 8, 6, 6, 16, 13, 16, 12, 12, 22, 18, 21, 22, 17, 22, 27, 24, 27, 22, 6]
[0, 7, 2, 5, 7, 7, 1, 7, 12, 11, 12, 7, 12, 13, 1]
[4, 4, 4, 5, 0, 7, 5, 7, 15, 15, 15, 15, 15, 15, 8, 5]
[3, 1, 0, 3, 3, 3]
[2, 0, 5, 5, 2, 2, 6, 7, 7, 7, 10, 2]
[2, 5, 5, 5, 0, 5, 6, 7, 6, 6, 6, 5, 14, 5, 14, 15, 22, 20, 20, 22, 22, 16, 24, 22, 24, 27, 25, 5]
[14, 1, 5, 5, 2, 5, 8, 5, 14, 12, 12, 14, 14, 0, 14, 18, 18, 14, 18, 21, 19, 21, 26, 23, 23, 22, 14]
[4, 4, 4, 0, 4, 7, 5, 4]
[5, 5, 5, 5, 0, 5, 5, 7, 8, 9, 9, 9, 9, 5]
[0, 3, 1, 1, 1, 7, 5, 1]
[4, 3, 4, 0, 4, 7, 8, 5, 4]
[2, 0, 2, 2, 9, 7, 9, 9, 2, 2, 14, 14, 14, 2, 2]
[2, 0, 7, 7, 7, 7, 2, 7, 8, 11, 9, 11, 14, 12, 14, 17, 14, 17, 17, 22, 22, 19, 22, 25, 23, 2]
[19, 6, 4, 6, 6, 1, 6, 9, 7, 19, 19, 11, 11, 17, 17, 17, 13, 11, 0, 23, 23, 23, 19, 19]
[5, 5, 5, 5, 0, 5, 6, 7, 7, 12, 12, 9, 12, 16, 16, 12, 7, 19, 17, 19, 5]
[15, 7, 7, 7, 7, 7, 15, 7, 8, 15, 15, 15, 15, 15, 0, 15, 18, 16, 15]
[2, 0, 6, 5, 6, 2, 8, 6, 8, 11, 13, 11, 9, 2]
[10, 4, 4, 1, 10, 7, 10, 10, 10, 0, 10]
[2, 10, 2, 2, 10, 7, 10, 10, 10, 0, 10, 13, 14, 16, 16, 11, 16, 19, 20, 16, 10]
[2, 5, 4, 2, 0, 5, 6, 7, 8, 8, 8, 8, 14, 8, 5]
[10, 10, 4, 10, 10, 10, 10, 10, 10, 0, 10, 13, 11, 10, 16, 10, 18, 16, 16, 19, 20, 20, 20, 20, 20, 20, 20, 29, 20, 20, 20, 20, 20, 10]
[3, 3, 0, 3]
[2, 0, 4, 2, 4, 8, 8, 5, 8, 11, 9, 9, 15, 15, 12, 8, 18, 8, 20, 18, 18, 18, 24, 18, 24, 2]
[2, 5, 5, 5, 0, 5, 8, 6, 5, 5, 10, 11, 12, 12, 10, 17, 15, 5]
[4, 4, 4, 0, 4, 4, 6, 6, 8, 4]
[4, 4, 4, 0, 4, 5, 6, 6, 4]
[6, 6, 6, 5, 6, 0]
[3, 3, 17, 7, 7, 7, 3, 7, 10, 8, 10, 11, 17, 17, 16, 17, 0, 19, 17, 17]
[5, 5, 5, 5, 35, 5, 6, 9, 5, 11, 9, 13, 11, 11, 14, 18, 18, 15, 18, 19, 22, 20, 32, 32, 24, 24, 24, 29, 27, 32, 32, 22, 35, 35, 0, 37, 38, 35, 38, 39, 38, 38, 38]
[5, 5, 5, 5, 0, 5, 6, 5, 5, 12, 12, 5, 12, 12, 5]
[2, 4, 2, 5, 0, 7, 5, 5, 10, 8, 5, 5, 15, 15, 12, 12, 19, 19, 16, 5]
[2, 0, 2, 3, 2]
[2, 3, 0, 3, 6, 4, 3, 9, 7, 3]
[2, 3, 0, 3, 3, 3, 3, 9, 11, 11, 3, 11, 11, 3]
[0, 1, 4, 6, 6, 2, 6, 9, 7, 9, 12, 10, 16, 16, 16, 6, 18, 16, 1]
[2, 4, 4, 0, 4, 5, 5, 9, 15, 9, 12, 10, 12, 15, 7, 15, 20, 19, 20, 16, 20, 23, 21, 4]
[6, 6, 6, 5, 6, 20, 6, 10, 10, 7, 14, 14, 14, 16, 16, 6, 16, 19, 17, 0, 20, 21, 24, 26, 26, 22, 26, 20]
[2, 0, 2, 3, 6, 8, 6, 4, 4, 9, 4, 13, 15, 13, 11, 2]
[17, 4, 4, 1, 6, 1, 8, 6, 8, 12, 10, 9, 17, 17, 17, 15, 0, 17, 20, 17, 31, 23, 31, 23, 23, 23, 23, 23, 30, 23, 20, 31, 34, 32, 17]
[2, 0, 2, 2, 2, 2, 2, 9, 7, 9, 9, 13, 9, 18, 18, 18, 18, 13, 13, 21, 19, 21, 21, 2]
[5, 3, 5, 5, 16, 5, 9, 9, 6, 16, 13, 13, 16, 16, 16, 0, 16, 17, 17, 22, 22, 17, 22, 22, 16]
[0, 3, 1, 3, 3, 3, 8, 6, 10, 8, 14, 11, 14, 27, 14, 15, 14, 14, 20, 23, 20, 23, 14, 23, 26, 27, 10, 1]
[2, 0, 2, 6, 6, 3, 11, 11, 11, 11, 2, 11, 14, 11, 14, 2]
[5, 5, 5, 5, 0, 5, 5, 14, 8, 14, 14, 14, 14, 5, 5]
[2, 3, 4, 0, 4, 4, 12, 10, 10, 12, 12, 4, 15, 15, 12, 4]
[3, 3, 0, 9, 6, 9, 6, 6, 3, 9, 12, 10, 12, 15, 12, 3]
[0, 3, 1, 5, 3, 8, 8, 5, 11, 11, 5, 1]
[15, 3, 15, 3, 3, 3, 8, 3, 3, 11, 3, 15, 15, 15, 20, 15, 18, 16, 20, 0, 20, 21, 20]
[4, 4, 4, 7, 7, 7, 0, 11, 11, 11, 7, 11, 11, 17, 14, 17, 13, 7, 7, 21, 7, 23, 21, 23, 26, 23, 21, 31, 30, 31, 27, 7]
[13, 1, 4, 2, 13, 13, 8, 6, 13, 13, 13, 13, 0, 15, 13, 19, 19, 19, 15, 19, 23, 23, 20, 13]
[4, 4, 4, 0, 4, 4, 9, 9, 15, 9, 12, 10, 14, 12, 4, 15, 15, 19, 17]
[2, 4, 4, 0, 4, 8, 8, 5, 8, 11, 9, 4, 4, 13, 14, 18, 18, 15, 13, 21, 19, 21, 24, 21, 4]
[2, 0, 4, 2, 7, 7, 4, 7, 10, 8, 2]
[12, 1, 2, 3, 3, 3, 8, 3, 12, 12, 12, 0, 12, 13, 14, 14, 14, 14, 12]
[2, 6, 2, 5, 3, 0, 8, 6, 11, 11, 8, 8, 8, 15, 13, 15, 19, 19, 16, 27, 27, 27, 25, 25, 22, 27, 19, 29, 27, 29, 29, 6]
[2, 4, 4, 0, 4, 10, 9, 9, 10, 4, 10, 13, 11, 13, 14, 13, 16, 4]
[12, 3, 12, 3, 7, 7, 3, 3, 11, 11, 3, 0, 12]
[2, 10, 2, 6, 6, 3, 10, 9, 10, 0, 10, 11, 12, 16, 16, 13, 16, 19, 17, 10]
[4, 1, 1, 0, 4, 8, 8, 4, 4]
[3, 3, 0, 3, 9, 9, 9, 9, 4, 11, 9, 13, 11, 13, 18, 18, 18, 13, 3]
[2, 8, 2, 3, 4, 5, 8, 0, 8, 14, 14, 14, 14, 8, 17, 17, 14, 17, 20, 21, 17, 8]
[11, 4, 4, 11, 6, 4, 11, 11, 11, 11, 0, 13, 11, 11]
[2, 0, 4, 2, 4, 8, 8, 5, 2]
[2, 4, 4, 0, 4, 8, 8, 5, 4, 12, 12, 4, 14, 12, 14, 15, 16, 17, 20, 16, 22, 20, 20, 25, 23, 4]
[3, 3, 20, 3, 6, 4, 6, 9, 6, 6, 6, 20, 20, 15, 20, 15, 20, 20, 20, 0, 20, 20, 24, 22, 20]
[17, 1, 1, 1, 8, 7, 8, 4, 8, 12, 12, 9, 17, 17, 17, 17, 0, 19, 17, 19, 19, 19, 24, 22, 24, 27, 25, 29, 27, 29, 17]
[4, 4, 4, 0, 4, 7, 5, 7, 10, 8, 7, 11, 12, 15, 12, 17, 12, 17, 17, 22, 22, 19, 22, 22, 4]
[0, 1, 4, 2, 6, 4, 6, 6, 6, 9, 10, 11, 12, 10, 10, 10, 19, 19, 10, 21, 19, 23, 21, 25, 21, 25, 25, 1]
[3, 3, 8, 3, 6, 4, 8, 0, 11, 11, 8, 11, 14, 11, 19, 19, 19, 19, 11, 23, 22, 23, 19, 23, 23, 8]
[2, 3, 0, 3, 3, 8, 8, 3, 3, 3, 12, 15, 12, 15, 10, 3]
[2, 0, 2, 6, 6, 2, 8, 6, 8, 12, 12, 9, 2]
[3, 3, 0, 3, 9, 9, 9, 9, 4, 9, 10, 16, 16, 16, 16, 11, 3]
[2, 0, 8, 8, 8, 7, 5, 2, 10, 8, 10, 13, 15, 15, 11, 11, 16, 11, 11, 23, 23, 23, 19, 25, 23, 23, 23, 27, 30, 28, 2]
[0, 1, 1]
[0, 1, 1, 1, 1, 7, 5, 1]
[14, 1, 6, 6, 6, 1, 14, 14, 12, 12, 12, 8, 12, 0, 14, 14, 18, 16, 24, 24, 24, 24, 24, 18, 24, 25, 14]
[2, 10, 10, 10, 7, 7, 4, 10, 10, 0, 10, 16, 14, 16, 16, 10, 16, 19, 17, 23, 23, 23, 19, 23, 27, 27, 24, 29, 27, 31, 29, 29, 34, 32, 10]
[2, 4, 4, 0, 4, 4, 10, 10, 10, 6, 6, 6, 6, 6, 16, 14, 4]
[2, 0, 5, 5, 2, 5, 8, 6, 2]
[5, 1, 4, 2, 0, 7, 9, 9, 10, 5, 12, 10, 12, 15, 18, 15, 18, 13, 18, 19, 23, 23, 20, 5]
[6, 6, 6, 6, 6, 0, 17, 17, 17, 9, 10, 10, 10, 10, 10, 17, 6, 19, 17, 21, 19, 6]
[2, 31, 2, 2, 7, 7, 4, 9, 7, 11, 9, 11, 12, 15, 11, 17, 15, 17, 20, 17, 22, 15, 31, 27, 24, 27, 31, 31, 31, 31, 0, 31, 39, 35, 39, 35, 35, 39, 32, 39, 42, 40, 31]
[8, 3, 8, 8, 8, 8, 8, 0, 8, 15, 12, 15, 15, 15, 9, 8]
[2, 4, 4, 0, 7, 7, 4, 7, 7, 9, 4, 4, 14, 19, 14, 15, 16, 16, 4, 22, 22, 19, 24, 22, 4]
[2, 25, 2, 10, 10, 10, 8, 10, 10, 3, 25, 16, 12, 15, 16, 25, 16, 19, 17, 25, 25, 25, 25, 25, 0, 25, 28, 26, 30, 25, 30, 30, 34, 32, 42, 42, 38, 42, 38, 42, 42, 30, 25]
[2, 0, 2, 5, 2, 2]
[4, 4, 4, 0, 4, 7, 5, 12, 11, 11, 12, 7, 12, 12, 17, 17, 14, 4, 4, 24, 24, 24, 24, 4, 26, 24, 24, 4]
[2, 0, 4, 2, 4, 2]
[4, 4, 4, 13, 6, 4, 8, 4, 13, 13, 13, 13, 0, 13, 14, 13, 13, 19, 17, 19, 22, 19, 24, 19, 24, 25, 26, 26, 13]
[2, 12, 4, 2, 6, 2, 9, 9, 6, 12, 12, 0, 14, 12, 14, 15, 18, 16, 12, 22, 22, 12, 24, 22, 24, 25, 29, 29, 26, 22, 32, 30, 12]
[4, 4, 4, 0, 4, 7, 5, 4, 4, 12, 12, 4, 12, 15, 13, 15, 18, 16, 16, 16, 16, 23, 21, 23, 4]
[3, 3, 0, 3, 6, 4, 6, 11, 11, 11, 7, 3, 16, 15, 16, 3, 16, 19, 17, 19, 22, 20, 3]
[3, 3, 23, 3, 9, 9, 9, 9, 4, 11, 3, 11, 15, 13, 12, 3, 20, 20, 20, 3, 23, 23, 0, 23, 26, 24, 23]
[2, 17, 2, 5, 3, 5, 9, 9, 6, 9, 10, 11, 17, 15, 17, 15, 0, 17, 20, 17, 20, 17]
[2, 0, 2, 2, 2]
[2, 0, 2, 9, 9, 9, 9, 9, 3, 9, 13, 13, 10, 2, 2, 17, 21, 21, 20, 21, 2, 21, 24, 22, 2]
[2, 3, 0, 5, 3, 5, 8, 6, 8, 8, 8, 16, 15, 15, 16, 8, 16, 19, 17, 3]
[2, 0, 2, 3, 6, 3, 6, 9, 7, 15, 10, 13, 15, 15, 9, 17, 15, 15, 15, 19, 19, 23, 21, 23, 26, 24, 2]
[0, 1, 7, 7, 4, 4, 1, 9, 7, 11, 12, 9, 12, 1]
[0, 1, 1, 1, 6, 8, 8, 1, 8, 9, 10, 10, 14, 12, 1]
[3, 3, 0, 6, 6, 3, 8, 6, 6, 9, 14, 14, 14, 10, 14, 17, 19, 17, 15, 19, 22, 19, 19, 25, 19, 19, 29, 29, 19, 3]
[0, 4, 4, 1, 4, 5, 6, 9, 7, 1]
[13, 3, 1, 5, 3, 5, 13, 10, 10, 13, 10, 13, 0, 13]
[2, 0, 2, 3, 4, 7, 2, 10, 10, 7, 12, 14, 12, 10, 14, 17, 15, 10, 20, 10, 20, 23, 21, 23, 23, 23, 30, 30, 30, 23, 30, 33, 31, 2]
[7, 7, 4, 7, 7, 7, 0, 10, 10, 21, 21, 21, 21, 21, 21, 17, 21, 17, 18, 17, 7, 7]
[3, 3, 0, 3, 4, 10, 10, 9, 10, 5, 3]
[9, 3, 1, 9, 6, 9, 9, 9, 0, 9, 12, 13, 9, 17, 17, 17, 13, 19, 17, 9]
[4, 1, 4, 10, 4, 7, 5, 10, 10, 0, 10, 13, 10, 10]
[2, 0, 2, 6, 6, 3, 6, 9, 7, 9, 9, 2, 16, 13, 16, 2, 20, 20, 20, 16, 22, 20, 26, 23, 23, 22, 16, 16, 30, 31, 16, 31, 31, 33, 37, 37, 31, 39, 37, 44, 44, 44, 44, 39, 2]
[5, 3, 5, 5, 9, 9, 9, 9, 0, 9, 9, 13, 22, 13, 16, 13, 16, 19, 16, 16, 22, 9, 26, 26, 26, 22, 26, 30, 30, 26, 30, 33, 31, 33, 36, 39, 36, 39, 34, 9]
[3, 3, 8, 3, 8, 8, 8, 0, 8, 8, 8]
[4, 4, 4, 0, 4, 5, 8, 6, 4, 11, 9, 11, 12, 4, 4, 17, 4, 17, 21, 21, 18, 4]
[2, 6, 2, 5, 3, 0, 6, 9, 6, 11, 12, 9, 12, 20, 20, 20, 20, 20, 20, 13, 9, 23, 9, 26, 26, 23, 26, 30, 30, 27, 6]
[11, 4, 4, 6, 6, 1, 6, 10, 10, 7, 0, 11, 12, 11, 19, 19, 18, 19, 11, 21, 23, 23, 19, 26, 24, 23, 28, 26, 30, 28, 32, 33, 30, 11]
[2, 3, 0, 3, 6, 4, 3, 3]
[3, 3, 4, 0, 4, 4, 8, 4, 11, 11, 8, 13, 11, 4]
[8, 8, 2, 2, 2, 2, 2, 0, 8, 11, 14, 11, 14, 9, 8]
[5, 5, 5, 5, 0, 8, 8, 5, 11, 11, 8, 11, 15, 15, 11, 5]
[3, 3, 8, 3, 6, 4, 8, 0, 15, 13, 13, 13, 15, 13, 8, 8]
[4, 4, 4, 0, 8, 8, 8, 4, 10, 8, 10, 14, 14, 11, 4]
[3, 3, 0, 3, 6, 4, 8, 6, 10, 8, 10, 11, 15, 15, 6, 18, 18, 15, 15, 3, 3, 21, 25, 25, 22, 3, 3, 27, 30, 28, 30, 31, 3]
[12, 1, 5, 5, 2, 5, 8, 5, 8, 9, 12, 0, 15, 15, 12, 15, 18, 16, 12, 12, 22, 30, 22, 28, 28, 28, 28, 23, 30, 12, 12]
[3, 3, 0, 3, 7, 7, 4, 9, 3, 9, 12, 10, 12, 15, 13, 18, 18, 15, 18, 21, 19, 18, 24, 22, 3]
[4, 4, 4, 9, 4, 8, 6, 5, 0, 13, 13, 13, 9, 15, 18, 18, 18, 13, 18, 21, 22, 18, 25, 25, 22, 9]
[3, 3, 6, 6, 6, 0, 6, 6, 6, 12, 12, 6, 14, 12, 14, 17, 14, 17, 21, 21, 18, 6]
[2, 4, 4, 0, 4, 4, 8, 6, 10, 8, 4]
[3, 3, 0, 7, 7, 7, 3, 3, 12, 11, 12, 8, 12, 13, 14, 19, 16, 19, 15, 3]
[2, 16, 2, 5, 2, 8, 8, 5, 8, 9, 2, 16, 16, 16, 16, 0, 16, 17, 21, 21, 18, 16]
[2, 0, 4, 2, 4, 5, 2, 9, 7, 2]
[5, 4, 4, 5, 0, 8, 8, 5, 11, 11, 8, 13, 11, 15, 13, 5]
[17, 1, 4, 6, 4, 2, 17, 17, 8, 12, 12, 9, 12, 13, 13, 13, 0, 19, 17, 23, 23, 23, 19, 17]
[0, 1, 9, 5, 9, 5, 5, 9, 2, 9, 13, 13, 10, 1]
[2, 34, 2, 6, 6, 3, 8, 2, 11, 11, 8, 17, 12, 16, 14, 17, 11, 17, 17, 17, 17, 21, 22, 25, 23, 25, 28, 26, 17, 34, 33, 33, 34, 0, 34]
[4, 4, 4, 0, 9, 9, 6, 6, 4, 9, 10, 11, 16, 15, 16, 12, 16, 19, 21, 19, 17, 4]
[2, 0, 5, 5, 2, 5, 2]
[5, 5, 5, 5, 0, 5, 8, 6, 8, 11, 8, 8, 14, 8, 16, 5, 19, 19, 16, 19, 23, 21, 20, 5]
[5, 4, 2, 5, 15, 5, 6, 9, 7, 15, 12, 15, 15, 15, 0, 15, 18, 16, 15]
[6, 1, 2, 6, 6, 0, 6, 18, 18, 9, 10, 11, 18, 18, 16, 18, 16, 6, 18, 19, 6]
[3, 3, 0, 3, 6, 4, 8, 6, 3]
[2, 3, 0, 6, 6, 3, 6, 9, 7, 3, 3, 14, 14, 19, 14, 17, 15, 19, 3, 21, 19, 21, 22, 19, 32, 32, 28, 32, 32, 32, 32, 19, 32, 36, 36, 33, 3]
[2, 0, 5, 5, 2, 2, 2, 13, 8, 13, 13, 13, 2, 2]
[3, 3, 0, 3, 6, 3, 8, 6, 8, 9, 13, 13, 10, 10, 16, 14, 3]
[9, 9, 4, 9, 4, 7, 4, 9, 0, 9]
[6, 6, 6, 6, 6, 0, 6, 6, 10, 15, 10, 15, 15, 15, 21, 15, 15, 17, 20, 18, 6, 24, 24, 21, 6]
[2, 5, 5, 5, 0, 5, 9, 9, 5, 5, 5, 14, 12, 11, 5]
[4, 4, 4, 0, 4]
[10, 1, 7, 7, 7, 7, 2, 10, 10, 0, 12, 10, 26, 13, 17, 17, 26, 17, 21, 21, 17, 21, 24, 22, 26, 12, 31, 31, 30, 31, 33, 33, 26, 33, 10]
[0, 6, 6, 6, 6, 1, 9, 9, 6, 9, 12, 10, 10, 19, 19, 19, 19, 19, 10, 19, 22, 20, 22, 26, 26, 23, 29, 29, 22, 1]
[5, 5, 5, 5, 0, 7, 5, 10, 10, 7, 12, 10, 12, 15, 17, 15, 13, 22, 21, 21, 22, 12, 5]
[7, 7, 7, 7, 7, 7, 0, 7, 10, 8, 7, 14, 14, 7, 14, 18, 18, 15, 14, 21, 14, 26, 22, 26, 26, 21, 28, 26, 31, 31, 28, 28, 35, 35, 32, 7]
[4, 1, 2, 0, 8, 8, 8, 4, 4, 12, 12, 9, 4, 4, 17, 17, 4, 17, 21, 21, 18, 21, 24, 22, 24, 27, 25, 27, 33, 33, 30, 30, 28, 33, 34, 4]
[3, 3, 8, 8, 8, 8, 8, 0, 8]
[2, 0, 5, 5, 2, 7, 5, 9, 7, 7, 12, 10, 12, 12, 2, 2, 18, 2, 21, 21, 18, 21, 24, 22, 28, 28, 28, 21, 2]
[2, 0, 2, 5, 3, 5, 9, 9, 6, 2]
[3, 3, 0, 7, 4, 7, 3, 7, 10, 7, 3]
[3, 3, 0, 7, 7, 7, 3, 7, 11, 11, 8, 7, 14, 7, 14, 18, 18, 15, 3, 21, 3, 26, 26, 26, 26, 21, 3]
[4, 4, 4, 17, 8, 8, 8, 4, 8, 8, 10, 17, 14, 17, 17, 17, 0, 17, 17, 17, 23, 23, 17, 27, 27, 27, 23, 27, 31, 31, 28, 17]
[22, 3, 1, 5, 3, 5, 8, 6, 8, 9, 10, 10, 10, 15, 10, 10, 18, 10, 22, 22, 22, 0, 22, 23, 29, 27, 29, 29, 24, 31, 29, 31, 32, 38, 38, 37, 38, 29, 40, 38, 22]
[3, 3, 0, 3, 8, 7, 8, 4, 3]
[4, 4, 4, 0, 6, 4, 6, 6, 6, 6, 6, 6, 15, 15, 6, 15, 16, 19, 17, 4]
[3, 3, 0, 3, 7, 7, 4, 9, 7, 12, 12, 9, 12, 15, 13, 9, 9, 19, 20, 17, 20, 23, 21, 3]
[4, 1, 1, 0, 4, 8, 8, 5, 8, 9, 12, 10, 4]
[2, 0, 2, 7, 7, 7, 3, 7, 8, 11, 9, 2]
[10, 5, 5, 5, 1, 10, 8, 10, 10, 0, 10, 13, 10, 10, 10, 19, 19, 19, 15, 10]
[3, 3, 0, 3, 4, 7, 5, 7, 10, 8, 10, 13, 10, 7, 16, 14, 18, 3, 20, 18, 26, 26, 26, 26, 26, 18, 26, 3]
[2, 3, 0, 5, 3, 3, 8, 11, 8, 8, 3, 14, 14, 11, 14, 15, 3]
[6, 3, 1, 6, 6, 0, 6, 7, 8, 8, 6]
[0, 1, 5, 5, 2, 5, 8, 6, 19, 19, 10, 11, 10, 10, 14, 15, 19, 19, 8, 19, 1]
[7, 3, 7, 7, 6, 7, 0, 10, 10, 7, 10, 16, 16, 16, 16, 11, 7]
[3, 3, 0, 3, 3, 7, 8, 5, 3, 11, 3, 11, 14, 12, 3, 3, 18, 23, 18, 21, 18, 23, 3, 3]
[6, 3, 1, 5, 6, 0, 10, 10, 10, 6, 10, 13, 11, 6]
[2, 5, 5, 5, 0, 5]
[5, 5, 5, 5, 0, 5, 5, 14, 14, 14, 14, 14, 14, 5, 5]
[2, 0, 4, 2, 2, 7, 5, 7, 7, 17, 12, 14, 12, 17, 17, 17, 7, 17, 20, 18, 2]
[2, 8, 2, 5, 2, 8, 8, 0, 11, 11, 8, 11, 14, 12, 14, 19, 19, 19, 15, 12, 12, 23, 21, 23, 26, 24, 8]
[7, 7, 2, 5, 2, 7, 0, 7, 10, 8, 13, 13, 10, 13, 7]
[5, 5, 5, 5, 0, 5]
[4, 4, 4, 0, 4]
[10, 3, 1, 10, 10, 5, 10, 10, 10, 0, 10, 10, 10, 15, 13, 10, 10, 22, 22, 22, 22, 10, 10]
[3, 3, 0, 3, 6, 4, 3]
[2, 0, 4, 2, 4, 5, 6, 6, 6, 6, 6, 15, 15, 15, 4, 15, 15, 22, 22, 19, 22, 15, 24, 22, 15, 15, 32, 29, 27, 32, 32, 15, 2]
[5, 3, 4, 5, 0, 5, 12, 9, 12, 12, 12, 6, 5, 16, 16, 22, 16, 19, 22, 22, 22, 5, 5]
[6, 6, 2, 5, 2, 0, 6, 10, 10, 7]
[2, 5, 2, 5, 9, 9, 9, 9, 0, 9, 10, 9]
[5, 5, 2, 2, 0, 5, 6, 7, 7, 5]
[6, 6, 6, 5, 6, 0, 13, 9, 13, 9, 12, 10, 6, 13, 14, 17, 14, 13, 22, 22, 22, 6, 25, 25, 22, 25, 26, 6]
[2, 4, 2, 0, 4, 8, 8, 5, 8, 8, 4, 4, 14, 12, 14, 17, 15, 17, 18, 22, 22, 17, 24, 22, 24, 24, 24, 27, 28, 4]
[4, 4, 4, 0, 4, 7, 5, 7, 10, 8, 12, 10, 12, 15, 16, 12, 18, 16, 4]
[4, 4, 4, 10, 7, 7, 4, 7, 8, 0, 18, 18, 18, 18, 18, 18, 18, 10, 10]
[4, 4, 4, 10, 4, 4, 10, 10, 10, 0, 10, 11, 10]
[5, 5, 5, 5, 0, 8, 8, 5, 8, 8, 13, 13, 10, 5]
[0, 1, 6, 5, 6, 2, 9, 9, 6, 11, 9, 11, 15, 15, 12, 11, 18, 16, 1]
[4, 4, 4, 10, 4, 10, 6, 9, 6, 0, 10, 13, 11, 13, 14, 15, 18, 16, 10]
[3, 3, 0, 3, 3, 8, 8, 5, 8, 11, 8, 8, 16, 16, 16, 8, 8, 19, 8, 8, 22, 8, 8, 27, 27, 27, 8, 29, 27, 29, 30, 36, 34, 36, 36, 31, 3]
[3, 3, 0, 3, 4, 5, 5, 5, 14, 14, 10, 13, 10, 5, 14, 15, 16, 16, 16, 21, 16, 3]
[3, 3, 0, 3, 6, 4, 6, 9, 7]
[7, 1, 4, 2, 7, 7, 0, 9, 7, 17, 14, 11, 14, 17, 17, 17, 9, 17, 21, 21, 18, 7]
[4, 4, 4, 14, 4, 4, 9, 9, 6, 14, 14, 14, 14, 0, 14, 18, 18, 15, 14]
[7, 3, 7, 7, 6, 7, 0, 7, 8, 13, 13, 13, 9, 13, 16, 14, 7]
[11, 11, 4, 11, 4, 8, 8, 5, 11, 11, 0, 11, 14, 12, 11, 17, 11, 17, 20, 18, 20, 21, 24, 20, 11]
[2, 5, 2, 5, 0, 9, 9, 9, 5, 9, 10, 9, 15, 15, 9, 15, 20, 20, 20, 16, 5]
[2, 3, 0, 3, 6, 4, 6, 9, 6, 3]
[23, 7, 7, 3, 6, 3, 1, 1, 1, 11, 9, 11, 15, 15, 12, 23, 23, 17, 23, 23, 23, 23, 0, 23]
[29, 1, 2, 3, 4, 4, 6, 7, 8, 11, 4, 11, 14, 11, 14, 15, 16, 16, 16, 16, 11, 24, 24, 21, 11, 29, 26, 26, 0, 31, 29, 31, 34, 32, 36, 31, 36, 36, 40, 38, 42, 40, 42, 42, 29]
[3, 3, 0, 6, 6, 3, 6, 9, 7, 9, 12, 9, 12, 13, 3]
[0, 1, 7, 5, 7, 7, 2, 9, 7, 9, 10, 11, 9, 15, 13, 1]
[7, 7, 7, 7, 7, 7, 0, 7, 7, 12, 12, 7, 15, 15, 12, 15, 15, 15, 15, 22, 22, 19, 22, 23, 7]
[3, 3, 11, 11, 11, 11, 11, 11, 11, 11, 0, 14, 14, 11, 14, 15, 11]
[10, 10, 10, 3, 8, 8, 8, 4, 10, 0, 12, 10, 10, 16, 16, 13, 10]
[9, 9, 5, 5, 9, 9, 9, 9, 13, 13, 12, 13, 0, 17, 17, 17, 13, 13]
[3, 3, 5, 5, 0, 7, 5, 7, 8, 5, 17, 17, 17, 17, 16, 17, 10, 25, 25, 21, 19, 25, 25, 25, 17, 27, 25, 38, 30, 38, 38, 38, 38, 35, 33, 38, 38, 27, 38, 41, 38, 5]
[3, 3, 0, 8, 8, 7, 8, 3, 8, 12, 12, 9, 8, 13, 8, 15, 3, 3, 23, 23, 23, 23, 3, 23, 26, 24, 31, 31, 30, 31, 23, 31, 31, 3]
[2, 6, 2, 5, 3, 0, 6, 11, 11, 11, 7, 11, 14, 12, 14, 18, 18, 15, 14, 21, 14, 21, 26, 26, 26, 22, 6]
[8, 3, 1, 8, 6, 8, 8, 0, 8, 8, 8, 13, 8, 8, 8, 20, 16, 17, 20, 8, 8]
[3, 3, 0, 3, 4, 5, 5, 5, 5, 11, 5, 15, 15, 15, 11, 17, 15, 15, 3]
[4, 4, 4, 0, 7, 7, 4, 9, 12, 9, 12, 7, 7, 7, 16, 14, 7, 19, 7, 19, 23, 23, 20, 23, 24, 4]
[2, 0, 2]
[4, 4, 4, 0, 4, 4, 8, 6, 4]
[6, 3, 6, 6, 6, 0, 6, 9, 6, 6]
[3, 3, 0, 5, 3, 3, 8, 10, 10, 3, 3]
[5, 1, 5, 5, 0, 5, 9, 9, 6, 5]
[13, 13, 2, 3, 13, 13, 13, 13, 13, 13, 12, 13, 0, 13, 14, 15, 15, 13]
[3, 3, 0, 3, 4, 5, 13, 13, 13, 12, 12, 13, 6, 13, 16, 14, 3]
[5, 5, 5, 5, 0, 5, 5, 9, 5, 11, 9, 5]
[7, 3, 7, 7, 7, 7, 0, 7, 11, 11, 8, 11, 12, 7]
[4, 3, 4, 0, 4, 9, 9, 9, 5, 4]
[3, 1, 8, 8, 8, 8, 8, 0, 8, 9, 8, 16, 16, 16, 16, 8, 16, 16, 21, 21, 18, 24, 24, 16, 24, 28, 28, 25, 8]
[2, 0, 7, 7, 7, 7, 2, 7, 11, 11, 8, 11, 14, 12, 11, 11, 18, 16, 18, 21, 19, 21, 24, 21, 21, 27, 21, 2]
[2, 0, 2, 3, 3, 7, 11, 7, 10, 8, 5, 13, 11, 15, 13, 17, 15, 17, 18, 19, 19, 19, 19, 23, 23, 15, 26, 2]
[2, 3, 0, 5, 7, 7, 3, 3]
[4, 4, 4, 0, 4, 5, 6, 7, 13, 11, 13, 13, 8, 4]
[4, 4, 4, 0, 4]
[5, 5, 5, 5, 6, 0, 6, 6, 6, 9, 6]
[5, 5, 5, 5, 10, 5, 5, 10, 10, 0, 10]
[2, 0, 2, 5, 3, 2, 9, 9, 6, 9, 12, 9, 12, 9, 17, 17, 9, 17, 20, 18, 9, 24, 24, 9, 24, 28, 28, 25, 2]
[3, 3, 5, 5, 0, 7, 5, 9, 7, 9, 13, 13, 10, 5]
[4, 4, 4, 6, 6, 0, 6, 6, 10, 21, 10, 14, 14, 11, 14, 15, 21, 21, 21, 21, 6, 21, 6]
[2, 0, 8, 8, 8, 7, 8, 2, 8, 11, 9, 11, 12, 15, 13, 15, 16, 2]
[3, 3, 15, 3, 8, 8, 8, 4, 8, 9, 15, 15, 15, 15, 0, 17, 15, 15, 18, 15]
[2, 0, 2, 5, 3, 5, 5, 2]
[4, 4, 4, 0, 4, 7, 4, 7, 8, 11, 9, 11, 14, 12, 14, 14, 4]
[0, 1, 1, 6, 6, 7, 1, 9, 7, 9, 9, 13, 9, 15, 13, 1]
[3, 3, 4, 0, 6, 11, 11, 7, 7, 11, 4, 13, 11, 15, 13, 4]
[3, 3, 0, 6, 6, 3, 6, 6, 8, 9, 8, 3]
[3, 1, 5, 5, 0, 5, 5, 5, 11, 11, 8, 11, 14, 11, 11, 5, 21, 19, 21, 21, 5, 23, 21, 23, 27, 27, 24, 5]
[3, 3, 0, 8, 8, 8, 8, 3, 3, 3, 12, 3, 15, 15, 17, 17, 12, 17, 18, 17, 20, 21, 25, 25, 21, 25, 28, 26, 28, 31, 28, 3]
[4, 3, 4, 0, 6, 4, 6, 6, 6, 6, 6, 13, 6, 18, 18, 18, 18, 13, 13, 23, 22, 23, 19, 4]
[3, 3, 4, 0, 4, 7, 5, 4, 10, 11, 4, 11, 14, 12, 4]
[3, 3, 0, 3, 6, 4, 8, 13, 8, 8, 8, 8, 6, 15, 13, 18, 18, 15, 3]
[2, 0, 2, 5, 2, 2, 8, 2]
[4, 1, 1, 0, 7, 7, 4, 4, 10, 8, 10, 13, 10, 4]
[3, 3, 4, 0, 6, 4, 10, 10, 10, 6, 10, 13, 11, 4]
[2, 4, 2, 5, 0, 7, 5, 7, 10, 8, 10, 11, 11, 16, 16, 10, 18, 16, 5, 5, 20, 20, 24, 25, 22, 5]
[2, 0, 5, 5, 2, 5, 8, 6, 8, 11, 8, 2]
[6, 6, 6, 6, 6, 0, 6]
[2, 5, 5, 5, 0, 5, 6, 9, 7, 9, 13, 13, 10, 13, 16, 13, 5]
[11, 5, 5, 5, 1, 11, 8, 11, 11, 11, 0, 11, 14, 11, 11, 11, 19, 19, 31, 19, 22, 25, 22, 25, 20, 25, 28, 30, 28, 25, 11, 36, 34, 36, 36, 31, 11]
[3, 3, 12, 3, 3, 5, 6, 6, 6, 6, 6, 0, 15, 15, 12, 17, 12, 17, 22, 22, 22, 18, 12]
[2, 5, 2, 5, 15, 5, 9, 9, 6, 9, 14, 14, 14, 9, 0, 22, 19, 19, 22, 22, 22, 15, 22, 23, 15]
[7, 7, 7, 7, 4, 4, 0, 7, 10, 8, 12, 10, 15, 15, 12, 15, 15, 19, 15, 7]
[0, 3, 1, 6, 4, 3, 3, 11, 11, 11, 7, 11, 12, 13, 14, 18, 18, 21, 18, 21, 15, 1]
[7, 1, 7, 7, 6, 7, 0, 7, 10, 12, 10, 8, 7]
[20, 3, 1, 3, 11, 11, 11, 11, 8, 11, 3, 11, 3, 17, 17, 17, 20, 20, 20, 0, 20, 20, 20]
[15, 7, 7, 7, 7, 7, 1, 7, 12, 9, 12, 7, 15, 15, 0, 15, 15, 19, 17, 19, 25, 25, 22, 22, 20, 15]
[3, 1, 4, 0, 6, 4, 12, 12, 12, 12, 12, 6, 17, 15, 17, 17, 12, 19, 17, 4]
[7, 4, 2, 1, 7, 7, 0, 7, 10, 8, 7]
[2, 0, 2, 3, 6, 4, 6, 10, 10, 7, 12, 2, 12, 12, 16, 14, 2]
[2, 9, 9, 9, 9, 9, 8, 9, 0, 9, 12, 10, 9]
[2, 10, 2, 5, 3, 8, 8, 2, 8, 0, 10, 13, 14, 11, 10]
[5, 5, 2, 2, 7, 7, 0, 7, 10, 12, 12, 8, 12, 15, 12, 12, 7]
[8, 8, 8, 8, 8, 8, 8, 0, 8, 8, 17, 17, 17, 17, 17, 17, 8, 8]
[5, 5, 4, 5, 0, 5, 5, 9, 5, 5]
[7, 7, 2, 2, 2, 2, 8, 0, 8, 9, 8]
[7, 5, 4, 5, 7, 7, 15, 12, 12, 9, 9, 7, 15, 15, 0, 15, 18, 16, 15, 15, 15]
[6, 6, 6, 5, 6, 24, 8, 12, 8, 8, 12, 6, 12, 13, 17, 17, 12, 17, 20, 18, 24, 23, 24, 0, 24, 36, 36, 36, 30, 36, 36, 36, 36, 33, 33, 24, 24]
[0, 1, 1, 1, 1, 1]
[5, 1, 4, 1, 0, 5]
[0, 4, 4, 1, 4, 8, 8, 4, 10, 4, 10, 14, 14, 11, 1]
[9, 6, 6, 6, 6, 1, 9, 9, 0, 12, 12, 9, 9]
[2, 28, 2, 7, 7, 7, 3, 7, 10, 7, 7, 14, 14, 7, 14, 18, 18, 15, 20, 14, 22, 20, 20, 26, 26, 23, 28, 0, 34, 32, 32, 34, 34, 28, 36, 34, 36, 28]
[14, 1, 4, 2, 10, 10, 8, 10, 10, 4, 14, 14, 14, 0, 14, 14]
[2, 0, 4, 5, 2, 5, 8, 6, 8, 11, 9, 8, 14, 12, 17, 17, 5, 17, 25, 23, 23, 23, 25, 23, 18, 25, 29, 29, 26, 2]
[4, 4, 4, 0, 6, 4, 8, 6, 6, 11, 9, 4, 14, 4, 16, 14, 14, 14, 20, 18, 22, 20, 4]
[2, 0, 2, 6, 6, 3, 2, 9, 7, 9, 9, 9, 14, 12, 2]
[2, 13, 2, 5, 3, 5, 8, 6, 8, 11, 9, 13, 0, 13, 14, 17, 15, 17, 18, 13]
[2, 0, 2, 5, 2, 9, 9, 9, 2, 9, 12, 9, 2]
[2, 4, 4, 0, 4, 7, 4, 4, 8, 9, 9, 4]
[2, 0, 2, 5, 3, 5, 8, 5, 8, 9, 10, 10, 2]
[0, 4, 4, 1, 4, 9, 9, 9, 5, 12, 12, 9, 17, 17, 17, 17, 12, 1]
[3, 3, 0, 3, 6, 4, 9, 9, 6, 6, 12, 10, 3]
[5, 5, 5, 5, 0, 5, 5, 12, 12, 12, 12, 15, 15, 15, 5, 5]
[4, 4, 4, 23, 4, 8, 8, 5, 13, 9, 13, 13, 8, 17, 17, 15, 13, 23, 23, 23, 23, 23, 0, 25, 23, 23]
[7, 7, 5, 5, 7, 5, 0, 7, 10, 8, 10, 10, 10, 15, 13, 15, 18, 15, 7]
[2, 15, 2, 2, 9, 9, 6, 6, 2, 15, 15, 15, 14, 15, 0, 17, 15, 17, 21, 21, 18, 21, 24, 21, 21, 27, 21, 21, 31, 31, 28, 15]
[2, 0, 2, 5, 6, 3, 2, 7, 11, 11, 8, 11, 15, 15, 12, 15, 18, 16, 2]
[2, 0, 2, 3, 6, 7, 4, 9, 7, 9, 10, 2, 14, 2, 16, 14, 19, 19, 25, 19, 20, 25, 25, 25, 16, 25, 26, 32, 32, 29, 29, 27, 2]
[2, 11, 2, 5, 2, 11, 10, 10, 10, 11, 0, 14, 14, 11, 11, 17, 18, 15, 18, 21, 19, 11]
[0, 1, 8, 8, 4, 4, 8, 2, 1]
[6, 6, 6, 6, 6, 8, 6, 20, 10, 8, 10, 13, 14, 10, 16, 14, 16, 17, 20, 0, 20]
[4, 4, 4, 17, 6, 7, 4, 4, 11, 11, 8, 11, 11, 17, 17, 17, 0, 19, 21, 21, 17, 23, 21, 21, 26, 24, 17]
[3, 3, 0, 3, 10, 5, 8, 10, 10, 4, 3, 3, 14, 3, 16, 14, 3]
[4, 4, 4, 0, 4, 8, 8, 5, 4, 4, 4, 4, 17, 15, 13, 17, 4, 4]
[3, 3, 9, 3, 6, 4, 9, 9, 0, 14, 14, 11, 11, 9, 9, 18, 18, 15, 18, 19, 20, 20, 9]
[5, 5, 2, 2, 0, 5, 8, 6, 8, 13, 13, 13, 8, 5]
[2, 0, 2, 5, 3, 2, 2, 7, 7, 11, 9, 11, 14, 11, 11, 18, 18, 11, 11, 11, 20, 20, 20, 20, 28, 25, 28, 20, 2]
[4, 4, 4, 0, 8, 8, 8, 4, 8, 11, 9, 13, 8, 4]
[6, 6, 2, 5, 3, 7, 0, 10, 10, 7, 13, 13, 10, 13, 17, 17, 14, 17, 20, 18, 7, 7]
[2, 6, 2, 2, 6, 17, 6, 9, 6, 6, 12, 6, 6, 15, 6, 17, 0, 17, 21, 21, 18, 17]
[4, 4, 4, 0, 6, 4, 4, 4, 13, 13, 13, 13, 4]
[2, 4, 2, 9, 7, 7, 4, 9, 0, 11, 9, 11, 14, 12, 14, 18, 18, 15, 18, 22, 22, 19, 18, 23, 24, 25, 9]
[5, 5, 4, 5, 0, 5, 8, 6, 8, 9, 8, 13, 8, 13, 14, 17, 15, 5]
[8, 1, 1, 1, 8, 7, 8, 0, 11, 11, 8, 13, 8, 16, 16, 13, 13, 17, 8]
[2, 0, 2, 6, 6, 3, 2]
[2, 0, 4, 2, 8, 7, 8, 4, 8, 11, 9, 16, 15, 15, 16, 11, 16, 19, 16, 21, 19, 2]
[4, 4, 4, 0, 6, 4, 4]
[7, 7, 7, 7, 7, 7, 0, 7, 11, 11, 8, 11, 15, 15, 11, 15, 15, 7]
[0, 1, 5, 5, 2, 1, 11, 11, 11, 11, 6, 1]
[5, 3, 5, 5, 7, 7, 0, 9, 7, 14, 14, 14, 14, 9, 14, 15, 16, 16, 16, 21, 16, 16, 25, 25, 22, 25, 28, 26, 7]
[14, 14, 14, 5, 3, 5, 9, 9, 6, 14, 14, 14, 14, 0, 16, 14, 14, 20, 20, 17, 20, 14]
[2, 4, 4, 0, 7, 7, 4, 4]
[3, 3, 0, 3, 6, 4, 3, 3, 8, 11, 12, 8, 12, 12, 12, 12, 3]
[4, 4, 4, 6, 6, 0, 9, 9, 6, 9, 10, 9, 14, 9, 9, 18, 18, 9, 9, 23, 22, 23, 9]
[2, 0, 7, 7, 7, 7, 2, 7, 10, 8, 10, 2]
[0, 3, 1, 5, 3, 5, 9, 9, 6, 12, 12, 5, 12, 13, 1]
[2, 5, 5, 5, 0, 7, 5, 5, 5, 12, 12, 5, 14, 12, 5, 5, 19, 19, 5, 19, 23, 23, 19, 23, 5]
[9, 4, 4, 1, 9, 8, 6, 9, 0, 12, 12, 9, 9, 15, 13, 17, 15, 20, 20, 17, 17, 21, 22, 22, 22, 22, 9]
[2, 11, 2, 5, 2, 11, 8, 11, 8, 11, 0, 11, 16, 16, 16, 12]
[0, 1, 4, 7, 4, 7, 2, 1, 1, 12, 12, 9, 12, 15, 13, 1]
[3, 3, 0, 3, 4, 3]
[0, 6, 4, 6, 6, 1, 1, 11, 10, 11, 7, 11, 12, 13, 13, 1]
[4, 3, 4, 12, 4, 9, 9, 9, 5, 12, 12, 0, 14, 12, 12, 21, 21, 21, 21, 21, 15, 21, 24, 22, 12]
[5, 3, 5, 5, 0, 5, 9, 9, 6, 5]
[2, 0, 2, 6, 6, 3, 6, 10, 10, 7, 13, 13, 10, 15, 13, 15, 18, 15, 18, 19, 22, 20, 2]
[2, 0, 8, 8, 8, 8, 8, 2, 8, 11, 9, 11, 12, 13, 16, 13, 2]
[0, 3, 1, 7, 6, 7, 3, 1, 10, 1, 12, 10, 10, 18, 16, 14, 18, 10, 18, 1]
[2, 12, 4, 8, 8, 8, 8, 2, 12, 12, 12, 0, 12, 12, 16, 12, 19, 19, 16, 21, 19, 23, 21, 29, 26, 29, 26, 26, 23, 12]
[2, 0, 2, 7, 7, 7, 2, 9, 7, 11, 9, 11, 12, 12, 14, 9, 20, 20, 20, 9, 20, 23, 21, 23, 24, 27, 25, 27, 28, 2]
[2, 9, 2, 2, 9, 8, 8, 9, 0, 11, 9, 11, 14, 12, 11, 18, 18, 11, 20, 18, 20, 9]
[2, 0, 5, 5, 2, 5, 2, 2, 14, 14, 14, 14, 14, 2, 14, 17, 15]
[3, 3, 0, 6, 6, 3, 9, 9, 6, 11, 6, 3]
[2, 0, 5, 5, 2, 2, 2, 2, 11, 11, 2, 11, 12, 13, 13, 2]
[2, 6, 2, 5, 2, 0, 6, 11, 10, 11, 7, 6]
[2, 0, 4, 2, 4, 8, 8, 5, 12, 12, 12, 2, 14, 12, 16, 14, 16, 17, 18, 23, 22, 23, 19, 23, 26, 24, 2]
[0, 1, 1, 1, 6, 13, 8, 13, 11, 11, 8, 8, 1, 13, 16, 18, 16, 19, 14, 19, 19, 1]
[2, 0, 2, 5, 2]
[0, 1, 2, 5, 3, 5, 5, 10, 10, 5, 1]
[5, 1, 5, 5, 0, 8, 8, 5, 5, 12, 12, 9, 12, 16, 16, 13, 16, 19, 17, 5]
[3, 3, 4, 0, 4, 4, 4, 11, 11, 11, 4, 4, 19, 15, 13, 19, 19, 19, 4, 19, 20, 4]
[3, 3, 0, 3, 6, 9, 6, 9, 4, 3, 3, 3, 3, 13, 17, 17, 14, 3]
[4, 4, 4, 0, 4, 8, 8, 5, 8, 14, 14, 11, 11, 8, 16, 14, 16, 19, 17, 23, 23, 23, 19, 25, 23, 25, 25, 25, 30, 28, 30, 33, 30, 4]
[4, 4, 4, 21, 6, 4, 21, 9, 21, 9, 12, 14, 12, 10, 9, 17, 15, 17, 20, 18, 0, 24, 24, 21, 24, 28, 28, 25, 21, 35, 32, 35, 32, 33, 21, 37, 35, 40, 40, 35, 40, 41, 21]
[4, 1, 2, 0, 4, 5, 9, 9, 10, 6, 4]
[3, 3, 9, 9, 8, 8, 8, 9, 0, 11, 13, 13, 9, 15, 13, 13, 16, 17, 21, 21, 18, 9]
[2, 0, 5, 5, 2, 7, 5, 5, 10, 8, 2, 2, 2, 15, 13, 13, 16, 17, 18, 18, 23, 23, 20, 18, 27, 27, 18, 27, 31, 31, 28, 2]
[7, 3, 7, 7, 7, 7, 14, 7, 8, 14, 14, 14, 14, 0, 16, 14, 14]
[11, 11, 2, 2, 2, 2, 8, 2, 2, 11, 0, 11, 14, 12, 14, 15, 16, 19, 17, 11]
[0, 5, 5, 5, 1, 7, 1, 7, 12, 9, 12, 8, 12, 16, 16, 13, 16, 16, 16, 16, 16, 23, 16, 1]
[2, 0, 5, 3, 2, 5, 9, 9, 6, 2, 19, 11, 14, 19, 19, 17, 19, 19, 10, 2]
[16, 4, 4, 16, 4, 7, 5, 7, 11, 11, 8, 16, 16, 16, 16, 0, 18, 16, 16, 21, 19, 16, 16]
[10, 1, 2, 3, 10, 10, 10, 10, 10, 0, 10, 14, 14, 11, 10]
[0, 4, 4, 1, 4, 5, 8, 6, 8, 8, 5, 5, 5, 13, 17, 17, 19, 17, 14, 1]
[3, 3, 0, 5, 3, 5, 9, 9, 5, 9, 3]
[2, 0, 2, 5, 2, 2]
[13, 1, 2, 7, 7, 7, 1, 7, 10, 8, 13, 13, 0, 18, 18, 18, 18, 13, 20, 18, 20, 23, 21, 13]
[5, 5, 4, 5, 0, 7, 5, 7, 10, 8, 5]
[4, 3, 4, 0, 4, 7, 5, 7, 8, 8, 12, 10, 4]
[4, 4, 4, 0, 8, 8, 8, 4, 10, 8, 10, 13, 11, 4]
[2, 4, 2, 6, 6, 0, 6, 6, 12, 12, 12, 6, 14, 12, 14, 6]
[2, 0, 2, 5, 2, 11, 11, 11, 11, 11, 5, 13, 11, 13, 17, 17, 14, 17, 17, 17, 2, 2, 28, 23, 28, 28, 28, 2, 28, 32, 32, 29, 2]
[7, 7, 2, 6, 6, 2, 0, 7]
[5, 5, 5, 5, 0, 5, 8, 9, 6, 5]
[2, 0, 2, 3, 4, 4, 4, 7, 2, 2, 15, 15, 15, 15, 2, 15, 15, 20, 20, 15, 22, 20, 22, 25, 27, 25, 23, 2]
[14, 1, 14, 6, 6, 14, 6, 10, 10, 13, 10, 13, 7, 0, 14, 18, 18, 15, 14]
[5, 5, 5, 5, 0, 5]
[8, 3, 8, 8, 8, 7, 8, 15, 15, 12, 12, 15, 15, 15, 0, 20, 20, 20, 20, 15, 15]
[2, 0, 2, 2, 2, 2, 9, 9, 2, 2]
[0, 1, 1, 1, 6, 1, 1]
[2, 0, 2]
[13, 1, 5, 5, 2, 5, 9, 9, 6, 13, 12, 13, 0, 15, 13, 20, 20, 20, 20, 13, 20, 23, 21, 13, 13, 27, 30, 27, 27, 13, 30, 30, 32, 13]
[2, 0, 4, 2, 9, 9, 9, 9, 4, 9, 13, 13, 10, 2]
[2, 3, 0, 5, 3, 5, 8, 5, 5, 5, 5, 11, 14, 12, 3]
[2, 0, 2, 5, 2, 2]
[13, 1, 1, 6, 6, 3, 3, 7, 13, 13, 13, 13, 0, 13, 19, 15, 19, 17, 13, 19, 19, 21, 22, 22, 13]
[6, 5, 2, 5, 6, 0, 9, 9, 6, 9, 6]
[14, 3, 5, 3, 1, 14, 8, 14, 14, 11, 14, 14, 14, 0, 14, 17, 15, 14, 25, 25, 25, 23, 25, 25, 14, 25, 28, 26, 28, 34, 34, 34, 34, 29, 36, 28, 14]
[0, 1, 4, 1, 1]
[0, 1, 4, 2, 4, 7, 5, 7, 7, 13, 13, 13, 4, 13, 17, 17, 14, 1]
[4, 4, 4, 13, 6, 4, 6, 9, 7, 13, 13, 13, 0, 13, 14, 17, 20, 17, 20, 15, 20, 13]
[2, 4, 4, 0, 6, 8, 6, 4, 4, 11, 9, 11, 15, 15, 11, 18, 18, 15, 18, 4, 4, 24, 24, 4, 24, 28, 28, 25, 4]
[3, 3, 13, 6, 6, 3, 6, 9, 7, 13, 13, 13, 0, 13, 13, 17, 13, 13]
[5, 5, 5, 5, 0, 5, 5, 12, 12, 12, 12, 7, 5]
[3, 3, 0, 6, 6, 3, 3]
[2, 0, 2, 5, 3, 2, 2, 2]
[5, 5, 5, 5, 20, 5, 5, 9, 5, 16, 12, 16, 12, 15, 12, 9, 20, 20, 20, 0, 20, 21, 22, 25, 22, 20]
[2, 3, 0, 3, 4, 7, 3, 7, 11, 11, 8, 3, 3, 3, 16, 3, 16, 3]
[2, 0, 2, 8, 6, 8, 8, 3, 2, 9, 2]
[0, 1, 1, 5, 3, 14, 14, 14, 10, 14, 10, 11, 14, 5, 14, 14, 1, 1, 1, 1, 29, 21, 22, 22, 22, 27, 25, 29, 1, 31, 29, 29, 37, 37, 34, 34, 32, 1]
[3, 3, 0, 8, 6, 8, 6, 3, 8, 11, 9, 8, 15, 15, 12, 3]
[3, 3, 0, 3, 6, 4, 6, 10, 10, 11, 7, 14, 14, 11, 14, 17, 19, 17, 15, 3]
[3, 3, 9, 3, 9, 9, 8, 6, 0, 12, 12, 9, 9]
[2, 5, 5, 5, 0, 7, 5, 9, 7, 9, 9, 11, 11, 9, 7, 18, 18, 15, 18, 18, 18, 7, 7, 26, 26, 7, 28, 26, 28, 32, 32, 29, 32, 35, 33, 35, 38, 35, 38, 39, 40, 5]
[2, 0, 10, 10, 10, 10, 10, 10, 10, 2, 2, 2, 12, 12, 16, 14, 16, 19, 17, 2]
[3, 3, 0, 3, 6, 4, 3, 9, 3, 9, 10, 13, 11, 3]
[2, 0, 2, 5, 2, 2]
[6, 3, 6, 6, 6, 7, 0, 7, 10, 8, 13, 13, 10, 13, 18, 17, 18, 14, 7]
[2, 0, 5, 5, 2, 5, 2, 9, 2, 14, 13, 13, 14, 9, 9, 19, 16, 19, 15, 19, 20, 2]
[0, 4, 4, 1, 1, 7, 5, 12, 12, 12, 12, 7, 12, 15, 13, 1]
[4, 1, 4, 0, 6, 4, 4, 4, 10, 8, 4]
[2, 5, 2, 5, 8, 8, 8, 0, 11, 11, 8, 11, 11, 15, 13, 15, 19, 19, 16, 15, 23, 23, 15, 25, 23, 25, 33, 33, 33, 33, 33, 33, 25, 8]
[2, 4, 4, 0, 4, 14, 8, 6, 8, 9, 14, 13, 14, 4, 14, 15, 16, 16, 4]
[2, 5, 2, 5, 7, 7, 0, 7, 11, 11, 8, 11, 15, 15, 12, 15, 19, 19, 16, 7]
[3, 3, 9, 3, 7, 5, 4, 9, 0, 9, 10, 9, 14, 16, 14, 9, 16, 17, 9]
[2, 4, 2, 6, 6, 0, 6, 9, 7, 12, 12, 9, 12, 13, 14, 15, 14, 19, 17, 12, 22, 12, 22, 25, 23, 6]
[10, 3, 1, 3, 7, 7, 4, 10, 10, 0, 10, 11, 12, 10]
[0, 1, 5, 5, 2, 5, 9, 9, 6, 9, 10, 11, 14, 12, 14, 15, 18, 16, 18, 21, 19, 1]
[2, 19, 2, 5, 2, 19, 8, 19, 19, 19, 19, 13, 19, 13, 19, 15, 18, 15, 0, 19]
[2, 0, 2, 8, 8, 8, 8, 3, 8, 9, 10, 2, 17, 17, 17, 17, 2, 19, 21, 21, 17, 23, 21, 17, 35, 27, 35, 27, 27, 29, 30, 27, 35, 35, 17, 35, 2]
[6, 6, 6, 6, 6, 0, 6, 10, 10, 6, 12, 10, 12, 13, 6]
[2, 0, 2, 2, 4, 4, 2, 10, 10, 7, 2]
[3, 3, 0, 3]
[3, 3, 4, 0, 4, 7, 4, 7, 8, 9, 9, 4, 4, 22, 14, 22, 19, 17, 22, 22, 22, 4, 4]
[6, 6, 6, 6, 6, 10, 10, 10, 10, 0, 10, 13, 15, 13, 11, 10]
[4, 3, 4, 5, 0, 5, 8, 6, 8, 8, 8, 13, 11, 5]
[2, 0, 2, 7, 7, 7, 3, 7, 7, 3, 12, 19, 12, 15, 19, 19, 19, 19, 10, 3, 26, 26, 22, 22, 26, 3, 28, 26, 30, 28, 35, 35, 32, 32, 30, 35, 40, 40, 40, 36]
[4, 4, 4, 10, 4, 5, 10, 10, 10, 0, 10, 10, 14, 12, 10]
[5, 5, 5, 5, 0, 5, 8, 6, 8, 8, 10, 8, 16, 16, 16, 5, 16, 16, 5, 5, 5, 23, 24, 29, 24, 29, 29, 29, 5, 5]
[2, 3, 0, 3, 4, 3, 9, 9, 10, 3, 10, 11, 3]
[2, 0, 2, 2]
[5, 5, 5, 5, 12, 7, 5, 7, 12, 12, 12, 0, 12, 12, 14, 15, 20, 19, 20, 15, 14, 14, 24, 22, 26, 24, 26, 12]
[3, 3, 7, 3, 3, 7, 0, 7, 10, 7, 7, 7, 15, 13, 17, 17, 7, 17, 17, 7]
[2, 3, 0, 5, 3, 5, 6, 9, 7, 3]
[0, 7, 7, 7, 7, 7, 1, 12, 12, 12, 12, 7, 14, 12, 1, 1, 20, 20, 18, 1, 20, 20, 24, 22, 29, 27, 29, 29, 24, 1]
[4, 4, 4, 0, 6, 4, 4, 4, 10, 4, 16, 14, 14, 16, 16, 10, 16, 4]
[7, 4, 2, 7, 7, 7, 19, 9, 7, 9, 13, 13, 10, 9, 16, 14, 19, 19, 0, 19, 23, 23, 20, 23, 26, 24, 26, 30, 30, 27, 19]
[2, 0, 4, 2, 2, 7, 5, 7, 8, 2, 2, 13, 11, 13, 16, 14, 16, 19, 16, 2]
[2, 0, 2, 5, 8, 5, 5, 2, 2, 2, 14, 14, 14, 2, 16, 14, 16, 19, 17, 19, 23, 23, 25, 23, 20, 2]
[0, 3, 1, 5, 8, 8, 8, 3, 8, 3, 12, 10, 3, 13, 1, 1, 19, 19, 1, 19, 22, 19, 19, 19, 26, 19, 1]
[5, 3, 5, 5, 0, 5]
[5, 5, 5, 5, 0, 5, 5, 9, 23, 9, 9, 11, 14, 12, 14, 18, 18, 15, 9, 23, 22, 23, 5, 23, 23, 27, 25, 5]
[2, 0, 4, 2, 4, 5, 6, 9, 6, 9, 13, 13, 10, 13, 14, 13, 9, 9, 9, 21, 19, 19, 24, 22, 2]
[8, 4, 4, 1, 8, 7, 8, 0, 10, 8, 13, 13, 10, 15, 8, 17, 15, 8]
[4, 3, 4, 5, 0, 7, 5, 9, 7, 7, 12, 7, 12, 5]
[5, 4, 2, 5, 11, 7, 5, 11, 10, 11, 0, 14, 14, 11, 14, 14, 18, 14, 20, 18, 20, 24, 24, 21, 11]
[2, 0, 2, 3, 6, 4, 8, 6, 8, 9, 14, 14, 14, 10, 14, 2]
[13, 8, 8, 8, 4, 7, 4, 1, 13, 11, 13, 13, 0, 15, 13, 23, 23, 23, 20, 23, 20, 20, 15, 13]
[2, 0, 2, 3, 6, 4, 4, 4, 12, 11, 12, 8, 4, 4, 4, 19, 19, 19, 15, 21, 19, 19, 25, 25, 22, 2]
[4, 4, 4, 8, 4, 7, 5, 0, 13, 13, 13, 13, 8, 8]
[2, 3, 4, 0, 8, 8, 8, 4, 4]
[13, 1, 5, 5, 2, 5, 9, 9, 5, 13, 13, 13, 0, 17, 17, 17, 13, 20, 20, 17, 20, 23, 21, 23, 24, 25, 26, 26, 31, 31, 28, 13]
[4, 4, 4, 28, 4, 7, 4, 4, 4, 9, 13, 13, 10, 13, 14, 17, 15, 17, 18, 18, 23, 23, 17, 23, 23, 27, 28, 0, 30, 28, 30, 31, 28]
[19, 1, 1, 19, 6, 19, 8, 6, 8, 9, 12, 9, 9, 19, 19, 19, 19, 19, 0, 19, 22, 20, 19]
[3, 3, 0, 3, 3, 8, 8, 3, 10, 8, 10, 11, 14, 10, 14, 15, 16, 17, 3]
[2, 8, 2, 2, 6, 2, 8, 0, 8, 8, 8, 8, 14, 25, 14, 21, 18, 21, 21, 21, 14, 21, 25, 25, 8, 25, 25, 25, 25, 25, 33, 33, 25, 35, 33, 8]
[11, 4, 4, 1, 4, 4, 4, 11, 11, 11, 0, 13, 11, 18, 18, 18, 18, 13, 18, 22, 22, 18, 25, 25, 22, 11]
[3, 3, 9, 5, 3, 9, 9, 9, 0, 9, 10, 9]
[6, 6, 4, 6, 4, 0, 8, 6, 11, 11, 8, 8, 14, 12, 14, 17, 15, 12, 12, 21, 12, 21, 24, 22, 24, 24, 29, 29, 26, 6]
[3, 3, 0, 5, 3, 3, 13, 13, 13, 13, 13, 13, 3, 15, 13, 18, 18, 15, 3]
[4, 4, 4, 7, 4, 5, 0, 11, 11, 11, 7, 11, 14, 12, 14, 18, 18, 19, 14, 22, 22, 19, 22, 25, 23, 25, 25, 25, 22, 22, 32, 30, 7]
[7, 1, 4, 1, 1, 7, 0, 9, 7, 12, 12, 9, 16, 16, 16, 12, 18, 19, 16, 7]
[3, 3, 0, 3]
[6, 6, 2, 5, 2, 0, 6, 9, 7, 9, 13, 13, 10, 9, 14, 18, 18, 15, 20, 18, 20, 21, 6]
[4, 4, 4, 0, 4, 4]
[3, 3, 0, 3, 4, 5, 5, 5, 3, 17, 12, 13, 10, 15, 13, 17, 3, 19, 17, 3]
[10, 10, 10, 3, 4, 5, 10, 10, 10, 0, 12, 14, 12, 10, 10, 10, 10, 19, 17, 19, 22, 20, 10]
[2, 5, 5, 5, 0, 5, 10, 10, 10, 6, 10, 13, 11, 13, 16, 13, 13, 13, 20, 13, 5]
[2, 4, 4, 0, 4]
[4, 4, 4, 0, 4, 4, 10, 10, 10, 4, 12, 10, 16, 16, 16, 12, 4]
[5, 5, 5, 5, 0, 5, 11, 11, 8, 8, 6, 5, 5, 17, 17, 17, 5, 20, 20, 17, 22, 20, 24, 22, 24, 25, 28, 26, 28, 31, 28, 5]
[2, 8, 2, 8, 8, 8, 8, 0, 8, 11, 12, 8, 12, 12, 12]
[5, 5, 5, 5, 0, 7, 5, 10, 10, 7, 7, 5]
[2, 3, 0, 7, 7, 7, 3, 7, 10, 14, 10, 14, 12, 8, 3]
[4, 3, 4, 0, 4, 8, 8, 5, 8, 9, 10, 13, 16, 13, 16, 11, 4]
[10, 10, 10, 7, 7, 7, 3, 10, 10, 0, 14, 14, 14, 10, 10]
[5, 5, 5, 5, 0, 5, 6, 16, 16, 16, 14, 14, 14, 10, 16, 7, 16, 20, 20, 16, 20, 21, 22, 26, 26, 23, 5]
[2, 0, 6, 6, 6, 2, 2, 9, 2, 9, 12, 9, 9, 16, 16, 13, 18, 16, 18, 18, 22, 20, 9, 9, 26, 24, 29, 29, 26, 29, 30, 2]
[2, 5, 5, 5, 0, 7, 5, 7, 8, 9, 14, 14, 14, 10, 5, 5, 19, 19, 5, 21, 19, 24, 24, 21, 21, 5]
[5, 1, 4, 1, 0, 5]
[5, 5, 5, 5, 0, 5, 8, 6, 8, 11, 9, 8, 12, 8, 16, 8, 16, 17, 21, 21, 18, 21, 16, 23, 5]
[4, 4, 4, 0, 7, 7, 4, 7, 10, 8, 4, 13, 4, 16, 16, 13, 18, 16, 18, 18, 18, 18, 22, 22, 29, 29, 29, 29, 22, 31, 29, 31, 34, 32, 4, 4]
[3, 3, 22, 3, 3, 3, 8, 10, 8, 6, 10, 13, 11, 18, 16, 18, 16, 3, 22, 22, 22, 0, 26, 25, 26, 22, 26, 27, 28, 28, 22]
[2, 0, 4, 2, 10, 8, 8, 10, 10, 4, 10, 13, 10, 13, 13, 17, 15, 17, 22, 22, 22, 18, 2, 2, 26, 28, 28, 2, 2]
[7, 7, 4, 7, 7, 7, 18, 9, 7, 9, 10, 13, 11, 18, 18, 18, 18, 0, 20, 18, 22, 23, 20, 18]
[4, 4, 4, 19, 4, 4, 4, 10, 10, 4, 10, 11, 14, 12, 19, 19, 19, 19, 0, 19, 23, 23, 19, 19]
[3, 3, 26, 3, 4, 3, 3, 10, 10, 11, 7, 11, 15, 15, 12, 15, 18, 16, 15, 23, 23, 23, 19, 3, 26, 0, 26, 32, 32, 32, 32, 27, 26]
[2, 9, 2, 7, 7, 7, 3, 9, 0, 9, 12, 10, 9, 9, 20, 20, 20, 20, 20, 9, 9]
[11, 1, 9, 5, 9, 9, 9, 9, 2, 11, 0, 14, 14, 11, 14, 18, 18, 15, 18, 21, 18, 27, 27, 27, 27, 27, 14, 27, 11]
[4, 4, 4, 16, 4, 4, 10, 10, 10, 6, 16, 16, 16, 16, 16, 0, 16, 21, 21, 21, 17, 23, 21, 23, 16]
[2, 15, 5, 5, 2, 2, 2, 11, 11, 11, 7, 15, 15, 15, 0, 15, 16, 19, 17, 19, 22, 20, 15]
[0, 3, 1, 3, 3, 3, 3, 9, 3, 11, 14, 14, 14, 9, 14, 17, 15, 14, 20, 14, 14, 23, 21, 23, 24, 27, 25, 23, 23, 33, 33, 33, 29, 1]
[3, 3, 7, 3, 6, 4, 0, 9, 10, 7, 7]
[4, 4, 4, 0, 4]
[2, 0, 2, 3, 4, 5, 8, 5, 5, 5, 15, 13, 15, 15, 5, 2]
[0, 1, 4, 5, 2, 1]
[3, 3, 5, 5, 0, 5, 6, 10, 10, 7, 10, 11, 5, 5, 16, 20, 16, 20, 20, 26, 23, 23, 20, 23, 23, 5, 28, 26, 26, 31, 29, 5]
[4, 3, 4, 0, 6, 4, 8, 6, 6, 11, 9, 11, 15, 15, 12, 15, 18, 16, 4]
[5, 5, 5, 5, 0, 5, 5, 7, 13, 13, 13, 13, 8, 15, 25, 21, 21, 21, 18, 21, 15, 21, 25, 25, 13, 25, 28, 26, 5]
[2, 0, 2, 6, 6, 7, 3, 7, 8, 12, 12, 7, 12, 13, 14, 17, 14, 2]
[2, 8, 2, 3, 6, 4, 8, 0, 14, 11, 14, 11, 12, 8, 14, 18, 18, 15, 8]
[0, 1, 4, 1, 9, 9, 8, 9, 1, 11, 9, 1]
[3, 3, 0, 3, 6, 4, 3, 3, 14, 12, 12, 9, 14, 3, 14, 18, 18, 19, 15, 21, 19, 24, 24, 25, 21, 14, 14, 29, 27, 29, 29, 3]
[5, 5, 5, 5, 0, 5, 5]
[2, 0, 4, 2, 4, 5, 4, 7, 10, 7, 10, 13, 11, 2, 2]
[3, 3, 0, 3]
[9, 9, 4, 9, 9, 9, 9, 9, 0, 12, 12, 9, 9, 9, 9, 17, 15, 21, 21, 21, 17, 21, 21, 21, 26, 21, 9]
[4, 4, 4, 0, 7, 7, 4, 7, 11, 11, 7, 4, 4, 17, 17, 17, 4, 19, 25, 19, 22, 19, 24, 25, 17, 4]
[2, 0, 4, 2, 2, 7, 5, 7, 11, 11, 8, 7, 14, 7, 14, 15, 18, 15, 2, 2]
[3, 3, 10, 6, 6, 3, 6, 9, 7, 0, 15, 15, 15, 15, 10, 17, 15, 21, 20, 21, 17, 21, 10]
[0, 5, 4, 5, 1, 7, 5, 1]
[0, 1, 5, 5, 2, 5, 6, 1]
[4, 1, 4, 9, 4, 8, 8, 4, 0, 11, 9, 11, 15, 15, 12, 15, 18, 15, 20, 18, 20, 24, 22, 20, 9]
[4, 1, 4, 0, 4, 7, 4, 4]
[2, 5, 5, 5, 0, 7, 9, 7, 5, 11, 5, 11, 11, 13, 5]
[9, 3, 4, 5, 1, 7, 9, 9, 0, 9, 10, 11, 14, 12, 11, 15, 16, 17, 17, 17, 17, 9, 9, 25, 23, 25, 25, 30, 30, 25, 23, 36, 36, 36, 36, 31, 9]
[3, 3, 0, 3, 6, 3, 3]
[6, 6, 6, 5, 6, 12, 12, 9, 12, 12, 12, 0, 16, 15, 16, 12, 16, 20, 18, 17, 12]
[3, 3, 7, 3, 6, 4, 0, 7, 13, 13, 13, 13, 8, 13, 16, 18, 16, 14, 7, 21, 19, 25, 25, 25, 21, 7]
[3, 3, 0, 3, 7, 7, 3, 3, 11, 11, 3, 3, 3, 15, 3, 15, 15, 3]
[2, 3, 0, 7, 7, 7, 3, 3, 3, 13, 13, 13, 3, 15, 13, 17, 15, 17, 20, 18, 22, 25, 22, 22, 18, 27, 25, 3]
[6, 5, 2, 5, 6, 11, 6, 11, 10, 11, 0, 15, 14, 15, 11, 15, 18, 16, 18, 26, 22, 26, 26, 26, 26, 19, 11]
[3, 3, 0, 6, 6, 3, 3, 3, 10, 8, 12, 3, 14, 12, 12, 17, 15, 3]
[5, 5, 5, 5, 0, 5, 6, 5, 5, 11, 5, 13, 11, 13, 13, 13, 13, 19, 17, 13, 20, 20, 22, 5]
[3, 3, 14, 3, 7, 7, 4, 7, 10, 8, 14, 14, 14, 0, 14, 14, 18, 14, 18, 21, 29, 21, 26, 26, 26, 29, 26, 26, 19, 32, 32, 18, 35, 35, 32, 41, 41, 40, 40, 41, 35, 43, 41, 45, 43, 45, 45, 45, 14]
[15, 3, 5, 3, 15, 5, 6, 7, 11, 11, 8, 15, 14, 15, 24, 24, 18, 24, 18, 19, 20, 20, 24, 0, 24, 28, 28, 25, 32, 31, 32, 28, 35, 35, 32, 24]
[0, 1, 4, 2, 4, 8, 8, 5, 8, 11, 9, 11, 14, 11, 31, 18, 18, 31, 22, 22, 22, 18, 22, 22, 22, 25, 28, 26, 31, 31, 14, 34, 34, 31, 34, 37, 35, 1]
[5, 5, 4, 5, 0, 7, 5, 7, 8, 12, 12, 9, 5]
[3, 3, 0, 5, 3, 7, 5, 7, 10, 7, 7, 7, 14, 7, 3]
[3, 3, 0, 6, 6, 3, 6, 7, 12, 9, 12, 8, 14, 12, 12, 18, 18, 19, 12, 3, 3, 24, 22, 29, 24, 28, 26, 24, 3, 31, 29, 3]
[2, 3, 0, 6, 6, 3, 3, 7, 3, 12, 12, 16, 12, 16, 16, 9, 3, 19, 17, 19, 20, 3]
[2, 0, 5, 5, 2, 5, 8, 6, 5, 5, 14, 14, 14, 5, 14, 20, 18, 20, 20, 15, 2]
[5, 5, 2, 2, 0, 5]
[2, 14, 2, 6, 6, 2, 6, 7, 11, 11, 8, 14, 14, 0, 16, 14, 14, 14, 14, 21, 22, 14, 22, 22, 14]
[2, 6, 6, 6, 6, 0, 6, 6, 8, 13, 12, 13, 9, 15, 13, 15, 15, 17, 15, 19, 20, 21, 6]
[0, 1, 8, 5, 8, 5, 5, 2, 8, 11, 9, 15, 14, 15, 1, 17, 15, 1]
[0, 1, 2, 1, 6, 7, 1, 9, 7, 1]
[2, 0, 2, 3, 9, 7, 9, 9, 2, 9, 2, 2]
[4, 4, 4, 0, 4, 7, 10, 7, 10, 5, 13, 13, 4, 13, 14, 13, 13, 17, 18, 18, 23, 23, 20, 23, 24, 28, 28, 25, 4]
[2, 0, 5, 5, 2, 5, 2, 9, 7, 11, 12, 9, 2]
[0, 1, 4, 1, 1, 1, 9, 9, 6, 21, 21, 11, 14, 17, 14, 17, 11, 21, 21, 21, 9, 21, 24, 22, 24, 24, 29, 29, 26, 1]
[2, 4, 4, 0, 6, 4, 4, 4, 8, 8, 8, 8, 8, 13, 14, 15, 18, 16, 4]
[8, 3, 8, 3, 6, 4, 8, 16, 8, 11, 9, 16, 16, 16, 16, 0, 16, 17, 18, 21, 18, 21, 22, 26, 26, 21, 26, 31, 31, 31, 26, 31, 35, 35, 32, 37, 35, 37, 37, 16]
[2, 6, 6, 6, 6, 0, 6, 9, 7, 6, 10, 13, 11, 6]
[5, 5, 5, 5, 0, 7, 5, 10, 10, 14, 14, 14, 14, 7, 16, 14, 16, 16, 16, 19, 22, 24, 22, 16, 5]
[2, 0, 4, 2, 4, 7, 5, 7, 10, 7, 2]
[3, 3, 0, 3]
[3, 3, 0, 7, 7, 7, 3, 7, 10, 7, 7, 13, 7, 7, 3, 22, 16, 22, 22, 22, 22, 3, 24, 22, 24, 27, 25, 3]
[4, 4, 4, 0, 4, 7, 5, 11, 11, 11, 7, 11, 15, 15, 4, 4, 4]
[8, 3, 1, 8, 8, 5, 6, 0, 8, 11, 9, 11, 14, 12, 14, 15, 8]
[2, 0, 5, 5, 2, 5, 6, 5, 12, 12, 12, 8, 15, 15, 5, 17, 15, 2]
[5, 3, 5, 5, 0, 5]
[3, 3, 0, 6, 6, 3, 6, 6, 10, 6, 13, 13, 10, 10, 10, 10, 19, 19, 16, 19, 20, 23, 21, 3]
[12, 1, 2, 3, 3, 3, 3, 3, 3, 12, 12, 0, 15, 15, 12, 15, 18, 16, 12, 21, 19, 12]
[2, 11, 4, 2, 4, 2, 8, 6, 11, 11, 0, 11, 11, 11, 11, 18, 18, 15, 18, 21, 19, 11]
[0, 1, 2, 1, 7, 7, 1, 7, 11, 11, 8, 1]
[3, 3, 0, 3, 4, 5, 9, 9, 3, 12, 12, 9, 16, 16, 16, 12, 16, 19, 17, 3]
[0, 1, 4, 2, 4, 7, 4, 1]
[4, 4, 4, 0, 6, 4, 6, 10, 10, 7]
[21, 3, 9, 3, 4, 5, 8, 6, 1, 11, 9, 11, 17, 13, 17, 17, 12, 21, 21, 21, 0, 23, 21, 25, 23, 25, 28, 26, 23, 31, 29, 21]
[3, 3, 17, 3, 6, 4, 6, 11, 11, 11, 6, 11, 15, 15, 12, 17, 0, 17, 17, 22, 22, 23, 17, 25, 26, 23, 23, 29, 27, 33, 33, 33, 29, 36, 36, 33, 17]
[9, 4, 4, 1, 9, 8, 8, 9, 0, 9, 9, 13, 11, 9, 9, 9, 18, 25, 20, 18, 25, 25, 25, 25, 9, 25, 25, 27, 27, 31, 29, 9]
[17, 6, 6, 3, 3, 1, 6, 10, 10, 7, 17, 17, 12, 13, 17, 17, 0, 17]
[7, 7, 7, 7, 7, 7, 0]
[9, 3, 1, 3, 6, 4, 9, 9, 0, 9, 9, 9, 17, 17, 17, 17, 9, 19, 17, 9]
[17, 1, 11, 5, 11, 9, 9, 9, 5, 9, 2, 17, 17, 13, 17, 17, 0, 17]
[3, 3, 8, 3, 4, 5, 6, 0, 10, 8, 10, 15, 15, 15, 11, 15, 16, 10, 21, 21, 10, 26, 26, 26, 26, 21, 21, 30, 30, 10, 8]
[0, 3, 1, 3, 4, 5, 8, 6, 1]
[2, 0, 2, 3, 9, 9, 9, 9, 3, 9, 13, 13, 10, 13, 14, 15, 2]
[2, 0, 4, 2, 6, 4, 4, 12, 12, 12, 12, 4, 12, 16, 16, 12, 18, 16, 18, 18, 23, 23, 20, 2]
[2, 0, 5, 5, 2, 5, 2]
[4, 4, 4, 0, 7, 7, 4, 4, 10, 8, 4]
[2, 4, 4, 0, 4, 8, 8, 5, 8, 12, 12, 9, 12, 12, 12, 12, 12, 12, 12, 12, 22, 12, 4]
[5, 3, 5, 5, 0, 8, 8, 5, 10, 8, 8, 8, 17, 17, 17, 17, 12, 17, 18, 8, 22, 8, 25, 25, 22, 25, 29, 29, 26, 5]
[5, 4, 4, 5, 0, 7, 5, 10, 10, 5, 5, 5, 14, 18, 14, 18, 18, 5, 18, 18, 24, 24, 24, 20, 24, 27, 25, 5]
[5, 5, 2, 2, 0, 8, 8, 5, 11, 11, 8, 13, 11, 13, 5]
[4, 4, 4, 22, 4, 7, 5, 22, 10, 22, 13, 13, 10, 13, 14, 22, 21, 19, 21, 19, 22, 0, 25, 23, 22, 25, 28, 31, 28, 31, 26, 22]
[3, 3, 0, 5, 3, 5, 10, 7, 10, 6, 12, 10, 12, 16, 16, 12, 3]
[8, 8, 6, 6, 6, 2, 6, 0, 8]
[5, 1, 2, 5, 0, 5]
[5, 5, 5, 5, 0, 5, 6, 10, 10, 5, 10, 10, 10, 10, 5]
[5, 5, 5, 5, 0, 5]
[2, 8, 2, 3, 4, 4, 8, 0, 10, 8, 8, 8, 15, 15, 22, 17, 15, 15, 22, 22, 20, 8, 24, 22, 28, 28, 28, 24, 8]
[0, 1, 5, 5, 2, 7, 5, 7, 10, 8, 7, 7, 15, 15, 12, 1]
[3, 3, 0, 3, 7, 7, 4, 7, 11, 11, 8, 3]
[3, 3, 0, 6, 6, 3, 3, 11, 10, 11, 7, 3]
[6, 6, 6, 6, 4, 0, 9, 9, 6, 9, 12, 10, 14, 9, 21, 17, 20, 17, 20, 21, 14, 21, 24, 22, 6]
[6, 1, 2, 6, 6, 0, 6, 10, 10, 7, 10, 11, 12, 18, 14, 18, 18, 21, 21, 21, 12, 6]
[3, 3, 0, 3, 8, 5, 5, 4, 8, 12, 12, 8, 12, 13, 3]
[2, 0, 4, 2, 7, 7, 4, 7, 11, 11, 8, 4, 12, 13, 13, 15, 2]
[5, 1, 4, 2, 0, 7, 5, 7, 13, 9, 12, 10, 8, 13, 13, 5, 5, 19, 32, 19, 22, 20, 32, 32, 27, 27, 24, 27, 27, 32, 32, 5, 32, 36, 36, 33, 5]
[7, 3, 7, 7, 7, 7, 14, 14, 14, 14, 14, 14, 14, 0, 14]
[2, 0, 2, 6, 6, 3, 2, 2, 13, 13, 13, 13, 2, 13, 17, 17, 14, 2]
[2, 5, 2, 5, 6, 0, 9, 9, 6, 11, 9, 11, 11, 16, 16, 13, 6, 6, 21, 21, 22, 6, 29, 29, 24, 28, 28, 25, 22, 29, 6]
[2, 12, 2, 6, 6, 3, 6, 9, 7, 12, 12, 0, 12, 12, 12, 25, 25, 17, 17, 17, 20, 21, 17, 25, 15, 12]
[4, 4, 4, 0, 6, 4, 8, 6, 8, 8, 6, 11, 14, 12, 4, 17, 18, 4, 20, 18, 20, 20, 20, 20, 20, 4]
[5, 5, 5, 5, 13, 7, 5, 13, 13, 13, 13, 13, 0, 13, 13]
[5, 5, 5, 5, 0, 5, 9, 9, 6, 5]
[6, 6, 2, 5, 3, 0, 6]
[2, 3, 0, 6, 6, 3, 6, 9, 6, 11, 6, 11, 14, 12, 3, 3, 18, 21, 20, 18, 3, 26, 26, 26, 26, 21, 26, 33, 33, 33, 32, 33, 27, 33, 37, 37, 34, 39, 33, 39, 43, 43, 40, 39, 44, 3]
[6, 6, 6, 5, 6, 0, 6]
[2, 0, 2, 2, 2, 2, 8, 6, 2, 2, 12, 10, 2, 15, 23, 19, 19, 19, 15, 23, 23, 23, 2, 23, 2]
[2, 6, 6, 6, 6, 0, 6, 6, 10, 18, 15, 14, 14, 15, 10, 18, 18, 6, 21, 21, 18, 21, 22, 25, 23, 6]
[3, 3, 0, 3, 3, 7, 5, 9, 7, 9, 10, 3, 3, 3, 14, 14, 16, 17, 17, 19, 16, 16, 16, 23, 24, 27, 24, 3]
[2, 6, 2, 6, 6, 0, 6, 9, 7, 9, 12, 10, 12, 16, 16, 18, 18, 12, 18, 21, 19, 24, 24, 21, 29, 29, 29, 27, 24, 31, 29, 6]
[3, 3, 0, 3, 6, 4, 6, 9, 7, 3]
[15, 1, 5, 5, 1, 1, 15, 9, 15, 9, 14, 11, 14, 9, 0, 15, 19, 19, 15, 19, 23, 23, 20, 23, 24, 15]
[3, 3, 0, 8, 6, 8, 8, 3, 10, 8, 10, 3, 16, 16, 16, 3, 16, 19, 17, 3]
[3, 3, 5, 5, 0, 5, 9, 9, 6, 11, 9, 5]
