[3, 3, 9, 3, 4, 5, 8, 6, 0, 9, 20, 16, 16, 16, 16, 11, 20, 20, 20, 9, 23, 23, 20, 23, 24, 9]
[4, 4, 4, 16, 4, 5, 4, 4, 8, 9, 16, 16, 16, 16, 16, 0, 18, 16, 16]
[3, 3, 0, 3, 7, 7, 4, 7, 10, 12, 12, 7, 3]
[4, 4, 4, 0, 4, 5, 10, 10, 10, 6, 5, 5, 12, 12, 14, 12, 12, 19, 22, 19, 22, 12, 4]
[2, 0, 4, 2, 4, 5, 4, 4, 13, 13, 13, 13, 8, 16, 16, 13, 2]
[8, 8, 4, 8, 4, 4, 8, 0, 12, 12, 12, 8, 12, 15, 13, 8, 18, 8, 18, 21, 19, 8]
[3, 3, 0, 3, 6, 4, 3, 11, 11, 11, 7, 3, 3, 3, 18, 18, 18, 3, 23, 23, 23, 23, 18, 23, 28, 28, 28, 24, 28, 32, 32, 29, 3]
[2, 0, 2, 3, 22, 5, 22, 13, 13, 9, 12, 10, 22, 17, 17, 17, 13, 19, 17, 22, 22, 2, 22, 26, 26, 23, 22, 27, 2]
[2, 14, 14, 11, 11, 5, 8, 5, 8, 8, 14, 14, 14, 0, 14, 15, 14]
[4, 3, 4, 0, 4, 7, 5, 7, 8, 9, 10, 4]
[0, 1, 2, 5, 3, 5, 9, 9, 6, 9, 9, 9, 15, 15, 9, 9, 9, 9, 9, 9, 22, 9, 9, 1, 1, 1, 28, 26, 32, 29, 32, 28, 32, 33, 33, 33, 1]
[9, 3, 4, 1, 9, 9, 9, 9, 0, 9, 10, 10, 16, 16, 16, 12, 9]
[4, 3, 4, 0, 4]
[2, 0, 2, 6, 6, 3, 6, 10, 10, 7, 2]
[3, 3, 4, 0, 7, 7, 4, 7, 7, 11, 7, 4, 4, 15, 13, 17, 13, 17, 4]
[5, 5, 5, 5, 0, 5, 5, 9, 11, 11, 5, 13, 11, 5]
[3, 3, 9, 3, 6, 3, 9, 9, 0, 12, 12, 9, 12, 15, 18, 15, 15, 13, 9, 21, 9, 32, 25, 25, 32, 25, 25, 25, 30, 28, 32, 21, 32, 36, 36, 32, 36, 39, 37, 9]
[3, 3, 5, 5, 0, 5, 8, 13, 8, 8, 13, 13, 5, 5]
[2, 6, 6, 6, 6, 0, 6, 6, 13, 13, 13, 13, 8, 13, 6, 20, 20, 20, 20, 6, 20, 20, 26, 26, 26, 22, 6]
[2, 0, 2, 2, 6, 4, 6, 9, 6, 9, 15, 15, 15, 15, 10, 2]
[4, 4, 4, 0, 14, 9, 9, 9, 14, 9, 12, 10, 14, 4, 16, 14, 19, 19, 16, 16, 22, 20, 24, 25, 22, 25, 25, 4]
[2, 7, 2, 5, 3, 7, 0, 9, 7, 11, 9, 11, 14, 12, 7]
[2, 4, 4, 0, 7, 7, 4, 7, 13, 13, 13, 13, 7, 15, 13, 13]
[2, 6, 2, 5, 3, 0, 15, 9, 15, 9, 9, 11, 12, 9, 6, 18, 18, 15, 18, 22, 22, 19, 22, 25, 23, 6]
[14, 14, 8, 8, 8, 5, 5, 2, 14, 11, 14, 14, 14, 0, 14, 18, 18, 14, 18, 18, 14]
[2, 4, 4, 0, 7, 7, 4, 9, 4, 14, 12, 14, 14, 9, 4, 4, 18, 4, 18, 4]
[2, 0, 2, 6, 6, 3, 6, 7, 10, 15, 15, 15, 14, 15, 6, 15, 15, 15, 18, 23, 22, 23, 19, 23, 28, 28, 28, 24, 2]
[3, 3, 5, 5, 0, 5, 5, 5, 11, 11, 12, 8, 14, 12, 14, 18, 18, 15, 18, 21, 18, 5]
[5, 5, 5, 5, 0, 5, 8, 9, 6, 9, 12, 10, 9, 9, 14, 14, 14, 14, 14, 14, 14, 23, 14, 14, 14, 28, 28, 14, 5]
[5, 5, 5, 5, 7, 7, 0, 9, 7, 9, 12, 9, 12, 13, 14, 15, 7]
[0, 1, 4, 2, 4, 7, 4]
[2, 8, 2, 2, 6, 4, 2, 0, 8, 9, 8]
[3, 3, 8, 3, 3, 8, 8, 0, 10, 8, 8]
[2, 5, 2, 3, 0, 5, 8, 6, 8, 9, 15, 15, 15, 15, 9, 15, 18, 16, 18, 5, 5]
[5, 5, 4, 5, 0, 5, 9, 9, 6, 9, 12, 10, 14, 9, 14, 14, 22, 21, 21, 21, 22, 16, 22, 26, 26, 14, 29, 27, 26, 29, 5]
[3, 1, 7, 7, 7, 7, 0, 7, 7, 7, 12, 7, 15, 15, 12, 15, 16, 12, 20, 18, 7]
[5, 5, 5, 5, 0, 7, 5, 9, 7, 9, 9, 7, 15, 15, 12, 20, 18, 20, 20, 7, 20, 21, 5]
[2, 0, 2, 3, 4, 2, 6, 7, 15, 11, 15, 15, 14, 15, 8]
[5, 5, 5, 5, 11, 11, 8, 11, 11, 11, 0, 13, 11, 13, 16, 14, 11, 17, 11]
[3, 3, 0, 5, 3, 10, 10, 10, 10, 5, 15, 15, 15, 15, 10, 15, 16, 19, 17, 19, 20, 3]
[3, 3, 0, 3, 6, 4, 8, 6, 3]
[6, 6, 6, 5, 6, 0, 6, 10, 10, 7, 6]
[2, 3, 0, 5, 3, 3]
[4, 4, 4, 0, 4, 8, 8, 5, 4]
[0, 1, 6, 6, 6, 2, 1, 1, 10, 1, 14, 14, 14, 10, 14, 18, 18, 14, 1]
[2, 11, 2, 6, 6, 3, 11, 9, 11, 11, 0, 13, 11, 15, 13, 15, 18, 15, 15, 15, 22, 20, 15, 15, 15, 25, 28, 26, 11]
[5, 5, 2, 2, 17, 5, 11, 11, 11, 11, 6, 17, 14, 17, 17, 17, 0, 17, 21, 21, 18, 17]
[2, 0, 4, 5, 6, 2, 6, 7, 11, 11, 8, 8, 2]
[4, 4, 4, 0, 4, 4, 8, 6, 10, 8, 10, 16, 14, 16, 14, 11, 4]
[2, 13, 2, 5, 7, 5, 3, 10, 10, 13, 10, 13, 0, 16, 16, 13, 16, 17, 20, 18, 13]
[9, 9, 9, 9, 9, 9, 9, 9, 0, 9, 9, 11, 14, 12, 14, 20, 20, 20, 20, 15, 9]
[7, 7, 7, 7, 6, 7, 0, 7, 7, 15, 15, 15, 15, 15, 7, 7]
[2, 3, 0, 5, 3, 5, 8, 6, 5, 11, 9, 3]
[5, 5, 5, 5, 0, 5, 6, 9, 7, 5]
[21, 1, 4, 2, 1, 7, 1, 7, 10, 8, 21, 15, 15, 15, 21, 21, 21, 21, 21, 21, 0, 21, 26, 26, 26, 22, 29, 29, 21, 29, 33, 31, 30, 33, 21]
[2, 10, 2, 5, 2, 5, 6, 10, 10, 0, 13, 13, 10, 10, 10, 20, 20, 20, 20, 26, 26, 26, 26, 26, 26, 10, 10]
[3, 3, 0, 20, 7, 7, 20, 7, 11, 11, 8, 13, 7, 13, 13, 13, 20, 20, 20, 3, 20, 23, 21, 3]
[2, 0, 4, 2, 2, 7, 2, 11, 11, 11, 7, 7, 14, 12, 2]
[6, 3, 6, 3, 6, 9, 9, 9, 0, 9, 12, 9, 16, 16, 14, 12, 19, 19, 16, 16, 9, 9, 27, 25, 27, 27, 22, 29, 27, 29, 34, 34, 34, 30, 36, 34, 36, 41, 41, 41, 37, 9]
[0, 1, 9, 5, 9, 9, 9, 9, 2, 13, 13, 13, 9, 1]
[3, 3, 18, 5, 3, 5, 6, 5, 5, 3, 12, 14, 12, 10, 18, 17, 18, 0, 18, 19, 19, 18]
[12, 12, 4, 12, 4, 7, 5, 9, 7, 12, 12, 0, 12, 15, 13, 15, 18, 16, 12]
[3, 3, 18, 5, 3, 7, 5, 9, 7, 7, 14, 14, 14, 10, 18, 18, 18, 0, 18, 18, 22, 20, 22, 23, 18]
[4, 4, 4, 0, 6, 4, 6, 7, 4, 4, 4, 11, 4]
[2, 0, 6, 5, 6, 2, 8, 2, 13, 13, 13, 13, 8, 13, 16, 14, 2]
[5, 5, 4, 5, 0, 5]
[2, 0, 2, 5, 2, 2, 2, 9, 2, 9, 9, 11, 12, 15, 12, 2]
[2, 3, 0, 6, 6, 3, 3, 3, 3, 9, 9, 11, 3]
[3, 3, 0, 8, 8, 8, 8, 3, 8, 8, 3, 3, 15, 15, 3, 3]
[3, 3, 0, 7, 7, 7, 3, 7, 10, 8, 3, 3, 3, 13, 13, 17, 15, 17, 17, 3]
[12, 1, 6, 6, 6, 1, 6, 9, 1, 12, 12, 0, 14, 12, 12, 17, 15, 12]
[4, 4, 4, 0, 14, 8, 8, 14, 8, 11, 8, 8, 14, 4, 16, 14, 16, 4]
[5, 3, 5, 3, 10, 10, 10, 10, 10, 0, 12, 10, 12, 15, 16, 13, 16, 20, 20, 16, 20, 20, 22, 10]
[2, 3, 0, 3, 6, 4, 4, 9, 7, 9, 10, 14, 14, 3, 14, 3]
[2, 12, 4, 2, 12, 12, 6, 9, 6, 12, 12, 0, 14, 16, 16, 12, 18, 16, 18, 19, 22, 20, 22, 22, 22, 27, 25, 12]
[2, 3, 0, 3, 6, 3, 6, 7, 8, 11, 9, 13, 11, 13, 14, 13, 16, 17, 3]
[4, 4, 4, 0, 4, 4, 4, 9, 4, 9, 9, 9, 9, 13, 14, 15, 16, 19, 9, 19, 4, 23, 4, 25, 23, 27, 25, 4, 31, 31, 35, 31, 32, 35, 4, 35, 36, 4]
[2, 0, 8, 8, 8, 8, 8, 2, 8, 11, 9, 15, 14, 15, 8, 15, 16, 2]
[3, 3, 5, 5, 0, 8, 8, 5, 5]
[3, 3, 4, 0, 6, 4, 6, 9, 6, 4]
[5, 5, 5, 5, 0, 7, 5, 5]
[3, 3, 17, 6, 6, 3, 8, 14, 14, 14, 14, 14, 14, 6, 6, 17, 0, 21, 21, 21, 17, 23, 21, 23, 23, 17, 17, 17, 44, 44, 33, 33, 44, 37, 37, 37, 33, 40, 40, 37, 40, 44, 44, 17, 44, 47, 45, 17]
[2, 5, 5, 5, 0, 7, 5, 7, 8, 5]
[3, 3, 0, 3, 3, 3, 3, 3, 3, 3, 13, 13, 10, 16, 16, 10, 3]
[2, 6, 6, 6, 6, 0, 6, 9, 7, 9, 12, 10]
[4, 4, 4, 0, 4, 4, 8, 6, 4, 11, 4, 11, 11, 4]
[2, 0, 2, 5, 7, 7, 3, 2, 2, 9, 10, 9, 9, 13, 13, 13, 18, 13, 18, 19, 18, 21, 24, 22, 24, 25, 2]
[3, 3, 0, 3, 7, 7, 4, 9, 7, 11, 9, 14, 14, 15, 11, 15, 16, 11, 18, 21, 19, 23, 19, 23, 3]
[2, 7, 2, 7, 7, 7, 0, 7]
[0, 1, 1, 5, 7, 7, 3, 1, 1, 12, 12, 1, 15, 15, 12, 1]
[0, 4, 4, 1, 9, 9, 9, 9, 4, 11, 12, 13, 9, 13, 14, 18, 18, 15, 1]
[4, 4, 4, 0, 6, 4, 6, 7, 7, 4, 4]
[2, 4, 4, 0, 4, 4, 8, 6, 10, 4, 10, 13, 11, 18, 18, 18, 18, 11, 11, 21, 11, 21, 21, 21, 21, 4]
[6, 1, 6, 6, 6, 0, 8, 6, 6]
[2, 4, 4, 0, 4, 5, 4, 4, 8, 9, 4]
[4, 4, 4, 8, 4, 7, 5, 0, 8, 12, 12, 9, 8]
[2, 0, 4, 2, 6, 4, 16, 7, 10, 16, 10, 13, 11, 16, 16, 6, 2]
[2, 0, 2, 6, 6, 3, 2, 10, 10, 2, 10, 14, 14, 11, 14, 17, 19, 19, 14]
[0, 4, 4, 6, 6, 1, 8, 6, 8, 11, 8, 6, 6, 6, 17, 17, 14, 17, 18, 21, 19, 23, 21, 23, 28, 28, 28, 24, 1]
[2, 6, 6, 6, 6, 0, 10, 10, 10, 6, 6]
[2, 0, 6, 6, 6, 2, 2, 9, 2, 12, 12, 9, 14, 12, 2]
[4, 4, 4, 0, 4, 7, 4, 7, 4, 4]
[4, 4, 4, 0, 4, 7, 4, 9, 7, 9, 10, 9, 15, 15, 9, 9, 20, 20, 20, 9, 7, 23, 21, 4]
[4, 4, 4, 0, 4]
[3, 3, 0, 7, 7, 7, 3, 11, 11, 11, 7, 11, 12, 3]
[5, 3, 5, 5, 0, 5, 5, 5, 5, 11, 5, 5]
[4, 3, 4, 7, 7, 7, 0, 7, 10, 16, 10, 11, 14, 12, 16, 7, 7]
[2, 16, 2, 7, 6, 7, 3, 10, 10, 11, 7, 11, 12, 16, 16, 0, 16, 16, 21, 21, 23, 23, 16, 25, 23, 16]
[4, 3, 4, 0, 4, 4, 10, 10, 10, 6, 10, 13, 11, 13, 37, 15, 15, 15, 15, 15, 15, 15, 15, 15, 15, 15, 15, 15, 15, 15, 15, 15, 35, 35, 15, 37, 14, 37, 40, 38, 43, 43, 40, 4]
[3, 3, 9, 3, 8, 7, 8, 4, 0, 12, 12, 9, 12, 15, 12, 15, 20, 20, 20, 16, 20, 9]
[6, 6, 4, 6, 6, 0, 6, 7, 6, 6, 10, 11]
[12, 12, 2, 2, 2, 7, 2, 12, 12, 12, 12, 0, 12]
[3, 3, 0, 3, 3, 5, 5, 9, 7, 5, 5, 13, 14, 11, 14, 18, 18, 14, 3]
[2, 14, 2, 2, 2, 5, 6, 2, 12, 12, 12, 14, 14, 0, 16, 14, 16, 20, 20, 17, 20, 24, 24, 21, 14]
[0, 1, 1, 1, 6, 4, 1, 1, 11, 11, 8, 1]
[4, 4, 4, 0, 4, 7, 4, 7, 10, 7, 4]
[2, 0, 2, 7, 6, 7, 3, 7, 11, 11, 7, 7, 16, 16, 16, 12, 2]
[3, 3, 5, 5, 0, 5, 5, 5, 19, 12, 12, 9, 19, 19, 19, 19, 19, 19, 5, 5]
[2, 0, 4, 2, 4, 5, 6, 9, 7, 2]
[5, 1, 2, 5, 0, 5]
[3, 3, 9, 3, 6, 4, 9, 9, 0, 11, 9, 9]
[10, 1, 1, 1, 1, 1, 1, 10, 10, 0, 13, 13, 10, 13, 14, 10, 18, 10, 18, 21, 18, 23, 21, 25, 23, 25, 28, 25, 25, 10]
[4, 3, 4, 0, 4, 4, 9, 9, 20, 9, 12, 10, 15, 15, 9, 15, 19, 19, 16, 4, 23, 23, 20, 25, 23, 25, 4]
[5, 5, 5, 5, 13, 5, 10, 10, 10, 6, 13, 13, 0, 15, 13, 15, 15, 20, 20, 17, 15, 15, 24, 15, 13]
[4, 4, 4, 0, 10, 7, 10, 10, 10, 4, 10, 13, 11, 4]
[6, 4, 4, 6, 4, 0, 6]
[2, 0, 2, 5, 2, 2]
[3, 3, 4, 0, 4, 4, 8, 6, 4]
[2, 21, 4, 6, 6, 2, 6, 6, 6, 9, 12, 10, 21, 21, 16, 14, 14, 19, 17, 21, 0, 21, 26, 26, 26, 22, 26, 27, 21]
[4, 4, 4, 0, 6, 4, 4, 9, 7, 4, 18, 14, 12, 18, 18, 18, 18, 10, 18, 22, 22, 19, 18, 18, 24, 27, 24, 4]
[4, 4, 4, 0, 4, 7, 5, 7, 7, 11, 7, 7, 7, 15, 7, 4]
[19, 3, 1, 5, 3, 9, 9, 9, 5, 19, 19, 19, 19, 19, 17, 17, 14, 19, 0, 21, 19, 19, 24, 26, 26, 22, 26, 26, 19]
[2, 3, 0, 6, 6, 3, 6, 9, 6, 3, 3, 13, 3, 13, 17, 17, 14, 3]
[0, 3, 1, 3, 6, 4, 1]
[5, 1, 4, 2, 0, 8, 8, 5, 8, 9, 16, 16, 16, 16, 16, 5, 5]
[2, 0, 2, 3, 3, 5, 6, 7, 2]
[2, 0, 2, 6, 6, 2, 6, 7, 6, 2]
[17, 1, 1, 3, 4, 5, 8, 6, 6, 11, 9, 6, 14, 12, 17, 17, 0, 20, 20, 17, 26, 26, 26, 26, 26, 20, 20, 29, 30, 27, 17]
[6, 5, 5, 5, 6, 21, 6, 13, 13, 13, 13, 13, 6, 15, 13, 13, 21, 19, 21, 21, 0, 21, 24, 22, 24, 27, 25, 33, 33, 33, 33, 33, 21, 33, 36, 34, 21, 21]
[3, 3, 0, 19, 6, 19, 6, 6, 8, 16, 16, 11, 11, 16, 16, 9, 6, 19, 3, 19, 25, 25, 25, 25, 19, 25, 28, 25, 28, 32, 32, 29, 3]
[3, 3, 0, 3, 4, 7, 5, 3, 12, 12, 12, 8, 14, 12, 12, 15, 19, 19, 16, 19, 24, 24, 24, 19, 3]
[2, 6, 6, 5, 6, 0, 6, 13, 11, 11, 13, 13, 6, 15, 13, 6]
[3, 3, 0, 3, 6, 3, 9, 9, 6, 9, 10, 13, 11, 16, 16, 17, 13, 20, 20, 17, 3]
[3, 3, 0, 3, 6, 4, 3]
[3, 3, 12, 5, 3, 5, 8, 6, 8, 9, 12, 0, 12, 15, 13, 17, 15, 17, 20, 17, 23, 23, 20, 25, 26, 28, 28, 23, 28, 28, 32, 30, 32, 36, 36, 33, 39, 39, 36, 12]
[5, 5, 5, 5, 0, 5, 5, 9, 12, 9, 12, 5, 12, 12, 5]
[2, 10, 2, 8, 8, 8, 8, 3, 10, 0, 10, 10, 10]
[2, 0, 4, 2, 6, 14, 6, 10, 10, 7, 13, 13, 10, 4, 16, 14, 16, 19, 17, 14, 23, 23, 20, 2]
[2, 0, 7, 3, 4, 7, 2, 2]
[2, 3, 0, 6, 6, 3, 3, 3, 10, 11, 3, 13, 11, 13, 17, 17, 14, 3]
[2, 10, 10, 10, 7, 5, 4, 10, 10, 0, 13, 13, 10, 13, 10]
[2, 3, 0, 6, 6, 3, 9, 9, 6, 9, 12, 10, 3, 3, 17, 17, 3, 17, 21, 21, 18, 17, 17, 27, 27, 27, 23, 27, 30, 28, 3]
[0, 6, 6, 6, 6, 1, 1, 1, 8, 8, 12, 10, 12, 13, 19, 19, 19, 19, 12, 19, 20, 21, 22, 25, 22, 1]
[5, 5, 5, 5, 0, 5, 5, 5]
[2, 0, 4, 2, 4, 7, 5, 7, 10, 8, 14, 14, 14, 10, 17, 17, 14, 19, 17, 17, 22, 23, 24, 20, 2]
[4, 4, 4, 21, 4, 7, 5, 7, 8, 4, 12, 4, 12, 15, 13, 15, 18, 15, 21, 21, 0, 21, 21]
[7, 1, 4, 2, 7, 7, 0, 7]
[2, 5, 5, 5, 0, 5]
[9, 4, 4, 1, 9, 7, 9, 9, 0, 9, 12, 10, 9]
[8, 4, 4, 8, 8, 7, 8, 27, 8, 14, 14, 14, 14, 9, 27, 18, 18, 27, 18, 24, 24, 24, 24, 19, 27, 27, 0, 27]
[21, 1, 2, 3, 4, 5, 9, 9, 6, 9, 13, 13, 10, 21, 21, 15, 15, 17, 18, 21, 0, 25, 25, 25, 21, 25, 30, 30, 30, 25, 25, 33, 25, 25, 41, 37, 41, 41, 41, 41, 25, 21]
[2, 0, 6, 6, 6, 9, 6, 9, 2, 2, 2, 13, 15, 15, 2, 15, 18, 15, 2]
[3, 3, 9, 3, 9, 9, 8, 9, 0, 9, 12, 10, 9, 9, 17, 17, 9, 19, 17, 19, 19, 21, 9]
[4, 4, 4, 0, 12, 7, 12, 7, 7, 12, 12, 4, 14, 12, 16, 14, 18, 16, 18, 21, 18, 16, 16, 26, 26, 28, 28, 23, 4]
[2, 0, 2, 5, 2, 8, 8, 12, 8, 11, 9, 5, 2, 13, 16, 14, 19, 19, 16, 19, 19, 2]
[5, 5, 5, 5, 10, 5, 10, 10, 10, 0, 10, 11, 12, 16, 16, 13, 10, 20, 20, 10, 20, 23, 21, 23, 26, 23, 23, 23, 30, 23, 10]
[2, 0, 4, 2, 6, 4, 6, 2]
[3, 3, 5, 5, 0, 7, 5, 7, 11, 11, 7, 7, 15, 15, 7, 15, 16, 5]
[2, 0, 2, 7, 7, 7, 3, 2, 11, 11, 2, 11, 12, 13, 2]
[2, 0, 2, 3, 4, 7, 5, 7, 11, 11, 8, 2, 14, 18, 18, 18, 18, 2, 18, 2]
[3, 3, 0, 3, 3, 7, 3, 10, 10, 13, 10, 13, 7, 3]
[3, 3, 4, 0, 6, 10, 6, 10, 10, 11, 4, 11, 4]
[2, 5, 5, 5, 0, 5, 9, 9, 6, 9, 13, 13, 9, 5]
[3, 3, 5, 5, 0, 5, 6, 5]
[4, 4, 4, 0, 6, 7, 4, 13, 13, 13, 13, 13, 4, 4]
[2, 12, 2, 6, 6, 2, 2, 10, 10, 2, 12, 0, 14, 12, 12]
[3, 3, 4, 0, 4, 5, 11, 11, 8, 8, 5, 13, 11, 13, 13, 15, 4]
[2, 0, 2]
[3, 3, 0, 3, 6, 7, 4, 3, 14, 13, 12, 13, 14, 3, 14, 17, 15, 3]
[14, 14, 6, 6, 6, 14, 6, 10, 10, 12, 10, 7, 14, 0, 14]
[7, 1, 4, 2, 7, 7, 0, 7, 7, 11, 9, 11, 14, 15, 12, 19, 19, 19, 15, 22, 22, 19, 26, 26, 26, 19, 26, 7]
[3, 3, 0, 3, 4, 5, 8, 6, 10, 8, 12, 10, 12, 17, 17, 17, 13, 19, 20, 12, 3]
[2, 4, 4, 0, 4, 7, 10, 10, 10, 4, 10, 13, 10, 15, 13, 15, 19, 19, 16, 15, 23, 23, 20, 4]
[3, 1, 7, 7, 7, 7, 0, 7, 12, 12, 12, 7, 7]
[2, 5, 5, 5, 0, 5, 8, 5, 8, 11, 8, 5, 5, 18, 18, 18, 18, 5, 18, 22, 22, 32, 24, 22, 26, 24, 26, 27, 30, 32, 32, 18, 5]
[7, 1, 4, 2, 7, 7, 0, 7, 10, 11, 8, 11, 7]
[2, 0, 6, 5, 6, 2, 8, 6, 10, 8, 8, 13, 15, 13, 11, 2]
[2, 29, 9, 9, 9, 9, 9, 7, 2, 11, 9, 11, 11, 11, 17, 17, 11, 17, 18, 21, 19, 23, 21, 25, 23, 29, 29, 29, 0, 29, 32, 29, 32, 33, 34, 37, 35, 37, 38, 41, 39, 29]
[6, 3, 6, 6, 6, 0, 6, 9, 7, 9, 12, 14, 14, 9, 9, 19, 19, 19, 9, 9, 23, 23, 9, 25, 23, 28, 28, 25, 31, 31, 28, 31, 31, 33, 6]
[2, 5, 2, 3, 0, 8, 8, 5, 8, 11, 9, 11, 14, 8, 14, 14, 14, 20, 20, 17, 20, 21, 5]
[3, 3, 11, 6, 6, 3, 3, 7, 11, 11, 0, 13, 11, 13, 14, 11]
[7, 3, 1, 7, 7, 5, 0, 9, 7, 9, 10, 9, 15, 15, 9, 15, 18, 16, 15, 15, 23, 23, 15, 23, 26, 24, 7]
[0, 3, 1, 1, 7, 7, 4, 1]
[5, 5, 4, 5, 0, 8, 8, 5, 13, 12, 12, 13, 8, 13, 13, 22, 18, 22, 22, 22, 22, 13, 22, 25, 22, 22, 22, 29, 22, 5]
[3, 3, 5, 5, 0, 5, 5, 12, 8, 12, 12, 5, 5, 5, 16, 17, 5, 17, 5, 21, 5, 23, 24, 21, 21, 25, 5]
[2, 4, 2, 11, 4, 7, 4, 9, 7, 4, 0, 14, 14, 11, 11, 11, 16, 16, 22, 22, 22, 18, 11]
[4, 4, 4, 0, 4, 7, 5, 7, 8, 4]
[2, 3, 0, 3, 4, 7, 5, 7, 10, 7, 7, 7, 7, 17, 14, 17, 7, 17, 7, 21, 3, 21, 22, 3]
[4, 4, 4, 0, 4, 4, 9, 9, 4, 9, 10, 11, 14, 12, 14, 15, 15, 4, 4]
[4, 4, 4, 0, 6, 4, 6, 7, 6, 6, 10, 11, 11, 13, 4]
[5, 5, 5, 5, 15, 5, 5, 12, 12, 12, 12, 5, 15, 15, 0, 15]
[3, 3, 9, 3, 7, 7, 3, 9, 0, 11, 14, 11, 14, 9, 14, 17, 15, 19, 17, 21, 19, 21, 9]
[3, 3, 0, 5, 3, 20, 17, 9, 17, 9, 12, 9, 9, 16, 16, 9, 20, 20, 20, 5, 20, 23, 21, 20, 24, 3]
[10, 4, 4, 1, 4, 10, 8, 10, 10, 0, 10, 11, 11, 11, 11, 15, 15]
[2, 0, 5, 5, 2, 2]
[2, 0, 4, 2, 4, 7, 4, 7, 7, 13, 13, 13, 7, 13, 17, 17, 14, 17, 20, 18, 17, 21, 21, 26, 26, 23, 2]
[5, 5, 5, 5, 0, 5, 9, 9, 6, 11, 9, 13, 11, 13, 16, 14, 11, 19, 21, 19, 17, 11, 11, 26, 26, 23, 26, 32, 32, 32, 32, 27, 5]
[0, 1, 1, 3, 6, 4, 6, 6, 8, 9, 8, 8, 12, 13, 3, 17, 15, 17, 20, 22, 20, 18, 22, 23, 1]
[3, 3, 0, 3, 6, 4, 3]
[6, 6, 6, 5, 6, 0, 6, 7, 6]
[3, 3, 11, 11, 11, 9, 9, 9, 5, 11, 0, 11, 14, 12, 11, 17, 24, 17, 20, 18, 24, 24, 24, 11, 27, 27, 24, 27, 28, 31, 29, 27, 11]
[2, 0, 6, 6, 6, 2, 2]
[2, 0, 2, 2, 6, 12, 12, 12, 12, 12, 12, 4, 12, 12, 20, 20, 20, 20, 20, 12, 20, 21, 20, 37, 37, 37, 26, 26, 26, 26, 35, 35, 35, 35, 26, 35, 20, 37, 38, 2]
[2, 4, 4, 0, 4, 4, 8, 13, 13, 11, 13, 13, 4, 13, 14, 17, 15, 17, 20, 18, 4]
[2, 5, 5, 5, 0, 5, 5, 9, 5, 9, 10, 11, 11, 16, 16, 9, 21, 21, 21, 21, 16, 21, 22, 5]
[2, 3, 0, 3, 6, 7, 3, 3]
[2, 12, 4, 2, 4, 8, 8, 4, 8, 11, 9, 0, 12, 16, 16, 13, 20, 19, 20, 16, 22, 20, 24, 22, 12]
[4, 4, 4, 0, 4, 4, 9, 9, 11, 11, 4, 11, 16, 13, 16, 12, 16, 19, 22, 19, 22, 16, 28, 26, 24, 28, 28, 22, 28, 32, 32, 29, 32, 33, 4]
[3, 3, 20, 3, 8, 8, 8, 4, 8, 8, 8, 14, 14, 8, 20, 20, 20, 20, 20, 0, 20, 21, 20, 20, 24, 25, 20]
[0, 1, 1, 1, 1]
[7, 3, 7, 3, 4, 7, 10, 10, 10, 0, 12, 10, 10, 10, 19, 19, 19, 19, 20, 10, 23, 23, 20, 20, 20, 27, 20, 27, 28, 31, 29, 10]
[4, 4, 4, 0, 4, 4, 4]
[3, 3, 18, 18, 7, 7, 18, 7, 11, 11, 7, 16, 14, 16, 16, 11, 7, 0, 20, 18, 20, 23, 21, 18, 26, 18, 29, 29, 26, 31, 29, 33, 31, 18]
[20, 3, 5, 3, 1, 7, 5, 7, 7, 15, 10, 15, 15, 15, 9, 20, 20, 20, 20, 0, 22, 20, 24, 22, 26, 22, 30, 29, 30, 26, 20]
[3, 3, 0, 6, 6, 3, 11, 11, 11, 11, 6, 3]
[6, 3, 6, 3, 3, 7, 0, 10, 10, 7, 12, 7, 12, 13, 16, 14, 12, 12, 18, 12, 22, 23, 20, 25, 23, 25, 26, 7]
[4, 4, 4, 0, 4, 7, 4, 12, 12, 12, 12, 4, 14, 12, 14, 12, 12, 20, 20, 17, 20, 23, 21, 4]
[3, 3, 0, 9, 6, 9, 9, 9, 3, 9, 3]
[2, 0, 4, 2, 4, 5, 8, 5, 5, 2, 12, 16, 16, 16, 16, 2, 16, 17, 2]
[3, 3, 7, 7, 6, 7, 0, 13, 13, 13, 12, 13, 7, 13, 17, 17, 14, 17, 20, 17, 20, 21, 26, 26, 26, 22, 20, 29, 27, 29, 32, 30, 32, 33, 36, 38, 36, 34, 38, 39, 7]
[2, 3, 0, 3, 7, 7, 4, 3]
[3, 3, 0, 3, 3, 10, 10, 10, 10, 3, 10, 13, 10, 3]
[16, 4, 4, 16, 16, 16, 9, 9, 16, 16, 16, 16, 16, 16, 16, 0, 16]
[0, 1, 8, 8, 8, 7, 8, 2, 8, 12, 12, 15, 12, 12, 9, 1]
[3, 3, 11, 3, 6, 8, 6, 4, 8, 9, 0, 13, 11, 11]
[4, 4, 4, 0, 4]
[7, 7, 7, 7, 7, 7, 0, 7, 8, 7, 7, 7]
[2, 0, 4, 2, 2, 5, 2, 2, 10, 8, 8, 11, 2, 2, 14, 14, 18, 14, 14, 21, 19, 2]
[5, 5, 5, 5, 0, 7, 5, 5, 10, 8, 5]
[9, 1, 1, 7, 7, 7, 1, 7, 0, 9]
[2, 5, 5, 5, 0, 5, 9, 9, 5, 5]
[7, 7, 5, 5, 2, 5, 0, 7, 10, 8, 7]
[11, 3, 1, 3, 6, 4, 11, 11, 11, 11, 0, 16, 14, 16, 16, 11, 11]
[2, 0, 4, 2, 4, 9, 9, 9, 5, 9, 10, 11, 11, 20, 20, 15, 20, 19, 20, 9, 20, 30, 24, 30, 24, 24, 30, 30, 30, 9, 30, 31, 35, 35, 30, 35, 38, 36, 2]
[2, 0, 2, 2, 6, 4, 2, 10, 10, 14, 10, 14, 14, 7, 14, 17, 15, 2, 2]
[2, 3, 0, 6, 6, 9, 9, 9, 3, 9, 14, 14, 14, 10, 14, 17, 14, 22, 21, 21, 22, 17, 22, 25, 22, 28, 28, 25, 25, 29, 30, 33, 30, 30, 37, 37, 30, 3]
[7, 4, 4, 1, 7, 7, 0, 9, 7, 7]
[2, 0, 4, 2, 2, 5, 8, 6, 8, 9, 10, 2]
[0, 1, 1, 6, 6, 1, 1]
[0, 1, 4, 2, 4, 7, 5, 4, 1, 9, 10, 10, 10]
[4, 1, 1, 6, 6, 0, 10, 10, 10, 6, 6, 6, 15, 15, 6, 17, 15, 17, 20, 18, 22, 20, 22, 22, 22, 28, 28, 25, 6]
[2, 13, 2, 2, 2, 5, 8, 6, 8, 11, 9, 2, 0, 16, 16, 13, 16, 19, 17, 19, 20, 16, 16, 16, 24, 27, 25, 24, 28, 29, 33, 33, 29]
[4, 4, 4, 0, 4, 5, 29, 29, 29, 9, 12, 10, 12, 15, 12, 12, 19, 19, 12, 12, 23, 23, 12, 29, 26, 29, 29, 29, 4, 31, 29, 4]
[0, 1, 4, 2, 4, 7, 4, 1, 11, 11, 1, 13, 11, 13, 13, 18, 18, 15, 18, 21, 18, 1]
[2, 7, 7, 7, 7, 7, 0, 7]
[10, 10, 10, 5, 10, 5, 10, 10, 10, 0, 10]
[4, 4, 4, 0, 4, 7, 5, 4, 22, 22, 15, 15, 15, 15, 22, 17, 20, 17, 20, 15, 22, 4, 22, 25, 26, 22, 26, 4]
[7, 7, 5, 5, 2, 5, 0, 7]
[2, 0, 2, 5, 2, 2, 2]
[2, 0, 2]
[4, 4, 4, 9, 4, 7, 5, 4, 0, 9, 9, 9, 15, 15, 9, 15, 16, 16, 16, 21, 23, 23, 16]
[2, 0, 2, 3, 2]
[2, 0, 2, 2, 6, 4, 2, 10, 10, 14, 10, 14, 14, 7, 14, 17, 15, 2, 2]
[3, 3, 0, 9, 9, 8, 8, 9, 3, 9, 14, 14, 14, 3, 3]
[5, 3, 5, 5, 11, 11, 8, 10, 8, 11, 0, 11, 15, 15, 12, 11, 18, 24, 18, 19, 20, 23, 20, 11, 11]
[2, 4, 2, 5, 0, 5, 9, 9, 6, 5]
[7, 1, 1, 3, 7, 7, 0, 9, 7, 7, 13, 13, 10, 13, 17, 17, 14, 13]
[2, 8, 2, 3, 8, 8, 8, 0, 8, 12, 12, 9, 16, 16, 16, 12, 16, 19, 17, 8]
[5, 5, 5, 5, 0, 5, 5, 10, 10, 7, 10, 10, 10, 10, 10, 10, 10, 20, 20, 10, 5]
[0, 1, 1, 1, 1, 1, 1, 1, 1, 1, 1, 1, 1]
[6, 6, 6, 6, 6, 0, 6, 6, 8, 6, 6]
[0, 1, 1, 3, 1]
[4, 4, 4, 0, 4]
[4, 4, 4, 0, 4]
[2, 0, 2]
[3, 3, 0, 3, 6, 4, 3]
[21, 4, 4, 1, 21, 7, 21, 7, 12, 11, 12, 8, 12, 15, 13, 12, 21, 21, 21, 21, 0]
[3, 3, 0, 3, 4, 11, 11, 11, 11, 11, 5, 5, 15, 15, 12, 3]
[2, 0, 4, 2, 2, 7, 5, 7, 8, 9, 14, 11, 14, 10, 2]
[10, 1, 4, 2, 10, 7, 10, 10, 10, 0, 10, 10, 15, 15, 12, 10]
[5, 5, 5, 5, 0, 5, 5]
[4, 4, 4, 0, 4, 7, 5, 4, 12, 12, 12, 4, 18, 13, 17, 17, 18, 12, 20, 18, 20, 23, 21, 4]
[2, 7, 7, 7, 7, 7, 0, 7, 7, 9, 10, 7]
[3, 3, 0, 13, 13, 7, 13, 13, 13, 13, 13, 13, 3, 3]
[3, 1, 0, 3, 3, 3, 3, 3, 3, 3, 3, 3]
[4, 4, 4, 0, 4, 4]
[5, 5, 5, 5, 0, 5]
[3, 3, 0, 3]
[2, 4, 2, 0, 4, 7, 4, 4]
[2, 6, 6, 6, 6, 0, 6, 7, 8, 11, 8, 6]
[2, 0, 5, 5, 2, 7, 5, 7, 5, 5, 13, 13, 5, 15, 13, 2]
[5, 5, 5, 5, 0, 7, 5, 7, 8, 5]
[2, 0, 2]
[2, 0, 2]
[3, 3, 0, 3, 3, 3]
[2, 0, 4, 2, 2]
[2, 0, 7, 7, 7, 7, 2, 2]
[12, 3, 4, 12, 4, 7, 5, 12, 12, 12, 12, 0, 12, 15, 12, 15, 18, 16, 20, 18, 20, 12, 26, 26, 26, 29, 29, 29, 12, 12]
[3, 3, 0, 7, 7, 7, 3, 7, 8, 13, 13, 13, 9, 3]
[2, 6, 6, 6, 6, 0, 6, 7, 6, 11, 6, 14, 14, 11, 16, 14, 20, 20, 20, 16, 23, 23, 20, 6]
[5, 5, 5, 5, 0, 5, 10, 10, 10, 5, 5]
[3, 3, 6, 6, 6, 0, 6, 7, 10, 8, 15, 13, 15, 15, 10, 15, 15, 15, 15, 19, 20, 6, 6, 25, 23, 29, 29, 29, 25, 29, 29, 29, 29, 33, 34, 6]
[8, 8, 8, 8, 8, 8, 8, 0, 8]
[2, 0, 2]
[0, 1]
[3, 3, 0, 3, 3, 5, 3]
[0, 1, 5, 5, 2, 5, 8, 6, 1]
[3, 3, 0, 3, 4, 3]
[4, 4, 4, 10, 4, 10, 10, 10, 10, 0, 10, 13, 11, 15, 13, 17, 15, 10]
[0, 1, 5, 5, 2, 5, 8, 6, 1]
[5, 5, 2, 5, 0, 5]
[3, 3, 0, 3, 4, 7, 5, 7, 8, 13, 13, 13, 9, 15, 13, 15, 16, 20, 20, 17, 3]
[2, 0]
[4, 4, 4, 0, 4, 8, 8, 5, 8, 13, 13, 13, 9, 8, 16, 14, 16, 19, 17, 8, 23, 23, 8, 25, 23, 25, 26, 32, 32, 29, 29, 34, 32, 27, 34, 35, 4]
[2, 0, 2]
[2, 0, 2]
[4, 4, 4, 0, 4]
[3, 3, 0, 3]
[2, 0, 2]
[0, 1, 1, 1]
[2, 0, 2]
[3, 3, 0, 3]
[2, 3, 0, 3]
[4, 4, 4, 0, 4]
[0, 1, 1, 1]
[4, 4, 4, 0, 4]
[3, 3, 0, 3]
[4, 4, 4, 0, 4]
[0, 1, 1, 1]
[2, 0, 2]
[2, 0]
[0, 1, 1, 1]
[0, 1, 1, 1]
[0, 1, 1, 1]
[2, 0, 2, 2, 7, 7, 2, 7, 10, 13, 12, 13, 7, 2]
[2, 3, 14, 5, 3, 14, 8, 11, 8, 11, 14, 14, 14, 0, 14, 14, 21, 21, 21, 21, 22, 14, 22, 25, 22, 22, 28, 26, 14]
[2, 0, 2]
[0, 1, 1, 1]
[2, 0, 2]
[0, 1, 1, 1]
[3, 3, 0, 3]
[2, 0, 2]
[0, 1, 1, 1]
[2, 3, 0, 3]
[2, 0, 2]
[7, 3, 7, 3, 3, 7, 0, 7, 11, 11, 8, 11, 12, 7]
[2, 0, 2, 2, 2]
[0, 1, 1, 1]
[2, 0]
[3, 3, 0, 3]
[4, 4, 4, 0, 4]
[2, 0, 2]
[4, 4, 4, 0, 4]
[0, 1]
[3, 3, 0, 3]
[3, 3, 0, 3]
[0, 1]
[3, 3, 4, 0, 8, 8, 8, 4, 8, 12, 12, 9, 8, 15, 8, 15, 18, 16, 18, 21, 18, 4]
[0, 1, 1, 1]
[0, 1, 1]
[2, 0, 2]
[0, 1, 1]
[2, 0, 2]
[0, 1, 1, 1]
[2, 0, 2]
[3, 3, 0, 3]
[2, 0, 2]
[3, 3, 0, 3]
[3, 3, 0, 3]
[3, 3, 0, 3]
[3, 3, 0, 3]
[2, 3, 0, 3]
[0, 1, 1, 1]
[2, 0, 2]
[3, 3, 4, 0, 4]
[2, 5, 5, 5, 0, 5, 5, 5, 5, 12, 12, 9, 12, 15, 13, 5]
[0, 1, 1, 1]
[3, 3, 0]
[0, 1, 1, 1]
[3, 3, 0, 3]
[2, 0, 2]
[3, 3, 0, 3]
[2, 0, 2]
[0, 1, 1, 1]
[2, 4, 4, 0, 6, 4, 6, 9, 6, 9, 10, 6, 19, 19, 14, 14, 14, 14, 12, 4]
[0, 3, 1, 1]
[3, 3, 0, 3]
[3, 3, 0, 3]
[0, 1]
[0, 1]
[0, 1, 1, 1]
[0, 1]
[3, 3, 0, 3]
[3, 3, 0, 3]
[3, 3, 0, 3]
[2, 0, 2]
[0, 1, 1, 1]
[3, 3, 0, 3]
[3, 3, 0, 3]
[0, 1, 1, 1]
[3, 3, 0, 3]
[2, 5, 2, 5, 0, 5]
[3, 3, 0, 3]
[0, 1, 1, 1, 1]
[0, 3, 1, 1]
[6, 3, 6, 6, 6, 0, 6, 6]
[0, 1, 2, 1]
[2, 0, 2]
[4, 4, 4, 0, 4]
[3, 3, 0]
[2, 5, 2, 5, 0, 5]
[3, 3, 0, 3]
[3, 3, 0, 3]
[0, 1, 1, 1]
[3, 3, 0, 3]
[2, 0, 2, 2]
[0, 1, 1, 1]
[3, 3, 0, 3]
[3, 3, 0, 3]
[2, 0, 2]
[2, 0, 2]
[2, 0, 2]
[0, 1, 1, 1]
[2, 0, 2]
[2, 0, 2, 2]
[2, 0, 2, 2]
[2, 0, 2]
[2, 0, 2]
[3, 3, 0, 3]
[2, 7, 2, 7, 7, 7, 0, 7]
[3, 3, 0, 3]
[0, 1]
[2, 0, 2]
[0, 1, 1, 1]
[0, 1, 1]
[3, 3, 0, 3]
[8, 4, 4, 8, 6, 7, 4, 0, 10, 8, 10, 11, 14, 12, 16, 14, 18, 16, 8]
[2, 0, 2]
[0, 1]
[2, 4, 4, 0, 4, 5, 4]
[4, 4, 4, 0, 4]
[2, 6, 2, 5, 6, 0, 6]
[2, 0, 2]
[2, 3, 0, 3]
[0, 1, 1, 1]
[3, 3, 0, 3]
[2, 6, 2, 5, 6, 0, 6]
[0, 1, 1, 1]
[0, 1, 1, 1]
[2, 0, 2]
[2, 0, 2, 2, 2]
[3, 3, 0, 3]
[0, 1, 1, 1]
[2, 0, 2, 5, 2, 2]
[0, 1, 1, 1]
[3, 3, 0, 3]
[2, 0, 2]
[0, 1, 1, 1]
[0, 1, 4, 1, 1]
[3, 3, 0, 3]
[0, 1, 1]
[3, 3, 0, 3]
[3, 3, 0, 3]
[3, 3, 0, 3]
[2, 0, 2]
[4, 4, 4, 0, 4]
[3, 3, 0, 3]
[2, 0, 2]
[3, 3, 0, 3]
[4, 4, 4, 0, 4]
[0, 1, 1, 1]
[0, 1, 1]
[0, 1, 1]
[4, 4, 4, 0, 4]
[2, 0, 2]
[4, 4, 4, 0, 4]
[3, 3, 0, 3]
[3, 3, 0, 3]
[2, 0, 2]
[3, 3, 0, 3]
[0, 1]
[3, 3, 0, 3]
[2, 0, 2]
[3, 3, 0, 3]
[0, 1]
[0, 1, 1, 1]
[2, 0, 2]
[2, 0, 2]
[3, 3, 0, 3]
[0, 1, 1, 1]
[2, 0, 2, 2]
[2, 4, 2, 0, 4]
[2, 0, 2]
[0, 1, 1]
[2, 0, 2]
[4, 4, 4, 0, 4]
[2, 3, 0, 3]
[3, 3, 0, 3]
[2, 0, 2]
[3, 3, 0, 3]
[2, 0]
[3, 3, 0, 3]
[0, 1, 1, 1]
[0, 1, 1, 1, 1, 1, 1, 7, 7]
[2, 4, 2, 0, 4, 4, 4]
[3, 3, 0, 3]
[2, 5, 2, 5, 0, 5]
[0, 3, 1, 1]
[3, 3, 0, 3, 3, 3]
[4, 4, 4, 0, 4]
[3, 3, 0, 3]
[0, 1, 1, 1]
[0, 1, 2, 1]
[3, 3, 0, 3]
[3, 3, 0, 3]
[2, 0, 2]
[2, 0, 2]
[2, 0, 2]
[0, 1]
[0, 1, 2, 1]
[0, 1, 1, 1]
[0, 1]
[2, 0, 2, 2]
[0, 1]
[3, 3, 0, 3]
[2, 0, 2]
[4, 4, 4, 0, 4]
[2, 0, 2]
[2, 4, 2, 0, 4]
[2, 6, 2, 5, 6, 0, 6]
[4, 3, 4, 0, 4]
[3, 3, 0, 3]
[4, 4, 4, 0, 4]
[2, 0, 2]
[2, 0, 2]
[0, 1]
[0, 1]
[2, 3, 0, 3]
[0, 1, 1, 1]
[3, 3, 0, 3]
[2, 0, 2]
[3, 3, 0, 6, 6, 3, 3, 3, 3, 11, 3, 14, 14, 11, 11, 15, 18, 11, 20, 21, 18, 21, 3]
[2, 3, 0, 3, 3, 5, 6, 9, 7, 9, 9, 13, 9, 3, 3, 3, 3, 19, 20, 17, 20, 23, 21, 28, 28, 28, 28, 20, 31, 31, 28, 3]
[4, 3, 1, 0, 4]
