[4, 4, 4, 0, 4, 4, 8, 6]
[2, 0, 2, 3, 9, 9, 9, 9, 4, 12, 12, 9, 14, 12]
[2, 0, 2, 7, 7, 7, 9, 9, 2, 2, 12, 10, 2, 15, 17, 17, 2, 17, 20, 18]
[3, 3, 0]
[4, 4, 4, 0, 6, 4]
[2, 0, 4, 2, 4, 5, 2, 7, 2, 11, 9, 2, 15, 15, 2, 18, 18, 15, 18, 23, 23, 23, 18]
[5, 5, 5, 5, 0, 12, 12, 12, 12, 11, 12, 5]
[4, 4, 4, 6, 6, 0, 8, 6, 6, 11, 9, 13, 6, 6, 29, 17, 29, 19, 17, 19, 19, 24, 24, 21, 24, 27, 25, 29, 6, 29, 32, 30]
[2, 23, 10, 6, 6, 10, 6, 9, 7, 2, 10, 14, 14, 11, 16, 14, 16, 17, 21, 21, 18, 23, 0, 23, 23, 27, 25, 27, 28]
[2, 0, 5, 5, 2, 2, 2, 7, 7, 13, 13, 13, 9, 2, 16, 2, 16, 19, 20, 16]
[3, 3, 5, 5, 0, 5, 5, 7, 7, 9, 5, 22, 16, 16, 16, 12, 16, 17, 20, 22, 22, 5]
[9, 1, 4, 2, 1, 7, 5, 9, 0, 9, 14, 14, 14, 10, 14, 14, 18, 14, 21, 21, 22, 18, 22, 25, 23, 25, 28, 26]
[3, 3, 0, 3]
[2, 4, 4, 0, 6, 7, 4, 7, 7, 9, 10, 9, 14, 9]
[0, 5, 5, 5, 1, 7, 5, 7, 7, 9, 14, 14, 14, 10, 14, 15, 9, 19, 17, 19, 19, 19]
[3, 3, 0, 6, 6, 3, 6, 9, 7, 9]
[13, 1, 1, 6, 6, 1, 6, 9, 1, 11, 13, 13, 0, 13, 16, 14, 13, 17, 13, 21, 19, 21]
[0]
[2, 0, 2, 5, 2, 2, 8, 6, 2, 2, 10, 11, 17, 17, 17, 17, 11, 17, 21, 21, 18]
[5, 5, 5, 5, 0, 7, 5, 9, 10, 7, 10, 10, 10, 13]
[3, 3, 6, 6, 6, 0, 9, 9, 6]
[0, 1, 5, 5, 2, 5, 9, 9, 6]
[2, 0, 4, 2, 7, 7, 4, 4, 4, 13, 13, 13, 4, 15, 13, 18, 18, 15, 18]
[0, 1, 4, 2, 4, 7, 5, 7, 11, 11, 8, 15, 15, 15, 11]
[6, 1, 1, 6, 6, 0, 6, 9, 7, 13, 12, 13, 16, 16, 16, 6, 16, 21, 21, 21, 17, 6, 27, 27, 27, 27, 6, 27, 27, 29, 30]
[2, 3, 0, 7, 7, 7, 3, 13, 10, 13, 13, 13, 7, 3, 3, 19, 18, 19, 15, 19, 19, 21, 24, 22, 19, 25, 25, 31, 31, 31, 27, 31, 34, 32]
[2, 3, 0, 3, 7, 7, 4, 10, 10, 7, 10, 14, 14, 11]
[2, 4, 4, 0, 4, 4, 8, 4, 8, 11, 9, 4]
[4, 4, 4, 6, 6, 0, 6, 9, 7]
[4, 3, 4, 9, 4, 7, 8, 5, 0, 11, 9, 14, 14, 11, 14, 15, 11, 17, 18, 21, 19, 21, 24, 22]
[2, 4, 4, 0, 4, 5, 5, 4, 10, 8]
[2, 16, 5, 5, 2, 7, 5, 9, 7, 14, 14, 14, 14, 9, 16, 0, 19, 19, 16, 22, 22, 19, 22, 25, 22]
[2, 8, 2, 6, 6, 3, 8, 0, 8, 8, 12, 10, 12, 15, 13]
[2, 0, 7, 7, 7, 7, 2, 7, 7, 11, 9, 13, 7, 13, 16, 14, 16, 19, 16]
[3, 3, 6, 6, 6, 0, 8, 6, 8, 13, 13, 13, 9, 13, 16, 14]
[2, 5, 5, 5, 0, 5, 8, 6, 8, 9, 13, 13, 5, 13, 17, 17, 14, 20, 20, 17, 13, 13, 24, 22, 26, 24]
[2, 5, 2, 2, 0, 5, 5, 5, 11, 11, 5, 11, 12, 15, 11, 21, 19, 19, 21, 21, 15, 24, 24, 21]
[24, 3, 1, 3, 6, 3, 3, 7, 12, 12, 12, 8, 14, 20, 18, 18, 18, 20, 20, 8, 22, 20, 24, 0, 30, 27, 30, 30, 30, 24, 33, 33, 30]
[3, 3, 14, 3, 6, 3, 8, 6, 12, 12, 12, 8, 14, 0, 14, 14, 18, 16]
[4, 4, 4, 0, 7, 7, 4, 7, 8, 11, 9, 11, 12, 7, 16, 14, 16]
[4, 1, 1, 0, 4, 4, 8, 6, 4, 4, 10, 4, 14, 16, 16, 4, 16, 16, 18, 16, 22, 20]
[4, 4, 4, 19, 6, 4, 12, 9, 7, 12, 12, 6, 12, 13, 19, 19, 18, 19, 0, 19, 23, 23, 20]
[3, 3, 0, 6, 6, 3, 3, 7, 10, 7]
[7, 4, 4, 1, 7, 7, 0, 7, 13, 11, 13, 13, 7]
[2, 0, 4, 2, 4, 5, 5, 5, 8, 9, 9, 9, 2, 13, 13, 15, 13, 19, 13, 19, 20, 13, 27, 27, 27, 27, 22, 29, 32, 29, 30, 27]
[2, 8, 2, 5, 3, 8, 8, 0, 8, 9, 12, 10, 12, 15, 13, 18, 18, 8, 18, 22, 22, 18, 18, 25, 23]
[4, 4, 4, 5, 0, 5, 6, 9, 7, 9]
[3, 3, 0, 5, 3, 5, 8, 6, 5, 11, 9, 11, 12, 13, 13, 13, 18, 13, 3, 26, 26, 23, 26, 25, 26, 3, 28, 26, 26, 32, 32, 29, 32, 33]
[7, 1, 4, 2, 4, 5, 0, 7, 8, 11, 9, 11, 17, 13, 17, 17, 12]
[2, 5, 5, 5, 0, 5, 9, 9, 6, 9, 10, 11, 11, 11, 16, 14, 18, 19, 16]
[9, 4, 4, 9, 4, 4, 9, 9, 18, 11, 9, 11, 14, 12, 18, 18, 18, 0, 20, 21, 18, 24, 24, 21, 24, 24, 26, 31, 31, 31, 27]
[4, 4, 4, 13, 4, 9, 9, 9, 5, 11, 13, 13, 0, 15, 13]
[2, 0, 4, 2, 4, 5]
[4, 4, 4, 0, 4, 8, 8, 13, 10, 13, 13, 13, 4, 13, 16, 13]
[2, 0, 4, 2, 10, 10, 10, 10, 10, 4, 10, 13, 11, 17, 16, 17, 11, 17, 21, 19, 18]
[8, 1, 1, 1, 4, 8, 8, 0, 11, 11, 8, 11, 8, 17, 16, 17, 8]
[3, 3, 0]
[3, 3, 0]
[2, 0, 2, 6, 6, 3]
[3, 3, 0]
[3, 3, 4, 0, 4, 7, 5, 7, 11, 11, 8, 8, 14, 12]
[2, 3, 0, 8, 7, 7, 8, 3, 12, 12, 12, 8, 17, 15, 17, 17, 8, 17, 17, 22, 22, 19, 22, 25, 28, 28, 28, 8, 28]
[3, 3, 0, 7, 7, 7, 3, 10, 10, 7, 10, 11, 12, 10, 16, 14, 16]
[2, 0, 2, 2, 10, 10, 10, 10, 10, 4, 2, 13, 11, 2, 2, 15, 18, 16, 18]
[4, 3, 4, 0, 4, 7, 5, 7, 7, 9, 13, 13, 7, 13, 14, 17, 15, 17, 18]
[3, 3, 0, 3, 4, 7, 4]
[2, 3, 0, 5, 3, 5, 5, 5, 10, 8, 10, 11]
[9, 3, 1, 3, 3, 9, 9, 9, 0, 9, 12, 10, 12, 15, 13, 15, 9, 19, 9, 22, 22, 19, 28, 28, 28, 28, 28, 22, 28, 31, 29]
[2, 0]
[4, 4, 4, 10, 4, 8, 8, 5, 10, 0, 14, 13, 14, 10, 14]
[3, 3, 4, 0, 6, 4, 4, 9, 4, 9, 12, 10, 9, 15, 13, 15, 16]
[2, 0, 7, 7, 4, 7, 2, 11, 11, 11, 7, 11, 15, 15, 11, 17, 15, 2, 20, 23, 23, 23, 2, 23, 24]
[2, 6, 2, 3, 6, 9, 9, 9, 0, 9, 9, 11, 11, 13, 16, 14, 18, 16, 18, 21, 19]
[0, 1, 1, 1, 1, 1, 6, 7, 8, 6, 10, 11, 12, 15, 13, 15, 19, 19, 16, 19, 19]
[2, 0, 2, 2, 6, 4, 6, 9, 7]
[2, 5, 5, 5, 0, 5, 9, 9, 6, 9, 12, 14, 14, 9, 14, 18, 18, 15]
[2, 3, 0, 3, 4, 7, 3, 7, 7, 12, 12, 9, 3, 15, 16, 3, 19, 19, 16, 21, 19, 19, 19]
[2, 23, 4, 2, 4, 4, 9, 9, 6, 9, 10, 9, 12, 15, 13, 15, 15, 21, 21, 21, 17, 23, 0, 25, 23, 23, 26]
[2, 12, 2, 5, 3, 7, 5, 12, 12, 12, 12, 0, 12, 16, 16, 21, 16, 20, 20, 16, 13, 23, 21]
[2, 0, 7, 7, 4, 7, 2, 7, 10, 8]
[2, 0, 2, 2, 4]
[4, 4, 4, 0, 4, 8, 8, 5]
[7, 3, 4, 7, 7, 7, 0, 7, 10, 8, 7]
[3, 3, 4, 0, 4, 7, 5]
[2, 4, 4, 0, 4, 5, 9, 9, 6, 6, 6, 6, 15, 15, 12, 21, 19, 19, 21, 21, 15, 21, 24, 21, 28, 28, 28, 24]
[4, 1, 1, 0, 7, 7, 4, 7, 10, 8, 10, 13, 11, 13]
[4, 4, 4, 0, 8, 8, 8, 4, 10, 8, 8, 13, 8, 15, 13, 15, 18, 16, 26, 26, 20, 21, 26, 26, 26, 15, 28, 26, 28, 29]
[2, 12, 7, 7, 4, 4, 2, 7, 11, 11, 8, 0, 14, 12]
[4, 4, 4, 10, 4, 5, 10, 10, 10, 0, 10, 13, 18, 13, 14, 18, 18, 10]
[6, 1, 2, 6, 6, 0, 6, 7]
[0, 1, 4, 2, 12, 12, 11, 11, 11, 11, 12, 4, 12, 12, 12, 15, 18, 15, 15, 19, 24, 24, 24, 20, 24, 25]
[0, 1, 4, 1, 7, 7, 1, 7, 10, 8, 10]
[2, 0, 4, 2, 2, 7, 5, 10, 10, 2, 14, 14, 14, 10, 18, 18, 18, 14, 18, 18, 20, 21, 18, 25, 23]
[3, 3, 0, 5, 3]
[0, 3, 1, 3, 6, 4, 8, 3, 8, 8]
[4, 4, 4, 0, 8, 7, 8, 4, 10, 8, 10, 13, 11, 13, 13, 18, 18, 15, 18, 21, 19]
[2, 6, 6, 6, 6, 0, 6, 7, 12, 12, 12, 8]
[7, 1, 4, 2, 7, 7, 0, 7, 10, 8, 7, 13, 11, 15, 7, 19, 18, 19, 15, 21, 7, 23, 21, 23, 24, 29, 26, 29, 24]
[2, 8, 5, 5, 2, 5, 6, 0, 8, 11, 8, 11, 12, 15, 13]
[2, 9, 2, 5, 3, 9, 9, 9, 0, 9, 9, 9, 14, 9, 14, 15, 19, 19, 9, 21, 19, 21, 22]
[2, 3, 0, 3, 8, 8, 8, 3, 11, 11, 8, 11, 14, 11, 14, 15, 16, 21, 18, 21, 17]
[2, 0, 2, 5, 3, 5, 8, 9, 6, 9, 12, 13, 14, 9]
[2, 4, 4, 0, 7, 5, 4, 4]
[2, 4, 4, 0, 7, 5, 4, 4]
[2, 4, 4, 8, 7, 5, 4, 0, 8]
[0, 1, 1, 6, 6, 3, 6]
[4, 4, 4, 5, 0, 7, 5, 5, 10, 8, 13, 13, 10, 16, 16, 13]
[0, 1, 2, 3, 6, 4, 6, 9, 6, 1, 12, 15, 15, 15, 1, 19, 19, 19, 15, 22, 22, 19, 22, 25, 23, 22, 22, 33, 30, 33, 33, 33, 27]
[0, 4, 4, 1, 4, 7, 5, 9, 7, 11, 9, 11, 11, 13]
[2, 4, 4, 0, 8, 8, 8, 4, 8, 11, 9, 4, 19, 16, 14, 19, 19, 19, 4, 19, 22, 20, 22, 22]
[0, 1, 1, 1, 1, 5, 6, 6]
[2, 9, 2, 2, 9, 7, 9, 9, 0, 11, 12, 9, 16, 16, 16, 12]
[2, 0, 2, 7, 7, 7, 3, 10, 10, 7, 10]
[2, 0, 4, 2]
[0, 4, 4, 1, 4, 8, 8, 4, 4, 11, 9, 11, 14, 12]
[3, 3, 0, 5, 3, 7, 5, 7, 10, 8, 5, 14, 14, 11, 14, 18, 18, 15, 3, 21, 3, 23, 21, 23, 24, 25, 28, 26, 28, 29, 35, 35, 35, 35, 28]
[3, 3, 0, 3, 3, 8, 8, 5, 3, 11, 3, 11, 14, 11, 14, 15, 20, 20, 20, 16, 24, 24, 24, 20, 24, 27, 24, 24, 28, 31, 24]
[2, 8, 2, 2, 6, 8, 8, 0, 8, 13, 13, 13, 9, 13, 16, 13]
[2, 0, 2, 5, 2, 5, 6, 7, 11, 11, 8, 2, 14, 2, 14, 17, 14, 19, 17, 19, 22, 20]
[2, 0, 2, 5, 3, 2, 6, 2, 13, 13, 13, 13, 19, 19, 19, 19, 19, 19, 2]
[0, 1, 1, 3, 6, 4, 13, 9, 13, 9, 12, 9, 6, 15, 13, 15, 16, 19, 3, 21, 19, 25, 24, 25, 21, 25, 28, 26]
[3, 3, 8, 8, 6, 8, 8, 0, 8, 9, 8, 14, 12, 11]
[4, 4, 4, 0, 11, 11, 11, 9, 11, 11, 4, 11, 12]
[2, 3, 0, 7, 6, 7, 3, 7, 10, 8, 3, 15, 15, 15, 3, 15, 18, 15, 21, 21, 15, 21, 3]
[0, 1, 5, 5, 2]
[5, 5, 5, 5, 0, 9, 8, 9, 5, 9, 16, 14, 14, 16, 14, 9, 16, 17]
[2, 0, 2, 3, 4]
[2, 0, 4, 2, 7, 7, 4, 7, 10, 8, 10, 14, 14, 11, 16, 14, 16]
[3, 3, 0, 3]
[4, 4, 4, 0, 9, 5, 8, 9, 4, 9, 10, 9, 16, 16, 16, 12, 18, 9, 20, 21, 18]
[2, 0, 2, 6, 6, 3, 6, 11, 11, 11, 7, 2, 15, 15, 2]
[4, 4, 4, 0, 9, 9, 9, 9, 4, 14, 14, 14, 14, 9]
[2, 5, 5, 5, 0, 5, 5, 9, 7, 11, 5, 13, 11, 16, 16, 18, 18, 11, 18, 18, 22, 20]
[5, 5, 4, 2, 0, 5, 9, 9, 6, 22, 13, 13, 22, 13, 13, 17, 18, 15, 22, 22, 22, 9, 24, 22, 24, 27, 24]
[2, 8, 2, 2, 6, 2, 8, 0]
[2, 3, 0, 7, 7, 7, 3, 9, 7, 11, 9, 17, 14, 15, 16, 17, 11]
[2, 0, 2, 3, 12, 12, 12, 9, 12, 12, 12, 2, 17, 17, 17, 17, 12]
[3, 3, 0, 5, 3, 5, 8, 6, 10, 5, 10, 11]
[0, 1]
[3, 3, 0, 5, 3, 3]
[2, 0, 2, 2, 2, 7, 5, 21, 11, 11, 21, 11, 12, 13, 17, 17, 14, 21, 20, 21, 7, 21, 21]
[2, 0, 4, 2, 13, 7, 13, 7, 8, 9, 9, 13, 4, 16, 16, 13, 16, 17, 2, 2, 23, 23, 20, 23, 23, 29, 28, 29, 23, 31, 32, 29]
[3, 3, 0, 6, 6, 3, 6, 9, 7, 12, 12, 6, 18, 18, 14, 17, 15, 12, 18, 22, 22, 19]
[0, 1, 5, 5, 2, 5, 5, 9, 7, 9, 12, 10, 12]
[2, 0, 2, 5, 3]
[2, 11, 4, 2, 4, 4, 4, 11, 11, 11, 0, 11, 16, 15, 16, 12, 16, 16, 16, 16, 11, 23, 11, 23]
[12, 5, 5, 5, 1, 8, 8, 5, 8, 11, 12, 0, 12, 17, 16, 17, 13, 17, 21, 21, 17]
[2, 3, 0, 3, 8, 8, 8, 4, 3, 11, 13, 13, 3, 15, 13]
[4, 3, 4, 0, 6, 4, 10, 10, 10, 6]
[10, 4, 4, 1, 4, 9, 9, 9, 4, 0, 10, 13, 11, 13, 17, 17, 14, 17, 17, 22, 22, 17]
[3, 3, 4, 0, 6, 4, 6, 10, 10, 7, 10, 14, 14, 11, 14, 17, 15, 17, 22, 22, 22, 17, 25, 25, 22, 4, 32, 32, 32, 32, 32, 4]
[2, 0, 2, 6, 6, 3]
[2, 0, 2, 5, 3, 2, 8, 9, 2, 11, 9, 11, 12, 13, 14, 14, 13, 21, 21, 21, 17]
[2, 17, 2, 6, 6, 3, 6, 10, 10, 6, 10, 11, 15, 15, 17, 17, 0, 19, 17, 19, 22, 20, 19, 25, 19]
[4, 3, 1, 0, 4, 8, 8, 5, 8, 9, 4, 4, 17, 17, 17, 17, 12]
[7, 4, 4, 1, 4, 7, 0, 7, 10, 8]
[5, 5, 5, 5, 0, 5, 5, 7, 5, 11, 9, 5, 15, 15, 18, 18, 18, 5, 18, 25, 22, 23, 25, 25, 19, 5, 29, 29, 30, 5, 32, 30, 32, 36, 36, 33]
[2, 4, 4, 0, 4, 8, 8, 5, 4, 4, 10, 13, 11, 4, 4, 17, 15, 17, 21, 21, 18, 24, 24, 21, 26, 24, 26, 29, 27, 24, 32, 24, 34, 32, 34, 35, 38, 35]
[5, 5, 5, 5, 0]
[0, 1, 6, 6, 6, 2, 10, 7, 10, 6, 10, 13, 11, 19, 19, 18, 18, 19, 13, 21, 19, 24, 24, 21, 26, 24, 24, 29, 24]
[7, 3, 1, 3, 6, 4, 0, 7, 11, 11, 8, 14, 14, 7, 14, 17, 15]
[2, 4, 4, 13, 4, 12, 12, 12, 12, 12, 12, 5, 0, 15, 13, 13, 18, 22, 18, 19, 22, 16, 22]
[2, 0, 4, 6, 6, 2, 6, 6, 10, 8, 12, 14, 14, 10, 2, 17, 2, 17, 23, 23, 23, 23, 17, 23, 28, 25, 25, 24, 28, 31, 28]
[0, 1, 4, 2, 4, 9, 9, 9, 5, 9, 13, 13, 10]
[3, 3, 8, 8, 6, 8, 6, 0, 11, 11, 8, 13, 11, 13, 14, 11, 21, 17, 18, 21, 11, 25, 25, 25, 21, 25, 28, 26, 31, 31, 28, 31, 34, 32, 36, 31, 36, 40, 40, 37]
[8, 1, 1, 3, 8, 8, 8, 0, 8, 12, 12, 8, 12, 16, 16, 8, 21, 21, 21, 21, 16, 23, 21, 21, 26, 24, 28, 21, 28]
[2, 0, 2]
[4, 3, 4, 8, 4, 7, 5, 0, 13, 13, 13, 13, 8, 13, 13, 15]
[7, 7, 7, 7, 7, 7, 0, 11, 11, 11, 7, 13, 11, 15, 17, 17, 13, 17, 18, 17]
[2, 3, 0, 5, 3, 5, 6, 6, 6, 9]
[0]
[2, 11, 2, 3, 4, 5, 11, 11, 11, 11, 0, 11, 11, 15, 13, 18, 18, 11, 18, 18, 22, 20, 22, 22]
[0, 3, 1, 1, 10, 7, 10, 10, 10, 1, 12, 10, 12, 15, 13, 15, 18, 16, 18, 19]
[4, 3, 4, 0, 8, 8, 8, 4, 8, 11, 9, 8, 12, 15, 8, 21, 19, 19, 21, 21, 15, 21, 24, 22]
[7, 1, 4, 2, 7, 7, 0, 18, 18, 18, 10, 11, 12, 18, 18, 18, 18, 7]
[4, 3, 1, 0, 4, 7, 4, 4, 11, 11, 8, 11, 14, 12, 16, 14, 18, 16, 20, 18, 22, 23, 20, 25, 23, 25]
[2, 0, 2, 2, 4, 5, 11, 9, 11, 11, 6]
[2, 0, 2, 5, 3, 5, 6, 6, 10, 2, 13, 13, 10, 13, 16, 14, 16, 19, 16, 21, 22, 10, 22, 22, 26, 24]
[4, 4, 4, 0, 4, 7, 5, 7, 10, 8, 14, 14, 14, 7, 14, 18, 18, 15]
[2, 4, 4, 0, 6, 4, 9, 9, 6, 9, 4]
[13, 6, 6, 3, 3, 1, 8, 13, 13, 13, 13, 13, 0, 13, 17, 17, 14, 17, 20, 18, 22, 20]
[6, 6, 2, 6, 6, 0, 6, 7, 6, 13, 13, 13, 6, 13, 14]
[3, 3, 4, 0, 4, 7, 5]
[0, 1, 2, 3]
[3, 3, 12, 5, 3, 7, 5, 7, 10, 8, 12, 0, 12, 16, 16, 13, 19, 19, 16, 22, 22, 19]
[4, 4, 4, 0, 6, 4, 6, 6, 6]
[2, 0, 4, 2, 4, 8, 8, 5, 12, 11, 12, 2]
[3, 3, 0, 3, 3, 3, 6, 9, 6]
[3, 3, 9, 3, 4, 5, 9, 9, 0, 9, 13, 13, 10, 16, 16, 13, 16, 19, 17, 9, 22, 24, 24, 20, 24, 25]
[0, 3, 1, 3, 1, 7, 8, 1, 12, 11, 12, 8]
[0, 1, 4, 2, 4, 7, 5, 11, 11, 11, 4, 1, 17, 13, 16, 14, 1, 17, 17, 19, 20, 23, 20, 23, 26, 24]
[2, 3, 0, 3, 8, 7, 8, 4, 3, 12, 12, 14, 14, 3, 14, 15, 16, 16, 23, 21, 23, 23, 14, 23, 27, 27, 24]
[18, 1, 2, 8, 6, 8, 8, 18, 10, 8, 10, 13, 11, 15, 18, 18, 18, 0, 22, 22, 22, 18, 22, 25, 23]
[3, 3, 10, 3, 4, 7, 4, 10, 10, 0, 12, 10, 12, 12, 12]
[2, 3, 0, 6, 6, 3, 6]
[0, 3, 1, 5, 3, 9, 8, 9, 5, 12, 12, 5, 12, 13, 14, 15]
[3, 3, 0, 3, 9, 7, 9, 9, 4, 3]
[4, 1, 4, 0, 4, 8, 8, 5, 8, 11, 9, 14, 14, 11, 16, 14, 18, 16, 18, 22, 22, 16, 22]
[3, 3, 0, 6, 6, 3, 6, 6, 8, 9]
[2, 0, 2, 2, 8, 8, 8, 4, 2, 11, 9, 14, 14, 11, 14, 17, 15, 11, 20, 18, 20, 21]
[3, 3, 0, 3, 6, 4, 3, 9, 18, 9, 12, 10, 14, 18, 14, 14, 18, 3, 18]
[2, 0, 4, 2, 2, 2, 10, 10, 10, 2, 10, 13, 10, 13, 18, 18, 18, 14, 18, 23, 23, 23, 19, 23, 27, 27, 24]
[23, 4, 4, 23, 6, 4, 14, 14, 14, 14, 14, 14, 14, 6, 14, 19, 19, 19, 21, 21, 14, 23, 0, 25, 26, 29, 29, 29, 23, 31, 29, 31, 29, 29, 34, 37, 35]
[0, 1, 5, 5, 1, 1, 8, 6, 8, 11, 9]
[2, 0, 2, 3, 6, 4, 6, 7]
[2, 0, 17, 17, 6, 4, 6, 7, 7, 11, 7, 11, 16, 16, 16, 7, 2, 22, 22, 22, 22, 17, 22, 25, 23, 25, 25]
[2, 0, 4, 2, 2, 7, 2, 11, 11, 11, 7, 11, 11, 18, 18, 18, 18, 11, 21, 21, 18, 18]
[5, 5, 5, 5, 0, 7, 5, 7]
[2, 0, 2]
[12, 3, 1, 3, 6, 4, 6, 6, 6, 6, 12, 0, 14, 12, 12]
[0, 1, 1, 7, 7, 7, 3, 7, 11, 11, 8, 1, 15, 13, 1, 17, 15, 17, 21, 21, 18]
[0, 1, 2, 6, 6, 2, 1, 1, 1, 9]
[7, 1, 2, 6, 6, 7, 0, 10, 10, 7, 7, 7, 12, 15, 12, 12, 19, 19, 16, 19, 20]
[2, 0, 4, 2, 6, 4, 6, 6, 8, 6, 6, 19, 19, 19, 16, 19, 19, 19, 11, 19, 19, 27, 25, 25, 27, 27, 21, 29, 27, 29, 30, 33, 31]
[2, 3, 0, 7, 6, 7, 3, 7, 10, 7, 3, 15, 15, 15, 3, 15, 16]
[4, 3, 4, 0, 9, 7, 8, 9, 4, 11, 12, 9, 12, 12, 9, 17, 15]
[4, 1, 2, 0, 6, 8, 8, 4, 8, 9]
[4, 4, 4, 0, 4, 5, 4, 10, 10, 11, 4, 14, 14, 11, 14, 14, 14, 17]
[2, 0, 4, 2]
[2, 0, 6, 6, 6, 2, 6, 10, 10, 6, 10, 11]
[2, 4, 4, 0, 6, 4, 6, 10, 10, 7, 6, 6, 12, 15, 13, 12, 18, 12]
[2, 6, 2, 5, 3, 0, 6, 10, 10, 7, 6]
[2, 10, 2, 6, 6, 3, 10, 10, 10, 0, 10, 11]
[0, 1, 1, 5, 3, 1, 9, 9, 6, 9, 14, 14, 14, 10]
[0]
[3, 3, 0, 5, 3, 3, 8, 3, 8, 8, 10, 13, 15, 15, 8, 17, 15, 15, 20, 18]
[3, 3, 7, 7, 7, 7, 0, 7, 8, 9, 13, 13, 10]
[4, 1, 2, 0, 6, 4, 18, 7, 8, 14, 12, 14, 14, 18, 18, 18, 18, 6]
[4, 4, 4, 0, 4, 5]
[2, 3, 0, 3]
[0, 1, 2, 6, 6, 2]
[4, 4, 4, 0, 4]
[2, 0, 5, 5, 2, 5, 8, 6, 2, 11, 9, 13, 11, 16, 16, 13, 18, 16, 18, 21, 19, 24, 24, 18, 29, 29, 29, 29, 24, 29, 30]
[3, 3, 0, 3, 6, 4, 6, 7, 10, 3]
[2, 3, 0, 5, 3, 3]
[9, 6, 5, 5, 6, 9, 9, 9, 0, 9, 10, 9, 9, 15, 13, 13, 18, 20, 20, 16]
[2, 0, 2, 3, 8, 7, 8, 4, 3, 9, 12, 3, 12, 13, 13, 13, 16, 16, 12, 19, 20, 25, 25, 25, 21]
[2, 3, 0, 13, 13, 8, 8, 5, 10, 13, 13, 13, 3]
[0, 1, 9, 9, 9, 9, 9, 9, 1, 9, 9]
[3, 3, 0, 3, 4]
[2, 4, 4, 0, 4, 7, 10, 10, 10, 4]
[3, 3, 0, 3, 4, 3, 6, 7, 7, 3, 12, 10, 12, 15, 13, 15, 18, 15, 15, 21, 15]
[9, 1, 4, 2, 4, 8, 8, 5, 0, 9, 10, 11, 9, 15, 19, 19, 19, 19, 9, 19]
[3, 3, 0, 6, 6, 3, 3, 14, 10, 8, 14, 14, 14, 3, 16, 14, 14, 19, 17]
[10, 10, 2, 8, 6, 8, 8, 3, 10, 0]
[2, 0, 2, 6, 6, 8, 8, 2, 8, 9, 8, 8, 12, 17, 17, 17, 13, 24, 23, 23, 23, 23, 24, 17, 24]
[0, 7, 7, 7, 7, 7, 1, 7, 11, 11, 8, 14, 14, 7, 7, 19, 19, 19, 15]
[3, 3, 4, 0, 6, 4, 13, 13, 11, 11, 13, 13, 4, 13, 16, 14]
[4, 4, 4, 0, 4, 9, 9, 9, 4, 11, 9, 15, 15, 15, 11, 15, 20, 20, 20, 16, 20, 23, 20, 16]
[3, 3, 6, 6, 6, 0, 6, 9, 6, 12, 12, 9, 12, 12]
[5, 5, 5, 5, 0, 5, 6, 9, 7, 5, 13, 13, 10]
[2, 0, 4, 2, 4, 7, 5, 7, 7, 11, 7, 13, 11, 15, 11, 15, 15, 15, 15, 21, 19, 23, 15, 23, 27, 27, 24, 27]
[4, 4, 4, 0, 6, 4, 8, 6, 10, 6, 12, 10, 14, 12, 14, 17, 15]
[3, 3, 0, 3, 6, 7, 8, 3, 8, 8]
[3, 3, 7, 7, 7, 7, 0, 7, 11, 11, 8, 7, 15, 15, 7, 15, 15, 22, 18, 18, 22, 15]
[0, 1, 5, 5, 2, 1, 6, 11, 11, 11, 7]
[2, 6, 2, 6, 6, 0, 8, 6, 6, 11, 6, 11, 12, 13, 12, 17, 15]
[0, 1, 4, 2, 1, 5, 6, 6, 8]
[4, 1, 2, 0, 4, 4, 18, 10, 10, 18, 10, 13, 11, 15, 10, 18, 18, 4, 21, 21, 18, 21, 25, 25, 22]
[2, 0, 2, 3, 6, 2, 8, 6, 8, 11, 8, 6, 6, 16, 16, 13, 16, 20, 20, 17]
[4, 1, 4, 0, 4, 9, 9, 9, 5, 14, 14, 14, 14, 4, 16, 14, 18, 16, 20, 18]
[5, 5, 5, 5, 0, 5, 8, 5, 8, 8, 12, 8, 8, 15, 13, 17, 15, 17, 17, 19, 20, 21, 21]
[3, 3, 5, 5, 0, 5, 6]
[6, 4, 4, 6, 6, 8, 8, 0, 10, 8, 10, 14, 14, 11, 8, 17, 8, 19, 17, 19, 19, 19, 22, 23]
[0, 4, 4, 1, 4, 7, 5, 7, 8, 9, 10, 9, 9, 17, 17, 17, 13]
[5, 5, 4, 5, 0, 9, 9, 9, 5, 9, 15, 15, 15, 15, 10]
[5, 5, 5, 5, 0, 5, 8, 6]
[16, 5, 5, 5, 1, 5, 5, 5, 10, 8, 12, 16, 12, 13, 12, 0, 16, 17, 18, 18]
[3, 3, 10, 9, 6, 9, 9, 9, 3, 0, 10]
[3, 3, 5, 5, 0, 5, 6, 11, 11, 11, 7, 11, 14, 12]
[0, 4, 4, 1, 4, 10, 10, 7, 8, 5, 1, 14, 14, 20, 18, 17, 18, 14, 20, 1, 23, 23, 20]
[19, 4, 4, 1, 4, 7, 4, 9, 4, 12, 12, 9, 15, 15, 19, 15, 18, 16, 0, 19, 23, 23, 20]
[4, 3, 4, 0, 4, 4, 9, 9, 6, 4, 4, 13, 11, 16, 16, 13, 13, 17, 18, 22, 22, 19]
[4, 4, 4, 0]
[3, 3, 5, 5, 0, 5, 8, 5, 5, 11, 19, 11, 12, 13, 14, 15, 19, 19, 5]
[2, 0, 4, 2, 6, 4, 2, 2, 2, 9, 12, 10]
[0, 1, 1, 3, 7, 7, 4]
[2, 0, 7, 7, 6, 4, 2, 9, 7, 9, 10, 16, 16, 16, 16, 2, 18, 16, 18]
[2, 0, 5, 5, 2]
[3, 3, 14, 3, 6, 4, 8, 14, 8, 9, 14, 14, 14, 0, 14, 15, 14, 21, 21, 21, 14, 21, 21, 25, 23]
[11, 3, 1, 3, 4, 7, 11, 11, 11, 11, 0]
[3, 3, 0, 5, 3, 3, 9, 9, 3, 9]
[4, 4, 4, 0, 6, 4, 8, 6, 10, 8]
[2, 0, 4, 2, 6, 4, 10, 10, 10, 6, 10]
[3, 3, 4, 0, 7, 7, 4, 4, 4, 9, 14, 14, 14, 9, 14, 17, 15, 14, 18, 18, 22, 20, 22, 23]
[3, 3, 0, 3, 4]
[6, 3, 1, 5, 6, 0, 6, 7, 10, 8, 15, 15, 15, 15, 10, 18, 18, 15, 18, 18, 22, 18]
[2, 0, 4, 9, 4, 5, 4, 9, 2, 9]
[2, 0, 2, 5, 3, 7, 2, 7, 10, 7]
[6, 1, 6, 5, 6, 0, 8, 6, 12, 12, 12, 8, 8, 16, 16, 13, 16, 19, 17]
[6, 1, 2, 6, 6, 0, 8, 6, 10, 6, 10, 11, 6, 13, 14, 17, 15, 17, 18, 19, 20, 20, 24, 22, 24, 25, 29, 29, 26, 29, 33, 33, 34, 30, 34, 34]
[4, 4, 4, 0, 7, 7, 4, 7, 7, 12, 12, 9, 15, 15, 12, 12, 19, 19, 16, 19, 23, 23, 19]
[5, 3, 5, 5, 24, 8, 8, 5, 10, 8, 13, 13, 5, 15, 13, 15, 16, 13, 23, 23, 23, 23, 18, 0, 24, 25, 28, 25, 32, 32, 32, 28, 32, 33]
[4, 4, 4, 0, 7, 7, 4, 9, 22, 9, 9, 13, 11, 9, 17, 17, 22, 17, 18, 22, 22, 7, 25, 25, 22, 25, 26]
[3, 3, 9, 6, 6, 3, 8, 6, 0, 12, 12, 9, 14, 12, 14, 15, 12, 17, 21, 21, 18, 21, 24, 21, 26, 12]
[2, 13, 2, 3, 3, 7, 5, 7, 10, 8, 13, 13, 0, 16, 16, 13, 13, 19, 17]
[15, 1, 4, 5, 2, 5, 9, 9, 6, 5, 12, 10, 14, 15, 0, 18, 18, 15, 18, 19, 23, 23, 20, 20, 26, 24, 15, 29, 33, 29, 32, 30, 15, 33, 36, 34, 38, 36, 40, 38, 40, 43, 41, 40, 47, 47, 40]
[3, 3, 5, 5, 0, 7, 12, 12, 12, 12, 12, 5, 12, 15, 12, 15, 20, 20, 20, 16]
[8, 3, 8, 3, 3, 8, 8, 12, 8, 9, 12, 0, 15, 15, 12, 12, 18, 12, 18, 22, 22, 19]
[5, 5, 5, 5, 0]
[2, 6, 2, 5, 3, 0, 8, 10, 10, 6, 10, 11, 14, 12]
[4, 4, 4, 0, 6, 7, 4, 7, 7, 7]
[5, 5, 5, 5, 0, 7, 5, 5]
[2, 0, 4, 6, 6, 2]
[0, 1, 7, 7, 7, 7, 2, 7, 10, 8, 1, 1, 12, 12, 17, 17, 14]
[3, 3, 0, 3, 3, 7, 5, 3, 18, 11, 9, 13, 18, 18, 18, 18, 18, 3]
[7, 1, 2, 5, 3, 7, 0, 11, 11, 11, 12, 7]
[4, 4, 4, 0, 7, 7, 4, 4, 10, 8, 4, 13, 4, 16, 16, 13, 16]
[2, 10, 2, 6, 6, 3, 10, 10, 10, 0, 13, 13, 10, 13, 13, 15, 16, 19, 13, 21, 19, 10, 24, 29, 26, 27, 24, 29, 10, 31, 29]
[0, 1, 4, 2, 4, 7, 5, 11, 11, 11, 7, 11, 12, 16, 16, 13, 16, 17, 20, 18, 20, 23, 21, 18, 26, 24, 18, 27, 30, 28]
[3, 3, 27, 5, 3, 10, 8, 10, 10, 5, 10, 10, 14, 12, 17, 17, 10, 21, 21, 21, 17, 24, 24, 27, 27, 27, 0, 29, 27, 31, 29, 29, 32]
[3, 3, 4, 0, 4, 4, 8, 13, 8, 8, 13, 13, 6, 15, 13, 19, 19, 19, 15, 21, 19, 25, 22, 25, 21, 21, 28, 21]
[2, 4, 2, 0, 7, 7, 4, 4, 8, 11, 8, 13, 16, 16, 16, 8, 16, 19, 17]
[10, 1, 6, 6, 6, 2, 6, 10, 10, 0, 12, 10, 12, 12, 14, 17, 14, 10, 20, 18, 20]
[2, 4, 4, 0, 4, 8, 8, 5]
[3, 3, 6, 3, 6, 0, 8, 6, 10, 8, 8, 13, 11, 13, 13, 15, 6, 20, 20, 24, 24, 24, 24, 6, 26, 24, 28, 26]
[3, 3, 19, 3, 6, 3, 11, 10, 10, 11, 6, 14, 14, 11, 14, 19, 19, 19, 0]
[2, 0, 4, 2, 6, 4, 8, 6]
[2, 0, 2, 3, 2, 5, 9, 9, 6, 9, 10, 13, 11, 16, 16, 11]
[8, 1, 2, 7, 7, 7, 3, 0, 8, 12, 12, 9]
[6, 4, 4, 1, 6, 0, 6, 9, 7, 9, 12, 10]
[4, 4, 4, 0, 9, 8, 8, 9, 4, 12, 12, 15, 15, 15, 9, 9, 9, 17, 17, 22, 22, 19]
[0, 1, 1, 9, 9, 9, 9, 9, 11, 11, 1, 11, 12, 13, 14, 18, 18, 15, 18, 19]
[4, 1, 4, 0, 6, 4, 8, 6, 8, 11, 8]
[6, 6, 4, 6, 6, 0]
[2, 3, 0, 3, 7, 7, 3, 7, 10, 7, 10, 10, 15, 15, 10]
[2, 4, 4, 0]
[8, 4, 4, 8, 8, 8, 8, 16, 8, 9, 10, 16, 16, 16, 16, 0, 16, 16, 18, 19, 22, 20, 22, 23, 27, 27, 24, 27, 19, 31, 29, 31, 35, 35, 32]
[7, 7, 7, 7, 7, 7, 8, 0, 11, 11, 8, 13, 8, 13, 8, 18, 18, 8, 20, 18, 20, 21, 22, 26, 26, 23, 23]
[0, 4, 4, 1, 9, 9, 9, 9, 1, 9, 10, 10, 10, 13, 16, 13, 20, 20, 20, 16, 20, 24, 24, 21]
[4, 4, 4, 15, 4, 8, 8, 5, 8, 12, 10, 8, 15, 15, 0, 17, 20, 20, 20, 15]
[3, 3, 0, 5, 3, 5, 8, 6]
[4, 4, 4, 0, 4, 4, 10, 10, 10, 6, 6, 15, 15, 15, 6, 15]
[2, 0, 2, 2, 9, 9, 9, 9, 2, 9, 12, 9, 9, 13, 14, 14]
[4, 1, 4, 0, 4, 8, 8, 4, 10, 8, 10, 13, 11, 13, 16, 17, 14, 17, 17]
[0, 5, 5, 5, 7, 7, 1, 7, 8, 13, 13, 13, 9, 13, 14, 15, 18, 21, 18, 21, 16]
[3, 1, 0, 5, 3, 5, 10, 10, 10, 6, 10, 16, 16, 16, 16, 11, 16, 17, 23, 23, 23, 23, 16, 23, 24]
[6, 6, 5, 5, 6, 0, 9, 9, 6]
[3, 3, 11, 3, 4, 3, 9, 9, 6, 11, 0, 13, 11, 11, 11, 11, 11, 19, 11, 21, 19]
[2, 4, 4, 0, 4, 12, 6, 9, 7, 12, 12, 4, 4, 16, 16, 4, 24, 24, 20, 24, 24, 21, 22, 16, 28, 27, 28, 24, 28]
[2, 8, 2, 5, 3, 8, 8, 0, 8, 11, 9, 8, 15, 15, 8, 15, 16]
[2, 5, 2, 2, 0, 9, 6, 6, 5, 5, 12, 5, 12, 16, 16, 13, 16, 19, 17, 21, 12, 24, 24, 21, 24, 25, 21]
[2, 4, 4, 0, 4, 4, 6, 7, 8]
[10, 3, 1, 3, 4, 5, 8, 6, 10, 0, 10, 11, 11, 21, 21, 19, 19, 19, 21, 21, 10, 21, 21, 23, 26, 23]
[10, 3, 10, 3, 6, 4, 6, 10, 10, 0, 10, 13, 11]
[2, 4, 4, 0, 4, 11, 10, 10, 10, 11, 4, 13, 11, 13, 16, 14, 13, 19, 17, 19, 23, 23, 20]
[2, 0, 5, 5, 2, 5, 5, 9, 7, 5, 5, 2]
[10, 4, 4, 10, 4, 5, 6, 10, 10, 0, 10]
[2, 5, 5, 5, 0, 5, 6, 5, 10, 5, 12, 10, 10, 17, 17, 17, 13, 17, 21, 21, 18, 21, 22, 5, 27, 27, 31, 31, 31, 31, 5, 31, 31, 35, 33, 31, 39, 39, 36]
[0, 1, 2, 3, 1, 7, 1, 7, 8, 9, 12, 9]
[2, 12, 2, 2, 7, 7, 4, 2, 8, 12, 12, 0, 12, 12, 16, 17, 14, 17, 17]
[6, 6, 6, 6, 6, 0, 9, 9, 6, 13, 13, 13, 9]
[4, 4, 4, 9, 4, 7, 4, 9, 0, 9, 9, 13, 11, 15, 13, 15, 19, 19, 16]
[2, 0, 2, 7, 6, 7, 3]
[2, 0, 2, 3, 10, 8, 8, 10, 10, 16, 12, 10, 16, 16, 16, 2, 18, 16, 16, 22, 22, 19, 24, 16, 30, 29, 26, 29, 30, 24, 30, 30, 35, 35, 30, 35, 35, 39, 37]
[4, 3, 1, 0, 4]
[0, 1, 4, 1, 1, 7, 5, 9, 7, 9, 12, 7, 12, 15, 13, 5, 16, 19, 17]
[3, 3, 0, 5, 3, 26, 11, 11, 11, 11, 26, 11, 16, 16, 16, 12, 16, 20, 20, 17, 26, 26, 26, 26, 24, 3]
[2, 6, 6, 5, 6, 0, 8, 6, 8, 9]
[4, 4, 4, 0, 4, 7, 5, 4, 8]
[2, 0, 6, 6, 6, 2, 2, 9, 20, 11, 20, 13, 11, 13, 17, 17, 13, 20, 20, 2, 20, 23, 20, 2]
[3, 3, 6, 6, 6, 0, 6, 9, 7, 9, 9, 17, 17, 17, 17, 17, 6, 17]
[5, 3, 4, 5, 0, 5, 8, 6]
[3, 3, 9, 3, 6, 7, 4, 9, 0, 9, 9, 11, 19, 16, 16, 19, 19, 19, 12, 19, 20, 21, 24, 22, 24, 27, 25]
[0, 1, 4, 2, 4, 7, 5, 7, 10, 8, 1, 18, 12, 17, 17, 17, 13, 1, 18, 24, 24, 23, 24, 18, 24]
[2, 4, 2, 0, 7, 7, 4, 9, 7, 11, 14, 13, 14, 9]
[2, 5, 2, 5, 0, 7, 5, 5]
[2, 4, 4, 0, 6, 4]
[2, 6, 6, 6, 6, 9, 6, 9, 0, 9]
[2, 11, 2, 5, 3, 11, 11, 11, 11, 11, 0, 11, 16, 15, 16, 12]
[13, 1, 8, 5, 8, 8, 8, 2, 11, 11, 8, 11, 0, 15, 13, 15, 18, 19, 16, 19, 24, 23, 24, 20, 15, 27, 15, 27]
[4, 4, 4, 0, 4, 5, 13, 10, 10, 13, 13, 13, 4, 13, 14, 15, 18, 16, 14, 21, 19, 21, 24, 22]
[2, 0, 2, 5, 6, 2, 9, 9, 6, 11, 9, 11, 18, 18, 18, 18, 18, 9, 18, 22, 22, 19, 22, 23]
[0, 1, 2, 2, 8, 8, 8, 2]
[3, 3, 10, 3, 3, 3, 6, 9, 10, 0, 10, 11, 12, 12, 16, 10, 16, 17, 16, 22, 22, 19]
[2, 5, 5, 5, 0, 5, 5, 5, 8, 11, 9, 15, 15, 15, 5, 15, 20, 19, 20, 16, 25, 25, 25, 25, 15]
[2, 3, 0, 3, 8, 8, 8, 4, 8, 12, 12, 9, 12, 13, 9, 17, 15, 19, 23, 23, 23, 23, 3, 3]
[0, 1, 2, 6, 6, 3, 8, 6, 10, 8, 8, 8, 14, 12, 17, 17, 6, 17, 18, 19, 22, 19]
[8, 3, 8, 3, 6, 3, 8, 0, 8, 11, 9]
[3, 3, 0, 6, 6, 3, 8, 6, 10, 8, 13, 13, 10, 15, 13, 21, 19, 19, 21, 21, 13]
[3, 3, 4, 0, 4, 4, 6, 9, 7]
[11, 1, 2, 5, 3, 11, 6, 7, 11, 11, 0, 11, 16, 15, 13, 11, 16, 19, 17]
[5, 5, 5, 5, 6, 0, 6, 11, 11, 11, 6, 14, 14, 11, 14, 14]
[5, 1, 5, 5, 0, 5]
[5, 5, 4, 5, 0]
[3, 3, 0, 3, 3, 5]
[3, 3, 0, 5, 3, 5, 5, 11, 11, 11, 7, 11, 12, 13, 12, 18, 18, 15, 18, 21, 19]
[3, 3, 0, 3, 8, 5, 5, 4, 3, 3, 10, 15, 14, 15, 11]
[7, 1, 5, 5, 1, 7, 0, 9, 7, 11, 9, 11, 14, 12]
[4, 4, 4, 0, 4, 8, 8, 4]
[4, 4, 4, 0, 4, 9, 9, 9, 4]
[4, 4, 4, 0, 4, 5]
[3, 3, 4, 0, 9, 9, 6, 9, 4, 11, 9, 11, 11, 13, 13, 9, 18, 16, 18, 22, 22, 19, 9, 9, 24, 24, 29, 29, 26]
[3, 3, 0, 3, 6, 7, 4, 7, 10, 7, 10, 13, 11, 13, 16, 14]
[3, 3, 0, 3, 4]
[4, 4, 4, 0, 6, 7, 9, 9, 4, 9, 12, 13, 14, 9]
[2, 14, 2, 8, 8, 7, 8, 3, 10, 3, 10, 14, 14, 0, 14, 14, 14, 17, 18, 23, 20, 20, 18]
[4, 4, 4, 10, 4, 5, 8, 6, 10, 0]
[3, 3, 0, 3, 9, 9, 9, 9, 4, 9, 10, 3, 14, 12, 14, 15]
[3, 1, 0, 5, 3, 7, 3, 9, 7, 3, 12, 14, 14, 3, 16, 14, 16, 19, 16]
[5, 5, 5, 5, 0]
[11, 7, 7, 5, 7, 7, 1, 7, 10, 7, 0, 14, 14, 11, 11, 19, 18, 19, 11, 19, 20]
[3, 3, 7, 3, 7, 7, 0, 7, 12, 12, 12, 8]
[2, 0, 2, 5, 3, 7, 5]
[3, 3, 4, 0, 4, 5, 6, 9, 7, 9]
[3, 3, 0, 5, 3, 9, 9, 9, 5, 11, 9, 17, 17, 17, 17, 17, 11, 17]
[2, 9, 2, 3, 6, 2, 9, 9, 0, 11, 9, 14, 14, 11, 14, 17, 15, 17, 22, 22, 22, 18, 9, 27, 27, 27, 28, 9, 34, 31, 29, 31, 34, 28]
[2, 0]
[21, 1, 2, 5, 3, 5, 8, 6, 10, 11, 8, 2, 15, 15, 2, 15, 18, 16, 20, 21, 0, 21, 21, 21, 24, 25, 29, 29, 26, 31, 29, 29, 32, 35, 33, 35, 38, 41, 41, 41, 35]
[6, 6, 6, 6, 6, 0, 8, 6]
[2, 5, 5, 5, 0, 7, 5, 7, 10, 7]
[2, 0, 2, 2, 8, 8, 8, 2]
[2, 4, 4, 0, 6, 4, 4, 9, 10, 4, 12, 10]
[2, 5, 5, 5, 0, 5, 9, 9, 6, 11, 9, 11, 11, 15, 13, 11, 11, 17, 21, 21, 22, 18, 22, 23, 22, 29, 29, 29, 22, 29, 32, 29, 36, 36, 36, 32]
[2, 3, 0, 9, 9, 9, 9, 9, 3, 12, 12, 9, 12, 12, 16, 14, 12, 21, 21, 21, 12, 21, 24, 22]
[2, 0, 4, 2, 12, 12, 8, 6, 12, 12, 12, 4]
[4, 4, 4, 0, 6, 4, 8, 6, 11, 11, 8]
[3, 3, 7, 3, 6, 4, 0, 14, 10, 14, 10, 13, 11, 7, 14, 18, 18, 15]
[6, 6, 6, 6, 6, 0]
[3, 3, 4, 0, 4, 8, 8, 4, 8, 8, 13, 13, 4, 13, 16, 14, 16, 17, 20, 18]
[3, 3, 11, 3, 8, 8, 8, 4, 3, 9, 0, 14, 14, 11, 14, 14, 19, 19, 14, 19, 19, 19, 24, 22]
[0, 1, 4, 2]
[2, 5, 5, 5, 0, 5, 6, 7, 8, 6, 12, 10, 14, 5, 14, 17, 14, 17, 20, 18]
[5, 1, 2, 3, 0, 9, 9, 9, 5, 14, 14, 14, 14, 5, 14, 14, 18, 16, 18, 22, 22, 19, 24, 22]
[2, 3, 0, 5, 3, 7, 5, 11, 11, 11, 7, 11, 14, 12, 5, 5, 5, 17, 22, 21, 22, 17, 24, 22, 24, 27, 25]
[0, 3, 1, 3, 3, 1, 8, 1, 10, 8, 1, 13, 16, 13, 16, 1, 16, 16, 20, 18]
[9, 9, 2, 3, 2, 5, 8, 6, 0, 11, 9, 17, 14, 17, 14, 15, 9, 17, 17, 21, 19]
[3, 3, 0, 3, 3, 7, 5, 3, 3, 9, 13, 13, 10, 9, 16, 14, 16, 17, 21, 21, 17, 21, 25, 25, 22]
[0, 1, 4, 1]
[4, 3, 4, 21, 6, 4, 4, 9, 7, 9, 13, 13, 10, 17, 17, 17, 9, 19, 17, 21, 0, 23, 21, 21, 26, 24, 21]
[0, 1, 1]
[0, 1, 4, 2, 4, 7, 5, 7, 10, 8, 10]
[2, 0, 2, 2, 6, 4]
[11, 4, 4, 1, 6, 11, 6, 9, 6, 11, 0, 11, 15, 15, 12]
[3, 3, 0, 3, 4, 3, 3, 9, 7, 12, 12, 9, 14, 12, 14, 15]
[4, 4, 4, 0, 4, 8, 8, 5, 17, 17, 10, 13, 11, 13, 13, 17, 4, 17, 20, 21, 18]
[19, 4, 4, 5, 1, 7, 5, 19, 19, 19, 13, 13, 19, 13, 14, 15, 19, 19, 0, 19, 26, 23, 24, 26, 26, 20, 26]
[4, 3, 4, 0]
[0, 4, 4, 1, 4, 7, 4, 11, 11, 11, 4, 13, 11, 1, 16, 1, 18, 16, 18, 19, 19, 25, 25, 25, 19, 27, 28, 25]
[6, 1, 1, 6, 6, 0, 9, 9, 6, 11, 9, 15, 15, 15, 11, 15, 19, 19, 16, 11, 23, 23, 11, 23, 27, 27, 24]
[2, 11, 2, 5, 3, 7, 5, 11, 11, 11, 0, 18, 14, 18, 14, 17, 15, 11, 18, 18, 22, 20, 24, 18]
[5, 5, 5, 5, 11, 5, 8, 5, 11, 11, 0]
[3, 3, 0, 5, 3, 7, 5, 7, 10, 8, 7, 13, 7, 18, 18, 18, 18, 13, 18, 22, 22, 19]
[3, 3, 0]
[0, 1, 1, 3, 4, 7, 5, 13, 12, 12, 12, 13, 7, 13, 16, 14, 16, 17, 16, 19, 20, 24, 24, 21]
[3, 3, 18, 5, 7, 7, 3, 9, 7, 11, 9, 9, 15, 15, 12, 18, 18, 0, 18, 21, 19]
[2, 7, 5, 5, 2, 5, 0, 7, 10, 7, 13, 13, 10]
[0, 1, 1, 9, 9, 9, 9, 9, 3, 9, 12, 10, 12, 15, 12, 17, 15, 19, 17, 19, 22, 20]
[2, 0, 5, 5, 2, 5, 10, 10, 10, 6, 10, 14, 14, 11, 14, 15, 14, 19, 24, 24, 20, 20, 24, 14]
[2, 3, 4, 0, 4, 5, 8, 6, 8, 9, 15, 13, 15, 15, 4, 15, 19, 19, 16]
[2, 3, 0, 3, 3, 7, 5, 10, 10, 3, 10]
[3, 3, 7, 3, 3, 7, 0, 9, 7, 9, 10, 13, 7, 13, 16, 14, 18, 7, 18, 22, 22, 19]
[3, 1, 6, 6, 6, 0, 6, 7, 12, 12, 12, 6, 12, 13, 14, 15]
[0, 3, 1]
[4, 4, 4, 0, 6, 4, 4, 10, 10, 4]
[3, 1, 0, 3, 4, 9, 9, 9, 5, 11, 9]
[2, 0]
[8, 3, 1, 3, 6, 4, 8, 0, 14, 14, 14, 14, 14, 8, 14, 8, 18, 8, 24, 21, 24, 24, 24, 18, 24]
[0, 3, 1, 1, 9, 9, 9, 9, 4, 9, 12, 10, 17, 17, 17, 17, 1, 19, 17, 17, 22, 20, 22]
[2, 4, 4, 0, 7, 7, 4, 9, 10, 7, 10, 13, 15, 15, 11, 17, 15]
[2, 0, 5, 5, 2, 7, 5, 9, 7, 11, 9, 13, 11, 11, 16, 14, 9, 9, 18, 18, 20, 20, 25, 25, 22]
[4, 4, 4, 0, 6, 8, 8, 4, 11, 11, 8, 11, 4]
[2, 8, 2, 3, 4, 8, 8, 0, 8, 9, 12, 10, 12, 13, 18, 18, 18, 14]
[5, 3, 4, 5, 0, 8, 8, 5, 8]
[2, 0, 2, 7, 7, 7, 2, 9, 7]
[0, 1, 1, 1, 6, 4, 13, 13, 13, 13, 13, 13, 6, 13, 16, 13, 6, 19, 17]
[5, 5, 5, 5, 0, 7, 5, 7, 10, 11, 8]
[5, 1, 5, 5, 0, 5, 8, 5, 8, 12, 12, 9, 12, 17, 17, 17, 13]
[3, 3, 4, 0, 4, 8, 8, 4, 4, 11, 9, 11, 15, 15, 11]
[2, 0, 4, 2, 9, 7, 9, 9, 4, 9, 10, 2, 2, 13, 14, 14, 18, 16, 13, 21, 19, 23, 13, 23, 24]
[2, 5, 5, 5, 0, 5, 8, 13, 13, 13, 13, 13, 5]
[5, 1, 5, 5, 0, 7, 5]
[2, 0, 2, 6, 6, 3, 10, 10, 10, 2, 10, 15, 15, 15, 10]
[2, 4, 4, 0, 6, 4, 6, 7, 13, 13, 13, 13, 6, 13, 16, 14]
[0, 5, 5, 5, 1, 5, 9, 9, 6]
[2, 5, 5, 5, 0, 5, 9, 9, 6, 12, 12, 9, 14, 12, 14, 19, 18, 19, 15]
[6, 6, 6, 6, 6, 7, 0, 7, 7, 14, 12, 14, 14, 9, 14]
[3, 3, 0, 5, 6, 3, 6, 13, 10, 13, 13, 13, 3, 13, 18, 17, 18, 13, 18, 18, 18, 23, 21, 23]
[2, 0, 2, 5, 3]
[3, 3, 0, 3, 3, 5, 3, 7, 8]
[3, 3, 8, 8, 8, 8, 8, 0, 10, 8, 8, 11, 16, 16, 16, 12, 16, 22, 21, 21, 22, 17, 16, 23]
[4, 4, 4, 0, 6, 4, 6, 10, 10, 6, 12, 10, 14, 12, 14, 14, 14, 17, 21, 21, 18, 21, 24, 21]
[4, 4, 4, 0, 4, 4, 6]
[3, 3, 0, 6, 6, 3, 8, 6, 8, 11, 14, 14, 14, 9, 6, 6, 18, 16, 6, 24, 23, 23, 24, 19, 28, 28, 28, 24]
[2, 8, 8, 8, 8, 5, 5, 0, 8, 11, 9, 14, 14, 15, 11, 15, 15, 19, 17, 22, 22, 19, 22]
[2, 0, 2, 3, 2, 5, 8, 11, 11, 11, 2, 13, 11, 11, 14]
[4, 4, 4, 9, 4, 4, 6, 9, 0, 12, 12, 13, 9, 13, 9]
[6, 6, 6, 6, 6, 0, 8, 6, 8, 11, 12, 8]
[0, 5, 5, 5, 1, 1, 9, 9, 6, 24, 24, 15, 15, 15, 11, 24, 16, 20, 20, 17, 24, 24, 24, 1, 24, 25]
[0, 1, 7, 7, 4, 5, 2, 9, 7, 9, 9, 11, 12, 20, 20, 20, 20, 20, 20, 9, 22, 20]
[19, 6, 4, 6, 6, 1, 1, 10, 10, 7, 10, 10, 12, 16, 16, 10, 19, 19, 0, 21, 19, 24, 24, 21, 24]
[4, 4, 4, 10, 4, 5, 6, 10, 10, 0, 10, 13, 11]
[16, 3, 1, 3, 6, 4, 3, 12, 10, 12, 12, 3, 12, 15, 13, 0, 19, 19, 16, 19, 22, 20]
[0, 4, 4, 1, 6, 4, 8, 6, 6, 6, 12, 13, 10, 6, 17, 17, 14, 1, 23, 22, 22, 23, 28, 23, 24, 24, 28, 1, 28, 31, 29, 36, 34, 36, 36, 31, 36]
[2, 10, 4, 10, 4, 5, 10, 10, 10, 0, 10, 14, 14, 21, 14, 17, 18, 14, 21, 21, 10, 21, 22, 23, 23, 28, 28, 23]
[5, 5, 5, 5, 0, 10, 9, 9, 10, 5, 10, 13, 10]
[4, 4, 4, 0, 4, 7, 5, 4, 13, 13, 13, 13, 4]
[3, 1, 0, 5, 9, 9, 8, 9, 3, 9, 15, 14, 14, 15, 9, 15, 3]
[0, 1, 2, 1, 6, 4, 6, 7, 11, 11, 6, 13, 11]
[4, 4, 4, 0, 4, 5, 4]
[2, 0, 2, 2, 4, 10, 8, 9, 10, 2]
[2, 0, 4, 2, 7, 7, 4]
[2, 7, 2, 5, 3, 7, 0, 7, 7, 15, 15, 15, 15, 15, 7, 15, 20, 20, 20, 16, 29, 26, 24, 26, 26, 29, 29, 29, 15]
[2, 0, 2, 5, 3, 12, 12, 12, 12, 12, 12, 5]
[2, 0, 4, 2, 6, 4, 6, 7, 10, 12, 12, 8, 12, 15, 13, 8, 18, 16, 18, 21, 19]
[2, 8, 8, 5, 8, 8, 8, 0, 8, 8, 14, 14, 14, 8, 14, 17, 15]
[4, 4, 4, 0, 4, 4, 4, 4, 10, 13, 13, 13, 4, 16, 16, 13]
[2, 0, 2, 3, 4, 4, 4, 9, 2, 9, 12, 10, 15, 15, 10, 15, 15, 17, 22, 22, 22, 18, 22, 25, 23, 2]
[2, 0, 6, 5, 6, 17, 8, 6, 8, 13, 13, 13, 9, 6, 16, 14, 2, 17]
[7, 4, 4, 1, 7, 7, 0, 9, 7]
[4, 4, 4, 0, 4, 5]
[2, 3, 0, 7, 6, 7, 3, 7, 13, 13, 13, 13, 8, 15, 13, 15, 16, 19, 3, 19, 19, 21, 22, 23, 24, 24, 24, 24]
[4, 4, 4, 8, 4, 5, 6, 0, 8, 12, 12, 9]
[2, 0, 2, 6, 6, 3, 6, 9, 7, 2, 15, 13, 15, 15, 10, 15, 18, 16]
[3, 3, 6, 6, 6, 0, 6, 9, 13, 13, 13, 13, 6, 13, 13, 17, 18, 15]
[3, 3, 4, 0, 4, 5, 4, 7, 13, 12, 12, 13, 7]
[2, 4, 4, 0, 4, 5, 9, 9, 6, 9, 12, 14, 14, 9, 9, 9, 9, 17]
[4, 4, 4, 0, 4, 5, 6, 9, 7, 4, 10, 13, 11, 13, 14, 17, 13]
[7, 4, 4, 1, 4, 5, 0, 7, 8, 11, 9, 7, 14, 7, 14, 22, 22, 17, 17, 21, 22, 15, 14, 14, 26, 24, 30, 30, 30, 26, 30, 31, 32, 35, 32, 35, 38, 36, 38, 38]
[4, 4, 4, 0, 4, 5, 6, 5, 16, 16, 16, 13, 16, 13, 14, 8, 18, 16, 16, 21, 19]
[3, 3, 0, 3, 6, 4, 8, 3, 8, 9]
[3, 3, 8, 8, 7, 7, 8, 0, 10, 8, 13, 13, 10]
[2, 0, 8, 7, 7, 7, 8, 2, 8, 12, 12, 9, 12, 15, 13]
[2, 5, 5, 5, 16, 5, 6, 6, 8, 9, 16, 16, 16, 16, 16, 0, 16, 19, 17]
[0, 1, 4, 2, 6, 4, 9, 9, 1, 11, 9, 9, 9, 13, 13, 17, 15, 17, 18]
[3, 3, 0, 3, 4, 5, 8, 5, 12, 12, 12, 8, 3, 3, 14, 15, 18, 16, 22, 22, 22, 18]
[2, 5, 5, 5, 0, 5, 8, 5, 8, 11, 9, 5, 12, 15, 13, 13, 18, 13]
[2, 0, 6, 6, 6, 2, 9, 9, 6, 12, 12, 9, 9, 15, 9, 15, 18, 16, 16, 19, 20]
[6, 4, 4, 6, 6, 0, 6, 7, 7]
[2, 0, 4, 2, 2, 11, 6, 7, 7, 11, 2, 15, 15, 15, 11]
[5, 5, 5, 5, 0, 8, 8, 5, 10, 5, 13, 13, 10, 13]
[2, 9, 4, 2, 2, 7, 9, 9, 0, 11, 9, 9, 14, 12]
[5, 1, 1, 5, 0, 8, 8, 5, 8, 11, 9, 11, 17, 17, 17, 17, 12]
[9, 1, 5, 5, 2, 9, 9, 9, 0, 9, 13, 13, 9, 15, 13, 15, 16, 17, 20, 17, 20]
[10, 3, 1, 1, 7, 7, 4, 10, 10, 0, 10]
[3, 3, 0, 6, 6, 3, 9, 9, 6, 9, 12, 10, 16, 16, 16, 6, 19, 19, 16]
[22, 3, 1, 5, 3, 5, 9, 9, 6, 9, 10, 11, 12, 15, 13, 17, 18, 15, 22, 22, 22, 0, 22]
[2, 0, 2, 6, 6, 3, 6, 2, 10, 8, 10, 11, 12, 12]
[3, 3, 0, 6, 6, 10, 10, 9, 7, 3, 12, 10, 12, 13, 16, 13, 16, 20, 20, 17]
[0, 3, 1, 5, 1]
[2, 0, 4, 2, 4, 7, 5, 4, 8, 11, 9, 13, 11, 15, 4, 19, 19, 19, 15]
[11, 4, 4, 1, 4, 10, 10, 9, 10, 5, 0, 13, 11, 13, 16, 14, 13, 20, 20, 13, 20, 23, 21]
[4, 4, 4, 0, 4, 9, 9, 9, 5, 9, 12, 10, 9, 13, 14]
[4, 4, 4, 7, 7, 7, 0, 12, 12, 12, 12, 14, 14, 7, 14, 14, 19, 19, 16, 21, 19]
[2, 7, 7, 7, 7, 7, 0, 7, 8, 9, 9, 15, 15, 15, 11, 15, 18, 16, 21, 21, 7, 23, 21]
[2, 0, 5, 5, 2, 5, 8, 9, 6]
[6, 6, 6, 5, 6, 0, 6, 9, 7, 12, 12, 6, 14, 15, 17, 17, 12, 21, 21, 21, 17, 23, 24, 21]
[3, 3, 0, 6, 6, 3, 3, 10, 10, 3, 10, 13, 10, 13, 16, 13]
[5, 3, 5, 5, 7, 7, 0, 9, 7, 9, 13, 13, 10, 19, 19, 19, 18, 19, 9, 19, 23, 23, 20, 19, 28, 28, 28, 19, 28, 28]
[0, 1, 4, 1, 4, 5]
[5, 3, 5, 5, 9, 7, 9, 9, 0, 13, 13, 13, 9]
[4, 4, 4, 0, 4, 5, 6, 9, 6, 4, 12, 10, 4, 15, 4, 17, 15, 17, 21, 21, 18, 23, 17, 23, 23, 25]
[3, 3, 0, 3, 6, 8, 8, 4, 3, 12, 12, 3, 12, 15, 13, 12, 18, 16, 18, 3]
[2, 0, 2, 3, 6, 2, 6, 7, 10, 8, 10, 10]
[2, 0, 4, 2, 4, 5, 6, 7, 10, 8, 4, 14, 14, 11, 16, 4, 19, 19, 16, 19, 22, 20]
[2, 0, 5, 5, 2, 5, 8, 6]
[2, 0, 5, 3, 2, 7, 13, 7, 10, 8, 13, 13, 5, 13, 17, 17, 13, 17, 17, 5, 23, 23, 5, 23, 23, 23]
[3, 3, 0, 5, 3, 12, 12, 10, 10, 12, 12, 5, 12]
[3, 3, 0, 5, 3, 5, 5, 7]
[4, 4, 4, 0, 4, 8, 8, 11, 11, 11, 5, 14, 14, 11, 11, 19, 19, 19, 15, 4, 24, 24, 24, 27, 27, 27, 4]
[3, 3, 0, 3, 6, 9, 9, 9, 3]
[3, 3, 14, 3, 9, 8, 8, 9, 4, 3, 13, 13, 10, 0, 17, 17, 14]
[2, 0, 2]
[3, 3, 9, 3, 3, 5, 9, 9, 0, 9, 9, 9, 17, 17, 17, 17, 12, 19, 17]
[0, 3, 1, 1, 1, 5, 8, 6, 8, 11, 9, 1, 22, 16, 16, 22, 16, 20, 20, 17, 22, 1, 22, 23, 23, 27, 23, 27, 33, 32, 32, 33, 27]
[4, 4, 4, 6, 6, 0, 6, 9, 6, 11, 9]
[6, 6, 6, 3, 6, 0, 6, 7, 11, 11, 8]
[2, 5, 5, 5, 0, 5, 6, 9, 7, 6, 10, 10]
[5, 1, 4, 2, 0, 5, 5, 10, 10, 7]
[0, 1, 2, 3, 3, 5, 1]
[2, 32, 2, 5, 7, 7, 2, 7, 8, 9, 12, 10, 12, 15, 7, 15, 18, 7, 18, 19, 20, 25, 25, 25, 21, 18, 26, 26, 28, 32, 32, 0]
[4, 4, 4, 0, 8, 8, 8, 4, 8, 12, 12, 9]
[5, 1, 4, 2, 0, 5, 6, 6, 8, 11, 9, 8, 12, 15, 13, 15, 19, 19, 16, 19, 23, 23, 20]
[2, 0, 2, 8, 8, 8, 8, 2, 2, 16, 10, 16, 16, 15, 16, 2, 16, 19, 17]
[3, 3, 0, 6, 6, 3]
[2, 3, 0, 3, 3, 12, 12, 12, 12, 12, 12, 5, 14, 12, 14, 19, 19, 19, 15]
[0, 1, 5, 5, 2, 7, 5, 9, 10, 7, 1, 15, 12, 15, 1, 15, 15, 20, 20, 17]
[3, 3, 0, 5, 3, 15, 8, 15, 8, 9, 8, 13, 11, 15, 5, 17, 19, 19, 15, 19, 24, 24, 24, 20, 24, 25]
[13, 6, 4, 6, 6, 7, 13, 7, 10, 8, 13, 13, 0, 13, 16, 14, 16, 19, 17]
[2, 6, 6, 6, 6, 0, 6, 7, 10, 8, 12, 8, 12, 13]
[4, 4, 4, 5, 0, 5, 6, 11, 11, 11, 12, 7, 12, 12, 16, 14, 18, 16, 18, 18, 7, 7, 25, 25, 22, 25, 29, 29, 26, 34, 34, 34, 34, 22, 36, 34, 38, 36]
[13, 3, 1, 3, 6, 4, 6, 11, 11, 11, 13, 13, 0, 13, 16, 14]
[2, 0, 9, 9, 7, 7, 9, 9, 2, 11, 16, 11, 12, 16, 16, 9]
[6, 6, 6, 3, 3, 0, 6, 7, 7, 9, 12, 6, 15, 15, 12, 12, 12, 19, 21, 21, 17]
[2, 0, 4, 2, 2, 9, 9, 9, 5, 2, 10]
[3, 3, 0, 3, 3, 7, 20, 7, 8, 9, 9, 9, 9, 13, 20, 15, 20, 19, 17, 3, 20]
[0, 1, 1, 1, 4, 5, 4, 4, 8, 11, 9, 11, 14, 12, 8, 19, 19, 19, 15]
[3, 3, 0, 3, 7, 7, 4, 3, 10, 8, 10, 13, 11, 13, 14, 3, 18, 20, 20, 3, 20, 21, 21, 28, 28, 28, 28, 23]
[2, 0, 7, 7, 7, 7, 2, 7, 10, 7, 10, 11, 14, 7, 18, 18, 18, 14, 18, 22, 22, 19]
[2, 5, 5, 5, 0, 5, 5, 7, 15, 15, 12, 15, 12, 15, 8]
[3, 3, 0, 3, 6, 4, 6, 9, 7, 13, 13, 13, 6, 13, 17, 17, 14]
[2, 0, 4, 5, 2, 8, 8, 5, 8, 11, 12, 8, 12, 12, 16, 14, 12, 17, 17, 21, 19]
[2, 0, 5, 5, 2, 5, 5, 9, 5, 14, 14, 14, 14, 17, 17, 17, 2, 17, 18]
[0, 1, 4, 1, 4, 8, 8, 5]
[2, 4, 4, 0, 6, 10, 10, 10, 10, 4, 4, 13, 17, 13, 14, 17, 4]
[2, 8, 2, 6, 6, 3, 8, 0, 8, 8]
[2, 0, 5, 5, 2, 5, 11, 11, 10, 11, 6, 11, 16, 15, 16, 12, 18, 16]
[3, 3, 5, 5, 0, 5, 11, 11, 11, 11, 6, 13, 17, 13, 13, 17, 11]
[0, 6, 5, 5, 6, 1, 6, 10, 10, 7, 1, 15, 15, 15, 1, 17, 15]
[6, 4, 4, 6, 6, 0, 16, 9, 16, 9, 10, 11, 11, 13, 16, 6, 19, 19, 16, 19, 19]
[4, 4, 4, 0, 6, 4, 6, 7, 7, 7, 10, 7, 12]
[4, 4, 4, 0]
[0, 3, 5, 5, 1, 7, 5]
[2, 7, 2, 5, 6, 3, 0, 7, 10, 7, 7, 14, 14, 11]
[5, 5, 2, 5, 0, 7, 5, 9, 7, 9, 13, 13, 10, 13, 17, 17, 13, 17]
[3, 3, 19, 3, 3, 3, 6, 11, 11, 11, 7, 13, 6, 13, 17, 17, 14, 19, 0, 21, 19, 21, 21, 23]
[5, 5, 4, 5, 0, 7, 5, 7, 7, 11, 9, 7, 12, 13, 14, 13, 19, 19, 13, 19, 20, 21]
[2, 5, 2, 5, 0, 5, 5, 9, 11, 11, 7]
[3, 3, 0, 5, 3, 7, 10, 7, 10, 5, 10, 11, 12, 15, 13, 17, 15, 21, 21, 21, 17, 23, 17, 23]
[5, 1, 5, 5, 0, 5]
[2, 0, 4, 13, 7, 7, 4, 9, 10, 7, 13, 13, 2, 15, 13]
[0, 1, 2, 6, 6, 3, 13, 12, 10, 12, 12, 13, 6, 15, 13, 15, 15, 20, 20, 17]
[11, 4, 4, 11, 4, 7, 5, 7, 10, 7, 18, 11, 14, 12, 17, 17, 18, 0, 18]
[2, 4, 4, 0, 4, 5, 4, 9, 4, 12, 12, 9, 12, 9, 16, 14, 9, 20, 20, 17, 20]
[2, 4, 4, 0, 4, 4, 6, 6, 8, 4]
[6, 6, 6, 6, 6, 11, 11, 11, 11, 11, 0, 15, 14, 15, 11, 15, 18, 16, 18]
[3, 3, 4, 0, 4, 9, 9, 9, 5, 9, 12, 9, 12, 17, 17, 17, 13]
[3, 3, 4, 0, 8, 8, 6, 4]
[3, 3, 4, 0, 6, 4, 4, 7, 13, 11, 13, 13, 8]
[0, 5, 5, 5, 1, 5, 8, 6, 5, 11, 9, 5, 5, 13, 14, 14, 14]
[3, 3, 5, 5, 0, 5, 6, 5, 10, 5, 12, 10, 12, 15, 12, 12, 12, 17, 21, 21, 18, 21, 27, 27, 27, 27, 22]
[3, 3, 0, 3, 6, 4, 8, 6]
[5, 3, 5, 5, 0, 5, 9, 9, 6, 9, 13, 13, 10, 13, 5, 21, 21, 21, 21, 21, 28, 23, 21, 23, 23, 28, 28, 5]
[0, 1, 1, 5, 3, 7, 5, 7, 10, 8, 10, 11, 12, 13, 14, 15, 18, 16]
[2, 10, 2, 7, 7, 7, 2, 10, 10, 0, 10, 10, 14, 12, 22, 22, 18, 22, 22, 22, 22, 10, 22, 25, 22, 27, 25, 29, 27, 31, 29, 29, 32, 33, 36, 34]
[2, 0, 5, 5, 2, 7, 2, 7, 7, 9]
[5, 1, 4, 2, 0, 5, 9, 9, 10, 6, 5, 5, 12, 15, 13]
[0, 1, 2, 3, 3, 1, 12, 10, 10, 12, 12, 1, 14, 12]
[0, 1, 4, 2, 4, 7, 8, 5, 8, 12, 12, 9, 1]
[0, 1, 2, 5, 3, 5, 5]
[0, 1, 1, 5, 3, 7, 5, 1, 12, 12, 12, 1, 14, 12, 18, 18, 18, 14, 18, 22, 22, 19]
[13, 3, 13, 3, 4, 5, 10, 10, 10, 6, 13, 13, 0, 13, 14]
[4, 4, 4, 0, 4, 4, 8, 4, 8, 12, 12, 9, 12, 15, 13, 4, 18, 4, 21, 21, 18]
[2, 3, 0, 5, 3, 3, 3, 9, 7, 11, 9, 11, 11, 16, 16, 13]
[2, 5, 5, 5, 0, 5, 5, 12, 12, 12, 12, 5]
[5, 5, 5, 3, 0, 5, 9, 9, 6]
[2, 0, 2, 3, 4, 10, 10, 7, 7, 5, 13, 13, 2, 13, 16, 14]
[7, 7, 5, 5, 2, 7, 0, 7, 8, 11, 9, 7, 14, 12, 7, 17, 7, 19, 17, 17, 22, 20]
[2, 4, 4, 12, 4, 4, 8, 6, 8, 11, 9, 0, 16, 16, 16, 12, 16, 17, 16, 19, 16, 24, 24, 16, 24]
[0, 4, 4, 9, 9, 9, 9, 9, 1, 9, 15, 15, 15, 15, 10, 15, 18, 16, 18, 16, 22, 20, 22, 23]
[9, 9, 9, 9, 6, 9, 9, 9, 0, 11, 9, 11, 14, 12, 9, 17, 9, 17, 21, 21, 18, 23, 21]
[2, 0, 2, 2, 6, 2, 8, 6]
[2, 5, 5, 5, 0, 8, 8, 5, 5, 5, 10, 13, 11, 13, 20, 20, 20, 20, 20, 14, 20, 23, 21, 23, 24, 27, 25, 29, 23]
[2, 7, 7, 7, 7, 7, 8, 0, 10, 8, 10, 14, 14, 15, 10, 15, 19, 19, 16, 19, 20, 21, 21]
[3, 3, 0, 5, 3, 5, 6, 5, 5, 9, 13, 13, 9, 3]
[2, 0, 2, 3]
[2, 4, 4, 0, 6, 4, 6, 9, 7, 9, 10]
[4, 3, 4, 22, 6, 4, 6, 9, 7, 6, 12, 10, 12, 12, 17, 17, 14, 19, 22, 19, 22, 0, 22, 27, 27, 27, 23]
[6, 3, 6, 6, 6, 0, 10, 10, 10, 6, 10]
[5, 1, 4, 1, 0, 8, 8, 5, 5, 13, 13, 13, 15, 15, 5, 18, 18, 15]
[2, 0, 4, 2, 6, 9, 8, 9, 4, 9, 12, 10, 2, 16, 16, 25, 16, 20, 20, 17, 25, 25, 24, 25, 2]
[2, 0, 2, 3, 8, 8, 8, 4, 8, 13, 13, 13, 8, 13, 14, 3, 16, 17]
[3, 3, 6, 5, 3, 0, 6, 7, 7, 12, 12, 9, 9, 9, 18, 18, 18, 14, 24, 24, 24, 24, 24, 7]
[3, 3, 7, 7, 7, 7, 0, 7, 11, 11, 18, 11, 15, 15, 11, 18, 18, 7]
[0, 4, 4, 1, 1, 8, 8, 5, 11, 11, 8]
[2, 6, 6, 6, 6, 0]
[2, 0, 4, 2, 4, 9, 9, 9, 10, 11, 5, 15, 12, 12, 11, 15, 15]
[8, 3, 1, 3, 4, 7, 8, 0, 8, 11, 9, 11, 14, 11]
[4, 4, 4, 0, 12, 10, 10, 10, 10, 12, 12, 4, 12, 16, 16, 12, 19, 19, 12, 22, 22, 19, 22]
[2, 5, 5, 5, 0, 7, 5, 12, 12, 9, 9, 7]
[2, 0, 4, 2, 4, 4, 6, 7, 8]
[4, 4, 4, 0, 7, 7, 4, 7, 4, 12, 12, 9, 9]
[5, 5, 5, 5, 0, 5, 14, 9, 14, 14, 12, 14, 12, 5, 14, 19, 19, 19, 15, 19]
[3, 3, 0, 6, 6, 3, 3, 11, 11, 11, 3, 11, 12, 11, 18, 18, 18, 14]
[3, 3, 0, 7, 7, 7, 3, 7, 10, 7, 14, 14, 14, 10, 14, 20, 20, 20, 20, 15]
[2, 3, 0, 9, 4, 9, 9, 9, 3, 3, 3, 14, 14, 11, 3, 17, 19, 19, 3]
[3, 3, 0, 6, 6, 3, 6, 9, 6, 9, 14, 14, 14, 10, 14]
[3, 3, 0, 3, 10, 7, 10, 10, 10, 3, 12, 10]
[4, 4, 4, 0, 6, 4, 6, 7, 8, 9, 10, 6, 6, 16, 16, 13, 13]
[0]
[0]
[4, 4, 4, 0, 4, 4, 10, 10, 10, 6]
[0, 1, 1, 7, 7, 7, 3]
[2, 5, 2, 5, 0, 5, 6, 7, 13, 13, 13, 13, 8, 13, 18, 18, 18, 14, 13, 19, 22, 23, 28, 23, 23, 28, 28, 19]
[8, 6, 6, 5, 6, 1, 8, 0, 10, 8, 10, 13, 10]
[3, 3, 10, 3, 3, 7, 5, 10, 10, 0, 12, 10, 10, 16, 16, 13, 16, 16, 18]
[3, 3, 0, 6, 6, 3, 6, 9, 7, 3]
[3, 3, 0]
[4, 4, 4, 0, 4, 9, 8, 9, 5, 4, 4, 4, 16, 16, 16, 12, 18, 16, 18, 22, 22, 19]
[8, 3, 8, 3, 4, 8, 8, 0, 8, 11, 12, 19, 12, 13, 19, 18, 18, 19, 9]
[2, 0, 2, 5, 3]
[3, 3, 10, 3, 4, 5, 5, 10, 10, 0, 10, 13, 18, 13, 16, 14, 18, 10, 24, 21, 24, 24, 24, 18, 24, 24]
[3, 3, 4, 0, 7, 7, 4, 9, 7, 14, 14, 14, 14, 9, 14, 15]
[0, 4, 4, 1, 6, 7, 8, 4, 8, 12, 12, 9, 14, 16, 16, 8, 16, 17, 16, 19, 1, 23, 25, 25, 1]
[7, 3, 1, 7, 7, 7, 0, 18, 13, 13, 13, 13, 18, 17, 17, 17, 13, 7, 20, 18, 20, 7]
[2, 0, 2, 6, 6, 2, 2]
[5, 5, 5, 5, 12, 7, 5, 7, 11, 11, 12, 0, 14, 12, 16, 14, 14, 17, 20, 18]
[3, 3, 6, 6, 6, 0, 6, 6, 6, 11, 12, 9]
[4, 4, 4, 7, 6, 7, 0, 7, 7, 9, 7, 13, 14, 11, 14, 17, 15, 17, 20, 17, 22, 20, 22]
[3, 3, 4, 0, 8, 7, 8, 4, 8, 11, 8, 8, 12, 15, 13, 17, 4, 20, 20, 17, 20, 24, 24, 21, 17]
[2, 0, 4, 2]
[2, 4, 4, 5, 0, 8, 8, 5]
[7, 3, 1, 3, 6, 4, 0, 9, 7, 7, 7, 11, 17, 17, 14, 14, 12, 7, 20, 7, 24, 24, 24, 20, 26, 24, 26, 29, 27, 32, 32, 26]
[11, 1, 4, 2, 8, 8, 8, 1, 10, 11, 0, 11, 12, 12, 12, 18, 18, 12]
[2, 0, 2, 5, 3, 5, 6]
[3, 3, 0, 3, 7, 7, 4, 7, 7]
[3, 3, 0, 3, 6, 4]
[4, 4, 4, 0, 4, 4]
[8, 4, 4, 1, 6, 8, 8, 0, 8, 9, 12, 10]
[4, 4, 4, 0, 6, 4, 10, 10, 10, 6, 13, 13, 4, 13, 17, 17, 19, 19, 14, 19, 19]
[0, 1, 1, 1, 7, 5, 4, 10, 10, 7, 13, 13, 10]
[2, 0, 8, 5, 8, 7, 8, 11, 11, 11, 2, 11, 14, 11, 14, 15, 18, 16]
[4, 4, 4, 0]
[3, 3, 5, 5, 0, 5, 8, 6, 8, 11, 9, 5, 14, 5, 14, 15, 18, 20, 20, 16, 20, 21, 20, 25, 23, 25, 28, 25]
[7, 4, 4, 5, 7, 7, 13, 7, 10, 8, 12, 13, 0, 15, 13, 15, 15, 17, 20, 15, 22, 20, 22, 27, 27, 27, 23]
[2, 0, 2, 5, 3, 5, 8, 6, 8, 8, 8, 13, 8]
[2, 0, 2, 3, 7, 7, 4]
[4, 4, 4, 0, 4, 4, 4]
[0, 1, 2, 1, 7, 7, 9, 9, 1]
[2, 0, 2, 3, 4, 3]
[3, 3, 6, 6, 6, 0, 6, 9, 7, 9, 13, 13, 10]
[2, 0, 5, 5, 2, 5, 10, 10, 10, 5, 2, 13, 2, 13, 2, 17, 2, 17, 21, 21, 18, 23, 21, 23, 24, 24]
[3, 3, 14, 3, 7, 7, 4, 7, 7, 9, 12, 10, 14, 0, 14, 18, 18, 15, 23, 23, 22, 23, 18]
[15, 11, 6, 6, 6, 11, 6, 6, 11, 11, 1, 14, 14, 15, 0, 19, 19, 19, 15]
[7, 1, 7, 7, 7, 7, 0, 7, 8, 8, 10]
[2, 0, 6, 6, 6, 2, 6, 7, 13, 13, 13, 13, 6, 18, 16, 18, 18, 13, 18, 18, 18, 23, 21, 21, 27, 27, 24, 27, 28, 2]
[3, 3, 0, 6, 6, 3, 6, 7, 7, 9]
[2, 0, 2, 3]
[4, 4, 4, 0, 4, 7, 5, 7, 10, 8, 7, 14, 14, 7]
[0, 1, 1, 7, 7, 7, 1, 9, 7, 9, 10, 13, 11, 15, 13]
[3, 3, 0, 5, 3, 8, 8, 13, 13, 13, 13, 13, 5]
[2, 0, 7, 7, 6, 7, 8, 2, 11, 9, 12, 8, 12, 15, 13]
[5, 1, 2, 5, 0, 9, 9, 9, 5, 9, 12, 10, 9, 13, 16, 14]
[6, 3, 6, 6, 6, 0]
[0, 3, 1, 5, 8, 8, 8, 3, 8, 9, 10, 10, 10, 13, 14, 14, 18, 16]
[2, 0, 4, 2, 2, 5, 6, 6, 2, 11, 2, 11, 12, 12, 16, 12, 18, 12, 20, 12, 22, 20, 22, 25, 23, 27, 22, 27, 28, 29]
[4, 1, 2, 0, 8, 5, 5, 4, 4, 14, 10, 11, 14, 4, 14, 17, 15]
[2, 5, 2, 3, 0, 12, 9, 9, 12, 12, 12, 5]
[3, 3, 4, 0, 4, 4, 8, 6]
[2, 0, 2, 3]
[2, 0]
[2, 8, 2, 7, 7, 7, 3, 0, 10, 8, 10, 11, 15, 15, 12]
[4, 4, 4, 0, 4, 7, 4, 4, 4, 9, 9, 14, 14, 11, 14, 18, 18, 15, 18, 21, 18]
[4, 4, 4, 0, 6, 4, 6, 12, 8, 12, 12, 7, 4]
[2, 0, 5, 5, 2, 7, 5, 12, 12, 11, 12, 7, 12, 15, 13, 15, 20, 20, 20, 16, 15, 15, 22, 23]
[3, 3, 4, 0, 4, 10, 10, 10, 10, 5]
[7, 6, 6, 6, 6, 7, 0, 11, 11, 11, 7, 11, 14, 12]
[6, 1, 4, 2, 6, 0, 8, 6, 8, 12, 12, 9, 15, 15, 6, 18, 18, 15, 18]
[3, 3, 0, 3, 6, 4]
[2, 8, 2, 5, 3, 8, 8, 12, 8, 11, 8, 0, 15, 15, 12]
[5, 5, 5, 5, 18, 5, 8, 6, 5, 5, 12, 15, 14, 15, 10, 18, 18, 0, 18, 18, 18, 23, 21, 23]
[4, 4, 4, 0, 6, 4]
[4, 3, 4, 0, 4, 8, 8, 5, 4, 11, 9, 15, 15, 15, 11]
[2, 0, 2, 3, 7, 7, 3, 11, 11, 11, 2, 16, 16, 16, 16, 11, 11, 20, 20, 11, 2, 25, 22, 25, 2]
[0, 4, 4, 1, 4, 5]
[6, 3, 6, 6, 6, 0, 8, 6, 10, 8, 8, 11]
[2, 4, 4, 0, 6, 4]
[10, 3, 1, 3, 6, 4, 10, 10, 10, 0, 10, 10, 10, 15, 21, 21, 21, 21, 21, 21, 10]
[2, 3, 7, 3, 6, 4, 0, 10, 10, 7]
[4, 4, 4, 7, 7, 7, 0, 7, 10, 8, 10, 10]
[2, 0, 4, 2, 7, 7, 2, 10, 10, 7, 13, 13, 10, 13]
[4, 4, 4, 0, 7, 7, 4, 4, 10, 13, 13, 13, 4]
[10, 3, 1, 3, 7, 7, 4, 10, 10, 0, 10, 15, 15, 15, 11, 10, 19, 19, 16, 25, 25, 23, 25, 23, 10, 25, 28, 26, 28, 32, 32, 29]
[5, 3, 5, 5, 10, 7, 5, 7, 10, 0, 10, 11, 14, 11]
[2, 4, 2, 0, 8, 7, 8, 4]
[0, 3, 1, 7, 7, 7, 3, 7, 11, 11, 8, 11, 12]
[3, 3, 0, 5, 3, 7, 5, 5, 10, 8, 5, 11, 14, 11, 16, 11, 18, 16, 20, 18, 24, 24, 24, 18, 24]
[6, 1, 2, 6, 6, 0, 8, 6, 6, 9]
[4, 4, 4, 0, 4, 5, 13, 9, 13, 9, 12, 10, 6, 13, 16, 14, 13, 17, 18, 22, 22, 19, 22]
[5, 5, 5, 5, 12, 5, 6, 7, 8, 7, 10, 0, 12, 13, 14, 17, 15, 17, 17, 17, 22, 20]
[2, 0, 7, 5, 7, 7, 2, 7, 10, 8, 8, 11, 14, 12, 14, 14, 18, 16, 18, 19]
[2, 4, 4, 0, 4, 7, 5, 4, 13, 9, 13, 13, 4, 13, 14]
[2, 4, 4, 0, 6, 4, 8, 6, 8, 12, 12, 9, 12, 15, 18, 17, 18, 13, 18, 21, 18, 21, 26, 26, 26, 22, 26, 32, 28, 32, 32, 27]
[10, 4, 4, 10, 4, 7, 4, 10, 10, 0]
[11, 4, 4, 1, 4, 7, 5, 9, 11, 11, 0, 13, 11, 15, 13, 15, 18, 16]
[2, 15, 4, 2, 4, 7, 5, 7, 11, 11, 8, 11, 11, 15, 0, 15, 18, 16, 21, 21, 18]
[7, 7, 7, 7, 7, 7, 8, 0, 10, 8, 10, 13, 11]
[2, 0, 2, 6, 6, 7, 3, 7, 10, 8, 10, 13, 10]
[2, 0, 5, 5, 2, 5, 10, 10, 10, 5, 2, 14, 14, 11, 19, 19, 19, 19, 14, 19, 19, 21]
[2, 3, 0, 5, 3, 5, 10, 10, 10, 6, 10, 13, 11, 3, 16, 14, 16, 17, 18, 21, 16, 21, 24, 22, 24, 25, 28, 24, 28, 29]
[2, 6, 2, 3, 6, 0]
[2, 0]
[3, 3, 0]
[0, 1, 2, 3, 8, 8, 8, 4, 13, 12, 12, 13, 8, 13, 16, 14]
[3, 3, 5, 5, 0, 5, 9, 9, 6]
[7, 1, 4, 1, 7, 7, 0, 7, 7]
[3, 3, 7, 3, 7, 7, 0, 9, 7, 11, 9, 11, 12, 16, 16, 9, 16, 19, 17, 19, 22, 9, 24, 22, 24, 27, 25, 29, 24, 31, 29]
[3, 3, 0]
[2, 6, 6, 6, 6, 0, 6, 7, 14, 14, 12, 14, 14, 6, 14, 18, 18, 14, 18, 19]
[2, 4, 4, 0, 4, 4, 6, 4, 8, 11, 9, 4, 15, 15, 19, 18, 18, 15, 4, 22, 22, 19, 24, 22, 27, 27, 24, 27, 28]
[3, 1, 0, 5, 3, 3, 6, 7, 11, 11, 8, 11, 11, 7, 14, 15, 16, 17, 7, 21, 19]
[2, 0, 2, 7, 7, 7, 3]
[2, 0, 4, 2, 4, 2, 10, 10, 10, 2, 10, 14, 14, 11, 10, 18, 18, 10, 18, 23, 23, 23, 19]
[3, 3, 0, 9, 9, 9, 9, 9, 3, 9, 14, 14, 14, 9, 14, 22, 18, 19, 22, 19, 20, 14, 22, 25, 23, 25, 26]
[2, 12, 2, 5, 3, 5, 2, 10, 10, 2, 12, 0, 14, 12, 18, 18, 18, 14, 14, 14, 23, 23, 20, 26, 26, 23]
[27, 4, 4, 1, 1, 8, 8, 5, 8, 11, 9, 8, 12, 13, 14, 15, 16, 16, 18, 15, 23, 23, 20, 23, 27, 27, 0, 29, 27]
[2, 3, 0, 5, 3, 7, 5, 5, 5, 9, 13, 13, 9]
[2, 11, 4, 2, 10, 10, 8, 10, 10, 4, 0, 11, 11, 15, 16, 13, 16, 19, 16]
[0, 1, 6, 6, 6, 2, 6, 10, 10, 6, 10, 11]
[16, 1, 8, 5, 8, 8, 8, 2, 1, 11, 9, 13, 11, 16, 16, 0, 16, 17, 21, 21, 18]
[4, 4, 4, 5, 7, 7, 0, 9, 7, 9, 10, 11, 12, 15, 9, 15, 19, 19, 16, 15, 20, 24, 24, 21, 24, 27, 24, 29, 20, 15, 35, 31, 34, 32, 15, 35, 36, 40, 40, 37, 42, 37, 42]
[4, 4, 4, 0, 6, 4, 6, 10, 10, 6]
[6, 6, 6, 3, 6, 0, 6, 9, 7, 6, 12, 14, 14, 6, 16, 14, 18, 16, 20, 18, 16, 21, 21]
[2, 6, 6, 6, 6, 0, 6, 7, 8, 9, 9]
[2, 13, 2, 10, 4, 9, 6, 6, 4, 3, 12, 13, 0, 13, 18, 18, 18, 14]
[2, 0, 8, 8, 8, 8, 8, 2]
[5, 3, 5, 5, 9, 8, 8, 9, 0, 9]
[4, 4, 4, 6, 4, 0, 6, 7, 8, 11, 9, 6]
[13, 3, 13, 3, 3, 3, 6, 6, 13, 13, 13, 13, 0, 16, 16, 13, 18, 16, 18]
[2, 0, 4, 2, 9, 9, 9, 9, 4, 2, 15, 15, 15, 15, 2, 15, 16]
[2, 10, 2, 5, 10, 10, 9, 9, 10, 0, 12, 10, 15, 15, 10, 17, 15, 17, 18]
[2, 4, 4, 0, 4, 9, 9, 9, 5, 14, 14, 14, 14, 9, 20, 18, 18, 20, 20, 14, 20, 21, 24, 20, 20, 28, 28, 25, 28, 28, 28, 33, 31]
[3, 3, 0, 5, 3, 7, 5, 7, 10, 8, 10, 11, 16, 16, 16, 7, 16, 16, 3]
[3, 3, 0, 3, 4, 5, 8, 4, 11, 11, 3, 11, 16, 16, 16, 11, 18, 16]
[2, 3, 0, 3, 4, 7, 5, 3]
[2, 6, 4, 6, 6, 0, 8, 6]
[4, 4, 4, 0, 8, 5, 8, 4, 4, 11, 4, 11, 14, 12]
[2, 4, 4, 0, 4, 5, 9, 9, 6]
[0, 1, 4, 2, 1, 8, 8, 5, 8, 9, 10, 9, 12, 15, 12, 18, 18, 15, 18, 19, 22, 18, 22, 23, 22, 27, 25, 27, 31, 31, 28, 31, 35, 35, 32]
[3, 3, 0, 6, 6, 3, 6, 9, 7, 7, 13, 13, 10, 6, 17, 17, 6, 17, 20, 18, 3, 25, 25, 25, 21]
[4, 4, 4, 15, 4, 5, 6, 7, 8, 8, 5, 5, 15, 15, 0, 15, 20, 20, 20, 16]
[2, 5, 5, 5, 0, 5, 10, 10, 10, 6, 10, 13, 11, 13, 13, 11, 19, 19, 16, 19, 19]
[4, 3, 4, 14, 4, 4, 9, 9, 6, 9, 10, 14, 14, 0, 14, 15, 16, 16, 20, 18, 18, 23, 21, 23, 24]
[3, 3, 7, 3, 4, 7, 0, 9, 7, 7, 14, 14, 14, 10, 14, 17, 15]
[2, 8, 2, 5, 3, 5, 8, 0, 15, 15, 13, 13, 15, 15, 8, 17, 19, 19, 15, 19, 23, 23, 20]
[2, 0, 4, 2, 13, 13, 6, 10, 10, 7, 13, 13, 4, 15, 13, 17, 15, 17, 18]
[3, 3, 0, 3, 6, 3, 14, 14, 8, 12, 12, 9, 14, 6, 16, 14, 16]
[2, 0, 2, 7, 7, 7, 3, 7, 2, 13, 13, 13, 2, 13, 18, 18, 18, 14, 13, 21, 19, 21, 21, 25, 23]
[2, 8, 2, 7, 7, 7, 3, 0, 8, 9, 8, 11, 17, 17, 17, 17, 12, 8, 20, 21, 8, 23, 24, 21, 21, 27, 25, 21, 30, 21]
[2, 0, 2, 9, 9, 9, 9, 9, 3, 11, 9, 11, 11, 15, 13, 20, 20, 20, 20, 2, 20, 20, 20, 23, 23, 23, 26, 29, 26, 29, 30, 31]
[2, 4, 4, 0, 6, 4, 6, 7, 4, 9, 10, 17, 14, 17, 14, 17, 4, 4, 20, 18, 20, 21, 25, 25, 32, 25, 28, 26, 32, 32, 32, 22, 32, 35, 33]
[9, 3, 1, 9, 9, 9, 9, 9, 0, 9, 12, 10, 9, 18, 16, 18, 18, 9, 18, 18, 24, 24, 24, 18]
[2, 8, 2, 2, 8, 8, 8, 0, 8, 9]
[4, 4, 4, 0, 6, 4, 6, 9, 7, 4, 4, 11, 11, 13, 14, 17, 15, 17, 20, 18]
[2, 0, 2, 3]
[0, 4, 4, 1]
[2, 6, 6, 6, 6, 0]
[4, 4, 4, 0, 4, 7, 5, 9, 5]
[3, 3, 20, 3, 6, 4, 6, 7, 6, 13, 13, 13, 9, 13, 13, 17, 20, 20, 20, 0]
[3, 3, 0, 3, 7, 7, 4, 3, 10, 8, 12, 10, 12]
[0, 3, 1, 3, 4]
[0, 1, 2, 6, 6, 3, 6, 10, 10, 7, 10, 13, 11]
[2, 0, 4, 2, 2, 7, 5]
[0, 3, 1, 3, 7, 7, 4, 1, 1, 12, 12, 9, 12, 13, 16, 20, 20, 20, 20, 14, 20, 21, 22, 23, 23, 25]
[3, 3, 0, 3, 6, 3, 6, 9, 6, 9, 12, 10, 14, 12, 16, 14, 14, 21, 21, 21, 6, 24, 24, 21, 26, 24, 26, 27]
[2, 3, 0, 3, 6, 8, 8, 3, 11, 11, 8, 14, 14, 11]
[0, 1, 1, 1]
[2, 11, 2, 2, 6, 8, 6, 2, 8, 8, 0, 11, 12, 11, 11, 17, 19, 19, 15, 11]
[2, 4, 4, 0, 4, 8, 8, 5, 8, 11, 8, 11, 12, 13, 16, 14, 18, 16, 16, 16]
[2, 0, 5, 5, 2, 2, 6, 7, 8, 8, 12, 10]
[0, 3, 1, 1, 9, 9, 9, 9, 1, 9]
[2, 3, 0, 3, 4, 9, 9, 9, 5, 9, 13, 13, 9, 18, 18, 18, 18, 20, 20, 13, 13, 23, 21]
[10, 3, 1, 3, 4, 5, 10, 9, 10, 0, 12, 10, 12, 13, 20, 20, 20, 20, 20, 10, 10]
[6, 3, 6, 6, 6, 0, 6, 10, 10, 7]
[5, 5, 5, 5, 0, 7, 5]
[5, 5, 5, 5, 0, 5, 10, 9, 10, 6]
[5, 5, 5, 5, 0, 7, 5, 7, 10, 8]
[4, 3, 4, 0]
[5, 5, 5, 5, 7, 7, 0]
[2, 0, 7, 7, 4, 7, 2, 7, 7, 7, 7, 13, 7, 13, 17, 17, 14]
[4, 4, 4, 0, 7, 7, 4, 7, 10, 8, 7, 11, 12, 13, 14, 7, 19, 19, 16, 7, 22, 20, 22]
[0]
[2, 0, 4, 2, 4, 5, 2]
[6, 6, 4, 6, 6, 0, 6, 9, 7, 6, 12, 6, 12, 12, 14, 15, 16]
[3, 3, 6, 6, 6, 0, 8, 6, 8, 8]
[6, 6, 4, 2, 4, 0, 6, 7, 10, 8]
[16, 1, 5, 5, 2, 1, 8, 6, 6, 9, 13, 13, 10, 16, 16, 0]
[7, 7, 7, 7, 7, 7, 0, 7, 10, 8]
[6, 3, 1, 5, 3, 0, 8, 6, 8, 6, 12, 6, 12]
[3, 3, 8, 3, 6, 4, 8, 0, 8, 11, 8, 11, 14, 12]
[5, 5, 4, 5, 0, 9, 9, 9, 5, 9, 12, 10, 12, 15, 13, 18, 18, 15, 20, 18, 20]
[4, 4, 4, 0, 4, 8, 8, 4]
[21, 1, 2, 5, 6, 3, 3, 3, 8, 11, 9, 1, 12, 13, 16, 13, 18, 16, 20, 21, 0, 23, 21, 23, 26, 24, 26, 27, 26, 31, 29, 33, 31]
[3, 3, 0, 12, 6, 12, 6, 7, 10, 6, 12, 3, 15, 15, 12, 15]
[0, 3, 1]
[2, 0, 2, 5, 2, 7, 5, 9, 7, 9, 13, 13, 10, 9, 16, 14, 16]
[2, 0, 8, 6, 6, 8, 8, 2, 2, 2, 10, 15, 15, 15, 10, 15, 18, 16, 15]
[3, 3, 0, 5, 3, 7, 3, 7, 8, 12, 12, 9, 14, 12]
[2, 8, 5, 5, 2, 7, 8, 0, 8, 9, 8, 16, 16, 16, 16, 8]
[2, 0, 4, 5, 2, 8, 8, 9, 5, 9, 5, 5, 14, 12, 16, 14, 18, 16, 21, 21, 18]
[0, 1, 4, 2]
[2, 14, 2, 5, 2, 5, 6, 10, 10, 7, 10, 11, 14, 0, 14, 17, 15, 17, 20, 18]
[2, 21, 8, 5, 8, 5, 5, 2, 10, 8, 12, 10, 12, 13, 14, 19, 18, 19, 15, 21, 0, 25, 25, 25, 21, 25, 28, 26]
[4, 4, 4, 0, 6, 7, 4, 7]
[4, 4, 4, 0, 4, 9, 9, 9, 5, 9, 9, 9, 16, 16, 16, 12, 4, 20, 20, 4, 22, 20]
[6, 6, 2, 6, 6, 12, 6, 9, 6, 11, 12, 0, 14, 12, 16, 14, 14, 17, 21, 21, 18]
[2, 0, 2, 5, 6, 3, 10, 10, 8, 6, 15, 15, 15, 15, 6, 17, 15, 19, 15, 19, 24, 24, 24, 19]
[4, 4, 4, 9, 4, 7, 5, 9, 0, 9, 9, 13, 11]
[2, 10, 2, 2, 7, 7, 10, 10, 10, 0, 13, 13, 10, 13, 18, 15, 18, 13, 18, 21, 19, 18, 22, 23, 24, 10]
[2, 0, 4, 2, 4, 4, 6, 7, 7]
[4, 4, 4, 0, 6, 4, 6, 7, 6, 11, 9, 13, 11]
[9, 3, 1, 3, 4, 7, 9, 9, 0, 11, 9, 9, 12, 15, 13, 18, 18, 9]
[3, 3, 5, 5, 0, 5, 6, 5, 10, 5, 13, 13, 10, 5]
[2, 0, 2, 3]
[2, 6, 6, 5, 6, 0, 6, 9, 6, 9, 13, 13, 9]
[0, 1, 4, 7, 7, 7, 2, 10, 10, 7, 13, 13, 10, 15, 13, 17, 15, 15, 18]
[8, 1, 5, 5, 1, 5, 8, 0, 11, 11, 18, 15, 15, 15, 18, 18, 18, 8]
[2, 0, 2, 7, 7, 7, 3, 7, 10, 8, 2, 2, 12, 13, 13, 18, 18, 12, 18]
[11, 4, 4, 1, 4, 5, 6, 7, 6, 9, 0, 11, 14, 12]
[2, 4, 4, 0, 4, 4, 9, 9, 6, 9, 12, 10, 12, 13]
[2, 0, 5, 5, 2, 5, 6, 9, 7]
[2, 4, 4, 0, 6, 7, 4, 9, 7, 9, 10, 13, 4]
[6, 3, 6, 3, 4, 0, 9, 9, 6, 9, 12, 10, 9, 15, 13, 15, 20, 20, 20, 6, 20, 23, 20, 23, 23]
[4, 4, 4, 0, 6, 4, 6, 9, 7]
[9, 9, 9, 9, 6, 8, 8, 9, 19, 9, 13, 13, 9, 15, 19, 19, 19, 19, 0, 19, 20, 19, 24, 22, 24]
[2, 0, 4, 2, 6, 7, 2, 2, 10, 13, 10, 13, 8, 15, 13, 17, 15, 17, 17, 23, 23, 23, 19]
[3, 3, 0, 3, 3, 5, 5]
[2, 0, 2, 5, 2, 8, 8, 5, 10, 8, 10, 11, 12, 17, 17, 17, 13]
[2, 9, 9, 9, 4, 7, 4, 9, 0, 11, 9, 11, 15, 15, 12]
[2, 0, 4, 2, 7, 7, 2, 11, 10, 11, 7, 13, 11, 11, 18, 18, 18, 14]
[3, 3, 0, 5, 6, 3, 6, 9, 7, 9, 13, 13, 9]
[0, 3, 5, 5, 1, 5, 8, 6, 5, 11, 13, 13, 5, 13, 14]
[2, 12, 2, 6, 6, 3, 6, 6, 12, 12, 12, 0]
[4, 4, 4, 0, 4, 5, 6, 9, 7, 7, 10, 15, 15, 15, 11]
[2, 5, 5, 5, 15, 7, 5, 9, 7, 5, 12, 5, 15, 15, 0, 15]
[3, 3, 4, 0, 7, 7, 4, 7, 10, 8]
[15, 5, 5, 5, 1, 1, 8, 1, 11, 9, 8, 15, 15, 15, 0]
[8, 8, 8, 8, 8, 8, 8, 0, 8, 13, 13, 13, 9, 13, 8, 19, 19, 19, 8]
[2, 4, 4, 0, 4, 4, 6, 7, 8, 11, 9]
[2, 0, 4, 2, 12, 12, 6, 7, 8, 12, 12, 4, 16, 16, 16, 12, 16, 16, 12, 22, 22, 19]
[2, 4, 4, 10, 4, 8, 8, 5, 10, 0, 10, 14, 14, 11]
[2, 0, 4, 2, 6, 4, 8, 6, 2, 9, 10, 13, 11]
[2, 0, 5, 5, 2, 7, 10, 10, 10, 5]
[3, 3, 13, 5, 3, 5, 8, 6, 5, 11, 9, 13, 0, 15, 16, 13, 16, 17]
[4, 4, 4, 0, 4, 8, 8, 5, 8, 11, 9, 13, 11, 15, 13]
[6, 1, 1, 1, 1, 0]
[5, 5, 5, 5, 12, 5, 8, 6, 8, 8, 12, 0, 12, 12, 12, 15, 18, 16, 18, 19, 23, 23, 18, 23, 26, 23, 26, 27]
[15, 4, 4, 15, 4, 5, 10, 10, 10, 4, 15, 15, 15, 15, 0, 15, 18, 16]
[2, 3, 0, 3, 8, 8, 8, 3, 10, 8, 12, 14, 14, 10, 14, 17, 18, 15, 18, 19, 22, 20]
[2, 23, 2, 5, 3, 7, 5, 9, 13, 13, 13, 13, 7, 13, 16, 14, 23, 17, 23, 23, 23, 23, 0, 23, 24]
[2, 0, 4, 2, 7, 7, 4, 4, 4, 2, 12, 2, 2]
[3, 3, 9, 5, 3, 5, 8, 6, 0, 14, 14, 13, 14, 9, 14, 15]
[2, 0, 4, 2, 7, 7, 4, 7, 10, 8, 7, 14, 14, 7, 17, 17, 4, 19, 17, 19, 20, 21, 26, 26, 26, 19, 28, 26]
[2, 0, 2, 7, 7, 7, 2, 7, 11, 11, 8, 7, 7, 7, 14, 15]
[0, 1, 2, 2, 7, 7, 4, 7, 8, 9, 10]
[0, 1, 2, 3, 3, 5, 9, 9, 6, 1, 10, 14, 14, 11, 14, 17, 18, 15, 18, 19, 19, 18, 25, 25, 22]
[0, 1, 5, 5, 2, 5, 8, 6]
[2, 4, 4, 0]
[2, 0, 2, 5, 2, 5, 8, 6]
[7, 5, 4, 5, 1, 7, 0, 10, 10, 7, 10, 11, 10, 18, 18, 18, 18, 10, 18, 21, 19, 21, 24, 22]
[0, 3, 6, 6, 6, 1]
[7, 4, 4, 7, 7, 7, 0]
[2, 0]
[4, 3, 4, 0, 4, 4, 6]
[0, 5, 4, 5, 1, 7, 5, 7, 10, 11, 7]
[2, 3, 0, 6, 6, 3, 6, 12, 12, 12, 12, 7, 14, 6, 14, 15, 16, 21, 21, 21, 17, 14, 24, 22, 24, 27, 30, 30, 30, 25, 30, 35, 35, 35, 30, 35, 35]
[4, 4, 4, 0, 4, 9, 9, 9, 5, 4, 4, 14, 14, 11]
[3, 3, 8, 3, 7, 7, 4, 0, 10, 8, 10, 11, 17, 17, 17, 17, 12]
[5, 3, 1, 5, 0, 5, 6]
[3, 3, 16, 3, 3, 8, 8, 5, 8, 8, 8, 11, 16, 16, 16, 0, 18, 16, 16, 22, 22, 16, 24, 22, 24, 25, 29, 29, 26, 29, 30]
[4, 4, 4, 0, 4, 5, 9, 9, 6, 9, 12, 10, 12, 9, 16, 14, 16, 19, 16]
[4, 4, 4, 0, 4, 5, 9, 9, 6, 9, 10]
[4, 3, 4, 5, 0, 5, 8, 6]
[2, 6, 2, 2, 6, 0, 9, 9, 6, 11, 9, 9, 14, 12]
[10, 3, 10, 3, 6, 7, 4, 10, 10, 0, 10, 10, 10, 17, 14, 15, 10, 20, 20, 17, 24, 23, 24, 20, 27, 27, 24, 30, 30, 24, 32, 30]
[2, 0, 9, 9, 9, 7, 9, 9, 2, 9, 14, 14, 14, 10, 17, 17, 14, 17, 18, 14, 14, 14, 14, 23, 26, 23, 26]
[0, 3, 1, 7, 7, 7, 3, 7, 10, 7, 10, 14, 14, 11, 14]
[3, 3, 5, 5, 0, 5, 8, 5, 10, 8]
[4, 1, 1, 0, 4, 5, 5, 12, 12, 12, 12, 4, 12, 13]
[3, 3, 0, 6, 6, 3, 6, 10, 10, 7, 12, 3, 12, 15, 13]
[3, 3, 14, 3, 6, 3, 6, 12, 12, 12, 12, 7, 14, 0]
[4, 4, 4, 0, 6, 4, 6, 6, 6, 11, 9]
[3, 3, 0, 6, 6, 3, 8, 3, 8, 16, 16, 16, 16, 16, 16, 8, 16, 21, 21, 21, 16, 21, 22]
[4, 4, 4, 0, 4, 8, 8, 4, 11, 11, 8]
[4, 4, 4, 0, 4, 4, 11, 11, 11, 11, 4]
[3, 3, 16, 3, 6, 3, 9, 9, 6, 9, 10, 11, 11, 16, 16, 0, 18, 16, 16, 19, 22, 20, 24, 22, 26, 24]
[2, 0, 4, 2, 13, 10, 8, 10, 8, 13, 13, 13, 4, 15, 13]
[2, 0, 6, 6, 6, 2, 6, 10, 10, 7, 12, 13, 10, 15, 13, 18, 18, 15]
[0, 1, 4, 2, 4, 5, 6]
[2, 0, 2, 2, 7, 7, 4]
[2, 0, 2, 2, 8, 8, 8, 4, 11, 11, 8, 11, 2, 15, 2, 18, 18, 15, 18, 18, 26, 26, 26, 26, 26, 15]
[6, 3, 6, 6, 6, 21, 6, 9, 7, 9, 9, 13, 9, 13, 14, 15, 18, 16, 21, 21, 0, 24, 24, 21, 24, 28, 28, 25, 28, 32, 32, 29]
[4, 4, 4, 0, 8, 8, 8, 4, 11, 11, 8, 11, 15, 15, 11, 15, 16]
[8, 3, 8, 3, 6, 3, 8, 0, 8, 9, 10, 11, 10, 16, 16, 10]
[3, 3, 0, 3, 6, 4, 6, 9, 7, 9, 9]
[3, 3, 10, 5, 3, 5, 5, 9, 5, 0, 12, 10, 15, 15, 12, 12, 19, 19, 16, 22, 22, 12, 22, 22]
[2, 4, 4, 0, 4, 7, 5, 4, 10, 8, 10, 13, 11, 4, 4, 15, 18, 15, 15, 19, 24, 24, 24, 20, 24, 25, 28, 26, 25, 33, 33, 33, 20, 33]
[7, 7, 7, 7, 4, 4, 0, 7, 8, 7, 13, 13, 7, 13, 16, 14, 16, 19, 17]
[4, 4, 4, 0, 7, 7, 11, 7, 10, 8, 4, 17, 17, 17, 17, 17, 11, 20, 20, 17, 22, 20]
[3, 3, 6, 6, 6, 0, 11, 11, 11, 11, 6, 11, 12, 15, 13, 12, 18, 16, 18, 21, 19]
[2, 4, 4, 0, 7, 7, 4, 7, 7, 7, 10, 4]
[2, 0, 5, 5, 2, 12, 12, 12, 12, 12, 12, 5, 12, 15, 12, 15, 18, 16]
[5, 5, 5, 5, 0, 5, 8, 6, 8, 5, 13, 13, 10]
[0, 5, 5, 5, 1, 7, 1, 9, 12, 11, 12, 7]
[5, 5, 5, 5, 0, 5, 10, 10, 10, 5]
[2, 0, 5, 5, 2]
[2, 0, 5, 5, 2]
[11, 5, 5, 5, 1, 10, 8, 10, 10, 11, 0, 11, 11, 15, 13, 11, 16, 20, 20, 17, 20, 23, 21]
[3, 3, 5, 5, 0, 5, 9, 9, 6, 9, 12, 10, 5, 21, 14, 17, 15, 21, 21, 21, 5, 21, 22, 26, 26, 21, 29, 29, 26, 32, 32, 34, 34, 29, 36, 34, 5]
[2, 0, 4, 5, 2]
[3, 3, 4, 0, 6, 7, 4, 10, 10, 7, 10, 13, 11, 15, 13, 10, 10, 10, 18, 19, 18, 18, 24, 25, 22]
[2, 0]
[0]
[0]
[0, 4, 4, 1, 4]
[2, 5, 5, 5, 0]
[10, 3, 1, 3, 6, 4, 6, 7, 10, 0, 14, 14, 14, 10]
[0, 1, 4, 2, 4, 5, 8, 4, 8, 8, 10]
[3, 3, 4, 0, 6, 4, 8, 4, 12, 12, 12, 15, 15, 15, 4, 15, 18, 16, 18]
[2, 8, 2, 7, 7, 7, 3, 0, 8, 9, 10, 14, 14, 11]
[3, 3, 6, 6, 6, 0, 8, 6, 10, 8, 8, 14, 14, 8, 6, 6, 20, 20, 20, 16, 20, 24, 24, 21]
[8, 1, 2, 3, 6, 8, 8, 0, 8, 8]
[4, 1, 1, 0, 6, 4, 4, 4, 10, 8, 10, 13, 11, 4, 14, 14]
[3, 3, 12, 3, 4, 9, 9, 9, 10, 3, 12, 0, 14, 12, 16, 14]
[2, 5, 5, 5, 0, 5, 8, 9, 5, 11, 9, 14, 14, 9, 16, 14]
[2, 4, 4, 0, 4, 7, 5]
[2, 3, 0, 6, 6, 7, 3, 7, 8, 11, 9, 11, 14, 11, 7, 15, 15]
[0, 1]
[10, 3, 1, 10, 6, 4, 6, 6, 10, 0, 10]
[2, 0, 2, 5, 3, 5, 6, 10, 10, 7]
