[4, 4, 4, 0, 4, 7, 5, 9, 7, 9]
[2, 6, 2, 5, 3, 0, 11, 11, 11, 11, 6]
[4, 3, 4, 6, 6, 0, 6, 7, 8, 8]
[4, 4, 4, 0]
[2, 7, 2, 5, 2, 7, 0, 7, 11, 11, 8]
[2, 0, 5, 5, 2]
[3, 3, 0, 3, 6, 3]
[4, 4, 4, 0, 4]
[2, 6, 2, 5, 2, 0, 9, 9, 6, 6]
[4, 4, 4, 0]
[4, 4, 4, 0, 4, 5]
[3, 3, 0, 3, 3, 3, 9, 9, 6]
[3, 3, 11, 3, 4, 11, 11, 9, 11, 11, 0, 11, 14, 12, 11, 15]
[10, 10, 6, 6, 6, 10, 8, 9, 10, 0]
[2, 3, 8, 8, 7, 7, 8, 0, 10, 8, 10, 11, 11, 11, 14, 14, 8, 8, 18, 22, 22, 8]
[0, 1, 1, 6, 6, 3, 1]
[2, 5, 2, 3, 0, 9, 9, 9, 5]
[2, 14, 2, 6, 4, 3, 6, 9, 7, 9, 10, 11, 11, 0, 16, 14]
[2, 5, 5, 5, 0, 5, 6, 5, 11, 11, 8]
[5, 5, 5, 5, 0]
[2, 3, 0, 5, 3, 5, 8, 6, 11, 11, 8]
[2, 0, 2, 5, 3, 2, 8, 6, 8]
[2, 0, 5, 5, 2, 5, 8, 6]
[0, 6, 6, 6, 6, 1]
[4, 4, 4, 0]
[2, 3, 0, 8, 7, 7, 8, 3, 8, 11, 9, 11, 12, 13]
[2, 3, 6, 3, 6, 0, 6, 6]
[4, 4, 4, 0, 4, 8, 8, 5, 4]
[3, 3, 0, 5, 3, 7, 5]
[2, 3, 0, 6, 6, 3, 6, 7]
[2, 4, 4, 0, 6, 4]
[2, 0, 2, 2, 6, 4]
[2, 6, 6, 6, 6, 0, 6, 7]
[4, 4, 4, 0, 4, 5, 4]
[2, 5, 5, 5, 0, 8, 8, 5, 8, 11, 9]
[2, 4, 4, 0, 4, 5, 5, 5]
[2, 3, 0, 5, 3]
[4, 4, 4, 0, 7, 7, 4]
[6, 6, 5, 5, 6, 0]
[2, 0, 2, 3, 9, 9, 9, 9, 4]
[2, 5, 5, 5, 0, 10, 8, 10, 10, 5, 10, 15, 15, 15, 11]
[2, 3, 4, 0, 4, 7, 5, 4]
[4, 4, 4, 0, 4, 7, 5]
[0, 4, 4, 1]
[2, 10, 2, 6, 6, 3, 10, 10, 10, 0, 10, 11, 11]
[2, 4, 4, 0, 7, 7, 4, 7]
[4, 4, 4, 0, 4, 5]
[4, 4, 4, 0, 4, 12, 12, 9, 12, 12, 12, 5, 14, 12, 16, 14, 14, 17, 18, 21, 19]
[6, 6, 6, 6, 6, 0]
[4, 4, 4, 0, 6, 4, 11, 11, 11, 11, 6]
[2, 0, 5, 5, 2]
[3, 3, 4, 0, 6, 7, 4, 11, 11, 11, 4, 11, 16, 16, 16, 12]
[4, 4, 4, 0, 4, 9, 9, 9, 5]
[0, 3, 4, 1, 4, 8, 8, 5, 8, 9, 1]
[4, 1, 4, 0, 4, 7, 5]
[3, 3, 0, 3, 7, 7, 4, 7, 7, 7, 12, 7]
[5, 5, 5, 5, 0, 5, 8, 5, 5, 11, 9]
[0, 1, 2, 5, 2, 1]
[6, 6, 6, 6, 6, 0]
[4, 4, 4, 0, 8, 8, 8, 4, 8, 11, 9]
[2, 3, 4, 0, 7, 7, 4, 4, 11, 11, 8]
[4, 4, 4, 0, 8, 7, 8, 4, 8, 11, 9]
[4, 4, 4, 0, 4, 7, 5]
[2, 8, 6, 6, 6, 8, 8, 0, 8]
[4, 4, 4, 0, 4, 9, 9, 9, 5, 11, 9, 13, 11]
[4, 4, 4, 0, 4, 7, 5, 9, 7, 11, 9, 11]
[2, 3, 0, 3, 6, 4]
[0, 6, 6, 6, 6, 1, 6, 9, 7]
[2, 3, 0, 5, 3, 3, 9, 9, 6, 3, 10, 10]
[4, 3, 4, 7, 7, 7, 0, 9, 7, 9]
[5, 5, 5, 5, 0]
[5, 5, 5, 5, 0, 5]
[2, 3, 0, 3, 4, 7, 5, 3, 10, 8]
[3, 3, 5, 5, 0, 5, 9, 9, 6]
[2, 3, 0, 3]
[2, 0, 4, 2, 2, 5]
[5, 5, 5, 5, 0, 5, 8, 6]
[5, 5, 4, 5, 0, 5]
[0, 3, 1, 1, 10, 10, 10, 10, 10, 4]
[3, 3, 5, 5, 0, 5, 8, 6]
[6, 6, 4, 6, 6, 0, 8, 6]
[4, 4, 4, 0]
[2, 0, 2, 3, 4, 7, 2]
[2, 3, 0, 7, 7, 7, 3]
[5, 5, 5, 5, 0, 5]
[4, 4, 4, 0, 9, 5, 8, 9, 4]
[2, 0, 2, 2, 6, 4]
[4, 4, 4, 0, 6, 4, 6, 10, 10, 7]
[4, 4, 4, 0, 6, 4]
[5, 5, 5, 5, 0, 5, 9, 9, 6]
[2, 0, 2, 8, 8, 8, 8, 3]
[4, 3, 4, 9, 4, 9, 9, 9, 0]
[4, 4, 4, 0]
[3, 3, 4, 12, 8, 8, 8, 4, 12, 12, 12, 0]
[2, 0, 4, 2]
[2, 4, 4, 0, 4, 9, 6, 6, 5]
[0, 1, 1, 3]
[4, 4, 4, 0, 4, 5, 11, 11, 11, 11, 6]
[9, 3, 1, 9, 6, 9, 6, 6, 0, 9, 9, 13, 9]
[17, 1, 2, 3, 6, 3, 3, 3, 13, 13, 12, 10, 8, 13, 16, 14, 0, 19, 17, 17, 22, 20]
[2, 3, 0, 6, 6, 3, 8, 6, 8, 11, 9, 11, 12]
[4, 4, 4, 0, 6, 4, 8, 4, 8, 9]
[2, 6, 6, 5, 6, 0, 6]
[2, 0, 4, 2, 2, 7, 5]
[2, 3, 7, 3, 6, 4, 0, 7]
[5, 5, 5, 5, 6, 0, 12, 10, 10, 12, 12, 6, 6, 15, 16, 13]
[4, 4, 4, 0, 8, 8, 8, 4]
[2, 3, 0, 6, 6, 3, 9, 9, 6]
[2, 3, 4, 0, 4, 4, 8, 6]
[2, 7, 7, 7, 7, 7, 0]
[4, 4, 4, 0, 4, 7, 5]
[5, 5, 5, 5, 0, 5, 8, 6, 8, 9]
[2, 0, 2]
[6, 6, 6, 3, 4, 0, 6, 9, 7, 6, 13, 13, 10]
[2, 0]
[2, 3, 4, 0, 4, 4, 8, 6]
[2, 5, 5, 5, 0, 7, 5, 9, 7]
[2, 3, 4, 0, 4, 7, 5]
[2, 5, 2, 3, 0, 5, 5, 5, 5, 9]
[6, 6, 5, 5, 6, 0]
[6, 6, 6, 6, 6, 0]
[0, 1, 1]
[5, 5, 5, 5, 0]
[4, 4, 4, 0]
[2, 0]
[4, 4, 4, 0, 4, 7, 5, 4]
[2, 3, 7, 7, 6, 7, 0]
[2, 0]
[4, 4, 4, 0, 4, 10, 10, 10, 10, 5, 14, 11, 14, 10, 14, 14, 16, 4]
[5, 5, 5, 5, 0]
[5, 5, 5, 5, 0, 5, 6]
[3, 3, 4, 0, 6, 4, 6, 9, 7]
[4, 4, 4, 10, 4, 7, 4, 10, 10, 0, 12, 10]
[2, 5, 2, 5, 0, 5, 6, 7, 8, 5, 12, 14, 14, 5, 16, 14]
[6, 6, 6, 5, 3, 0, 6, 9, 7, 9, 12, 9]
[2, 7, 7, 7, 7, 7, 0]
[2, 0, 5, 5, 2]
[0, 1, 1]
[2, 5, 2, 3, 0, 7, 5, 5]
[4, 4, 4, 0, 4, 5]
[2, 3, 0, 6, 6, 3]
[2, 0, 2]
[5, 5, 5, 5, 0]
[5, 5, 5, 5, 0]
[2, 3, 0, 5, 3, 5, 8, 6]
[4, 4, 4, 0, 4, 8, 8, 5]
[2, 0]
[2, 7, 2, 6, 6, 3, 0, 7, 7, 7, 10, 15, 12, 12, 11]
[2, 3, 0, 6, 6, 3, 6, 10, 10, 7, 6, 13, 11]
[2, 0, 4, 2, 2]
[2, 4, 4, 0, 7, 7, 4]
[3, 3, 5, 5, 0, 5, 6, 7, 7]
[2, 4, 4, 0, 4]
[0, 3, 1, 8, 7, 7, 8, 3, 8]
[8, 3, 1, 8, 6, 8, 6, 0, 8, 11, 9]
[3, 3, 4, 0, 12, 7, 12, 12, 12, 12, 12, 4]
[4, 4, 4, 0]
[2, 10, 2, 2, 4, 10, 10, 10, 10, 0, 10, 11]
[3, 3, 0, 3, 4]
[4, 4, 4, 0, 4, 7, 5]
[7, 7, 7, 5, 7, 7, 0, 7, 10, 8]
[2, 7, 7, 6, 4, 7, 0, 7, 11, 11, 8]
[3, 3, 6, 5, 6, 0, 10, 10, 10, 6, 6, 13, 6, 13, 17, 17, 14, 17, 17]
[5, 5, 5, 5, 0]
[2, 0, 6, 6, 6, 2]
[6, 6, 6, 6, 6, 0, 8, 6, 8, 13, 13, 13, 9]
[7, 7, 5, 5, 7, 7, 0]
[4, 4, 4, 0]
[4, 4, 4, 0, 4, 5, 6, 6, 10, 6, 10, 10]
[4, 4, 4, 0, 4, 8, 8, 5, 8, 11, 9, 11, 14, 12, 11, 17, 15]
[0, 1, 1, 3, 4, 1]
[0, 1, 1]
[5, 4, 4, 5, 0, 5, 6]
[6, 6, 5, 5, 6, 0]
[2, 3, 0, 3, 4, 5]
[2, 5, 5, 5, 0, 5, 9, 9, 6]
[3, 3, 4, 0, 4, 8, 8, 5, 8, 9]
[6, 6, 6, 6, 6, 0]
[2, 0, 2, 5, 3, 2, 8, 6]
[7, 7, 7, 7, 6, 7, 0, 7, 10, 8]
[0, 1, 4, 2, 7, 7, 1, 7, 8, 9, 10]
[2, 0, 4, 2, 4, 7, 5]
[2, 3, 0, 3, 7, 7, 3, 7, 11, 11, 8]
[4, 4, 4, 0]
[3, 3, 0, 3, 6, 3]
[3, 3, 0, 3, 8, 8, 8, 4, 8, 11, 9]
[5, 5, 4, 5, 0, 7, 5, 9, 7]
[2, 3, 4, 0, 4, 4, 8, 6]
[4, 4, 4, 5, 0, 7, 5, 7, 10, 8, 7, 13, 11]
[6, 3, 6, 6, 6, 10, 10, 10, 10, 0]
[3, 3, 5, 3, 0, 8, 8, 5, 11, 11, 8]
[5, 3, 5, 5, 0]
[4, 4, 4, 0, 4, 8, 8, 5]
[3, 3, 4, 0, 6, 7, 4, 13, 13, 13, 13, 13, 7]
[2, 3, 4, 0, 4, 7, 5]
[5, 3, 5, 5, 8, 8, 8, 0]
[3, 3, 8, 7, 7, 7, 3, 0, 8, 8, 10, 10]
[4, 4, 4, 6, 6, 0, 9, 9, 6]
[4, 4, 4, 0, 4, 5, 6, 9, 7, 7, 12, 10, 14, 7, 17, 17, 14]
[0, 3, 1, 3, 6, 4]
[6, 6, 5, 5, 6, 0, 6, 7, 11, 11, 8, 6, 15, 15, 12]
[4, 4, 4, 0, 8, 8, 8, 4, 8, 9, 10, 10]
[3, 3, 4, 0, 7, 7, 4]
[0, 1, 1]
[5, 5, 5, 5, 0]
[3, 3, 6, 6, 6, 0, 6, 6, 8, 12, 12, 9, 12, 12]
[2, 3, 5, 5, 0]
[3, 3, 5, 5, 0, 5, 12, 12, 12, 12, 12, 13, 6]
[2, 5, 5, 5, 0, 10, 10, 7, 7, 5, 5, 13, 11]
[6, 6, 6, 6, 6, 0, 6, 9, 7]
[0, 1, 4, 2, 10, 10, 9, 9, 10, 1, 10, 13, 11, 10, 16, 14]
[2, 5, 5, 5, 0, 7, 5, 7, 10, 8, 7, 11]
[5, 5, 5, 5, 0, 5, 5, 9, 7]
[2, 3, 0, 3, 4, 7, 5, 7, 8]
[4, 4, 4, 5, 0, 12, 12, 12, 12, 12, 12, 5, 12, 12, 16, 12]
[4, 4, 4, 0, 4, 7, 5, 7, 7, 11, 7, 4]
[5, 5, 5, 5, 0]
[3, 3, 0, 3, 4]
[5, 5, 5, 5, 0, 5, 8, 6, 8]
[4, 3, 4, 0, 4, 8, 8, 5]
[3, 3, 4, 0, 6, 4]
[4, 4, 4, 0, 6, 4]
[4, 4, 4, 0, 4, 8, 8, 5]
[6, 6, 4, 6, 4, 0, 6]
[4, 4, 4, 0, 4]
[4, 4, 4, 0, 4, 5, 8, 6]
[5, 5, 5, 5, 0]
[2, 0, 2, 2, 7, 7, 4]
[5, 4, 4, 5, 0, 7, 8, 5, 10, 8, 8, 11]
[3, 3, 0]
[2, 3, 0, 3, 6, 4]
[2, 7, 7, 6, 6, 7, 0, 7, 7, 7]
[4, 4, 4, 0, 7, 7, 4, 7, 8, 13, 13, 13, 9, 13, 16, 14]
[2, 0, 2]
[4, 4, 4, 0]
[5, 5, 5, 5, 0, 8, 8, 5, 8, 5]
[3, 3, 0, 3, 4, 7, 5]
[6, 6, 6, 6, 6, 0]
[0, 4, 4, 1]
[8, 1, 2, 3, 4, 3, 8, 0, 8, 12, 12, 9]
[3, 3, 0, 3, 9, 9, 6, 6, 4]
[4, 4, 4, 0, 8, 8, 8, 4]
[2, 0]
[2, 0]
[5, 5, 5, 5, 0, 9, 8, 9, 5]
[2, 3, 0, 3, 7, 7, 4, 7, 8, 3, 13, 13, 10, 15, 13, 15, 15, 19, 17, 19, 20, 21]
[4, 4, 4, 0, 6, 4, 6, 6, 8, 9, 6, 11]
[4, 4, 4, 6, 6, 0, 6, 10, 10, 7]
[4, 4, 4, 0, 6, 4, 6, 7]
[2, 3, 0, 3]
[2, 3, 4, 0, 4, 8, 8, 5]
[7, 7, 7, 7, 7, 7, 11, 11, 11, 11, 0, 11, 15, 15, 12]
[5, 5, 5, 5, 0]
[0, 1]
[0, 1, 1, 1, 4, 4, 6]
[4, 4, 4, 0, 4, 7, 4]
[2, 5, 5, 5, 0]
[8, 8, 8, 3, 7, 7, 4, 0]
[3, 3, 0, 3, 7, 7, 4, 7, 10, 8]
[4, 4, 4, 0]
[2, 4, 2, 0, 6, 4, 6]
[2, 0, 2, 7, 7, 7, 2, 10, 10, 11, 7, 7, 7, 7, 14, 17, 15]
[4, 4, 4, 0, 6, 4, 6]
[0, 5, 5, 5, 1, 5, 9, 9, 6]
[4, 4, 4, 0, 4, 5, 8, 6]
[5, 5, 5, 5, 0, 5, 6]
[0, 4, 4, 1]
[2, 9, 2, 6, 6, 3, 9, 9, 0, 9, 10]
[2, 0, 2, 6, 6, 3, 10, 10, 10, 2, 10, 11, 12]
[0]
[4, 4, 4, 0, 4, 7, 5, 7, 10, 7]
[5, 3, 1, 5, 0, 5, 6, 7]
[4, 4, 4, 0, 4, 7, 5, 7, 10, 8, 7, 14, 14, 11, 14, 15, 15, 19, 17, 19, 20]
[2, 5, 4, 2, 0]
[2, 0, 2, 5, 3, 7, 5, 7, 8, 7, 14, 14, 14, 10, 2]
[4, 4, 4, 0, 4, 10, 10, 9, 10, 5]
[3, 3, 0, 3, 4, 7, 4]
[4, 4, 4, 0, 4]
[2, 0, 2, 3, 3, 2, 2, 7, 10, 8]
[5, 5, 4, 5, 0, 7, 5, 7, 11, 11, 8]
[8, 8, 8, 5, 8, 5, 5, 0, 11, 11, 8]
[2, 4, 4, 0, 4, 5, 6, 7]
[4, 4, 4, 0, 4, 5, 4, 9, 7]
[3, 3, 0, 3, 3, 3]
[0, 1]
[3, 3, 5, 5, 0, 5, 8, 6, 5, 12, 10, 5, 12, 12, 14, 17, 15]
[8, 1, 5, 5, 2, 8, 8, 0, 8, 9]
[2, 5, 5, 5, 0, 12, 10, 10, 10, 12, 12, 5]
[2, 0]
[2, 4, 4, 0, 4, 5]
[6, 6, 6, 6, 6, 0]
[2, 0, 4, 2, 4, 9, 9, 9, 5]
[6, 6, 5, 5, 6, 0]
[6, 6, 6, 5, 6, 0, 6, 9, 7]
[2, 5, 2, 3, 0, 5, 6, 6]
[0, 3, 1, 3, 3]
[2, 4, 4, 5, 0, 5, 8, 6, 8]
[4, 4, 4, 0]
[5, 1, 1, 1, 7, 7, 0, 7, 10, 8]
[2, 4, 4, 0, 4, 5, 9, 9, 6]
[2, 0, 5, 5, 2]
[4, 4, 4, 0, 4, 5]
[2, 3, 5, 5, 0, 5, 8, 6]
[2, 3, 11, 5, 3, 11, 10, 10, 10, 11, 0, 13, 11]
[4, 4, 4, 0, 4, 7, 5]
[2, 0, 5, 5, 2]
[4, 4, 4, 0, 4, 8, 8, 5]
[2, 5, 2, 5, 0, 5, 8, 6]
[5, 5, 5, 5, 0, 10, 10, 10, 10, 5, 10, 15, 15, 15, 11, 15, 18, 16]
[4, 4, 4, 0, 6, 4, 6]
[4, 4, 4, 8, 8, 8, 8, 0, 8, 9, 8, 13, 8, 15, 13, 15, 18, 16]
[4, 4, 4, 0]
[3, 3, 0, 3, 7, 7, 4]
[5, 5, 5, 5, 0, 5, 8, 6]
[4, 4, 4, 0, 4, 5]
[2, 4, 4, 5, 0, 5, 5, 9, 7]
[6, 6, 5, 5, 6, 0]
[2, 0, 2, 2]
[2, 0, 4, 2, 4, 8, 8, 5]
[5, 5, 5, 5, 0]
[5, 5, 5, 5, 0]
[2, 0, 4, 6, 6, 2, 8, 6, 6, 9, 9]
[5, 5, 5, 5, 0]
[2, 0]
[2, 3, 6, 6, 6, 0, 8, 6, 10, 6, 10, 10, 12]
[4, 4, 4, 0, 4, 8, 8, 5, 8, 11, 9]
[2, 3, 0, 3, 4]
[5, 5, 5, 5, 0]
[6, 6, 6, 6, 6, 0]
[0, 3, 1]
[4, 4, 4, 0, 4, 5, 6, 7, 13, 13, 13, 13, 4, 13, 16, 14]
[3, 3, 0, 6, 6, 3, 6]
[5, 5, 5, 5, 0]
[5, 5, 5, 5, 0]
[5, 5, 5, 5, 0, 7, 5, 7]
[6, 6, 4, 6, 6, 0, 6]
[2, 0, 5, 5, 2, 5, 8, 6]
[0, 1, 4, 1, 4, 8, 8, 5]
[4, 4, 4, 0, 4, 7, 5, 10, 10, 7, 7, 11, 4]
[4, 4, 4, 0, 7, 7, 4, 4, 12, 12, 12, 8]
[6, 6, 6, 6, 6, 0, 6]
[4, 4, 4, 0, 4, 5, 6, 6]
[4, 4, 4, 0, 4, 4, 6, 7, 4, 12, 12, 9]
[4, 4, 4, 0, 8, 8, 8, 4]
[0, 4, 4, 1]
[5, 5, 5, 5, 0, 5, 9, 9, 6]
[5, 5, 5, 5, 0, 5, 8, 6, 8, 9]
[4, 4, 4, 0, 4, 8, 8, 5]
[6, 6, 6, 6, 6, 0, 6, 10, 10, 7]
[10, 10, 7, 7, 4, 4, 10, 7, 7, 0, 12, 10, 12, 15, 13]
[6, 6, 6, 6, 6, 0, 6, 7]
[5, 5, 4, 5, 0, 5, 5, 10, 10, 7, 12, 5]
[3, 3, 5, 5, 0, 5, 8, 6]
[4, 4, 4, 0, 4, 7, 5, 4, 10, 8, 10, 11]
[2, 3, 0, 5, 3, 5, 6]
[2, 5, 5, 5, 0, 5, 8, 6]
[2, 0, 6, 6, 6, 2]
[4, 4, 4, 0, 4, 8, 8, 5]
[3, 3, 6, 6, 6, 0, 8, 6, 8]
[2, 3, 0, 5, 3, 3, 3]
[4, 4, 4, 0]
[4, 4, 4, 0, 6, 4, 8, 6]
[2, 4, 4, 5, 0, 5, 5, 10, 10, 7, 12, 5]
[14, 14, 5, 5, 14, 5, 9, 9, 6, 5, 13, 13, 10, 0]
[8, 8, 8, 8, 8, 8, 8, 0, 8, 11, 9]
[3, 3, 0]
[5, 5, 5, 3, 0]
[0, 5, 5, 3, 1]
[4, 4, 4, 0, 4, 5, 8, 4]
[3, 3, 4, 0, 4, 5, 8, 6, 4]
[2, 0, 5, 5, 2, 2, 8, 6]
[4, 4, 4, 0, 4, 7, 5, 10, 10, 7, 14, 13, 14, 10, 14, 17, 15]
[9, 4, 4, 1, 4, 4, 6, 7, 0, 11, 9]
[4, 4, 4, 0, 8, 7, 8, 4, 8, 12, 12, 9]
[4, 4, 4, 0, 6, 4, 6, 9, 7, 9, 12, 10, 10, 10]
[3, 3, 0]
[3, 3, 0, 3, 4, 8, 8, 5, 8, 9]
[6, 6, 5, 5, 6, 0, 6]
[5, 5, 5, 5, 0, 5, 6, 5]
[2, 3, 0, 5, 3, 8, 8, 3, 10, 8]
[6, 6, 4, 6, 6, 0, 8, 6, 8, 11, 9]
[3, 3, 0, 3, 8, 8, 8, 4, 8, 12, 12, 9]
[3, 3, 0, 3, 6, 4, 6]
[5, 3, 5, 5, 0, 5, 9, 9, 6, 5]
[5, 5, 5, 5, 0]
[5, 5, 5, 5, 0]
[4, 4, 4, 0, 6, 8, 8, 4, 11, 11, 4, 13, 11, 13, 13, 18, 18, 15]
[3, 3, 0, 7, 7, 7, 3, 7, 10, 7]
[2, 3, 0, 5, 3, 5, 6, 7, 8, 3, 10, 10, 15, 15, 10]
[4, 4, 4, 0]
[3, 3, 0, 3]
[6, 6, 4, 6, 6, 0, 6]
[3, 3, 0, 3, 3, 5, 8, 6]
[6, 6, 6, 5, 6, 0]
[2, 0, 4, 2, 4, 5, 10, 10, 10, 6]
[2, 7, 5, 5, 7, 7, 0]
[0]
[2, 0]
[4, 4, 4, 0, 4, 5]
[2, 4, 4, 0, 4, 5, 6]
[2, 5, 5, 5, 0, 5, 9, 9, 6]
[3, 3, 10, 10, 6, 10, 6, 6, 10, 0, 10, 10]
[2, 4, 4, 0]
[6, 6, 5, 5, 6, 0]
[4, 4, 4, 0, 4, 7, 5]
[2, 0, 2, 5, 3, 9, 9, 9, 2, 9, 10]
[3, 3, 4, 0, 4, 7, 5]
[4, 4, 4, 0, 4, 5]
[4, 4, 4, 0, 4, 7, 5, 10, 10, 4, 12, 10]
[2, 3, 4, 0, 7, 7, 4, 4, 10, 8, 10, 14, 14, 11]
[3, 3, 0]
[2, 3, 0, 10, 10, 10, 6, 10, 10, 3]
[4, 4, 4, 0]
[2, 3, 0, 7, 7, 7, 3]
[5, 4, 4, 5, 6, 0, 8, 6, 10, 6, 10, 11]
[4, 3, 4, 0, 7, 7, 4]
[3, 3, 0, 3, 9, 5, 5, 9, 4]
[5, 3, 1, 5, 0, 5, 8, 9, 12, 12, 12, 5]
[3, 3, 6, 6, 6, 7, 0, 7, 10, 8]
[4, 4, 4, 0, 7, 7, 4, 7, 10, 8, 7, 11]
[2, 4, 4, 0, 4, 7, 5, 7, 10, 8]
[4, 4, 4, 0, 4, 8, 8, 5]
[5, 5, 4, 5, 0, 5]
[2, 0, 4, 2, 2, 8, 8, 5]
[4, 4, 4, 0, 4]
[2, 5, 2, 3, 0, 5, 6, 5, 8]
[2, 0, 2, 5, 3]
[4, 4, 4, 0, 4, 5, 4, 11, 11, 11, 7]
[3, 3, 0, 3, 4, 8, 8, 3]
[2, 3, 0, 7, 7, 7, 3]
[5, 5, 5, 5, 0]
[2, 3, 5, 5, 0, 5, 11, 11, 11, 11, 6]
[3, 3, 0, 3, 4, 7, 5]
[6, 6, 2, 5, 2, 8, 8, 0, 8, 9, 14, 14, 14, 10, 10, 18, 18, 15]
[0, 1, 1]
[3, 3, 0, 8, 8, 8, 8, 3, 8, 9]
[2, 0, 6, 6, 6, 2]
[6, 6, 6, 6, 6, 0, 6, 9, 7]
[8, 8, 4, 8, 4, 7, 5, 0, 10, 8]
[6, 6, 5, 5, 6, 0]
[6, 6, 2, 2, 6, 0, 9, 9, 6, 6, 15, 15, 15, 15, 10, 15, 15, 20, 20, 15]
[3, 3, 4, 0, 4, 7, 5]
[7, 7, 7, 7, 7, 7, 0, 7, 8, 9, 9]
[2, 0, 2, 5, 2, 8, 8, 5, 5, 9, 5, 14, 14, 11]
[3, 3, 0]
[3, 3, 0]
[3, 3, 0, 3, 6, 4]
[5, 4, 4, 1, 0, 9, 8, 9, 5, 9, 12, 10]
[5, 5, 4, 5, 0]
[7, 7, 5, 5, 7, 5, 0]
[3, 3, 0, 5, 3, 5, 3, 9, 7]
[3, 3, 5, 5, 0, 5, 6, 11, 10, 11, 7, 7, 15, 15, 12, 15, 16]
[2, 7, 7, 7, 7, 7, 0, 7, 10, 8]
[2, 0, 2, 5, 3]
[4, 4, 4, 0, 6, 7, 4]
[5, 5, 5, 5, 0, 5, 8, 5, 5, 12, 12, 9, 12, 13]
[4, 4, 4, 0, 4, 7, 5, 4, 11, 11, 8, 16, 16, 16, 16, 11]
[2, 8, 2, 6, 6, 3, 8, 0, 8, 12, 12, 9]
[2, 0, 5, 5, 2, 7, 8, 5, 8, 11, 9]
[5, 5, 5, 5, 0, 5, 9, 9, 6]
[5, 5, 5, 5, 6, 0, 6, 7, 10, 8, 8, 14, 14, 11]
[5, 5, 5, 3, 0, 5, 8, 6]
[6, 6, 6, 6, 6, 9, 9, 9, 0]
[4, 4, 4, 0, 7, 7, 4, 9, 7]
[4, 4, 4, 0, 4, 8, 8, 5]
[4, 4, 4, 5, 0, 5]
[4, 4, 4, 5, 0, 10, 10, 10, 10, 5]
[0, 1, 1]
[3, 3, 0]
[2, 5, 5, 5, 0, 7, 5, 7, 8]
[5, 5, 5, 3, 0]
[3, 3, 0, 3, 6, 4]
[5, 5, 5, 5, 0]
[3, 3, 4, 0, 7, 7, 4]
[4, 4, 4, 0, 4, 7, 5, 10, 10, 4]
[5, 5, 5, 5, 0]
[2, 3, 0, 3, 3, 3]
[2, 0, 4, 6, 6, 2]
[2, 6, 2, 3, 4, 0, 10, 10, 10, 11, 6, 11]
[4, 4, 4, 13, 4, 9, 9, 9, 5, 13, 13, 13, 0, 19, 17, 17, 19, 19, 13, 19, 22, 20, 22, 25, 23]
[6, 6, 6, 6, 6, 0, 6, 7]
[4, 4, 4, 0, 6, 4, 6, 10, 10, 7]
[2, 0, 4, 2, 6, 2]
[2, 6, 2, 5, 3, 0, 10, 10, 10, 6, 10]
[3, 3, 0, 3, 4]
[2, 3, 4, 0, 4, 4, 6]
[5, 5, 4, 5, 0, 7, 5, 9, 7, 9, 9, 9, 7, 17, 17, 17, 13]
[4, 4, 4, 6, 6, 0]
[3, 3, 0, 3]
[0, 1, 1]
[4, 4, 4, 0, 4, 7, 5, 7, 8]
[2, 5, 5, 5, 0, 7, 5, 7, 8]
[0, 3, 1, 5, 3, 5, 5, 7]
[5, 5, 4, 5, 0, 5, 8, 6]
[4, 4, 4, 0, 6, 4]
[4, 4, 4, 8, 7, 5, 4, 0, 8]
[4, 4, 4, 0, 4]
[2, 9, 9, 8, 8, 8, 8, 9, 0]
[4, 4, 4, 0, 4, 7, 5]
[2, 0, 2]
[4, 4, 4, 0]
[5, 5, 5, 5, 0, 5, 8, 6]
[4, 4, 4, 0, 4, 5]
[6, 6, 6, 6, 6, 0]
[8, 8, 4, 8, 4, 7, 5, 0]
[0, 3, 1, 1]
[2, 7, 7, 7, 7, 7, 0, 7, 8]
[2, 3, 4, 0, 4, 5, 6, 7, 4, 11, 9, 4, 12]
[2, 6, 6, 5, 6, 0, 6, 10, 10, 7, 14, 14, 14, 10, 14, 14, 14, 20, 20, 14]
[3, 3, 0, 9, 9, 9, 9, 9, 3, 9, 14, 14, 14, 10, 14, 15]
[6, 6, 6, 6, 6, 0]
[3, 3, 0, 3, 6, 3]
[3, 3, 4, 0, 7, 7, 4, 7, 8, 9, 9, 4, 16, 16, 16, 12]
[3, 3, 0, 3, 7, 7, 4, 7, 10, 8, 12, 3, 3, 13, 3, 18, 18, 15]
[2, 6, 6, 6, 6, 0, 6, 9, 7]
[5, 5, 5, 5, 0, 5, 6]
[2, 3, 0, 3, 8, 5, 5, 4, 3, 9]
[4, 4, 4, 0, 4, 5, 6, 7, 8]
[9, 9, 7, 7, 7, 7, 9, 9, 0, 11, 12, 9, 12, 13, 13, 15, 9, 20, 20, 17]
[2, 3, 0, 6, 6, 3]
[6, 6, 6, 6, 6, 0]
[2, 8, 2, 5, 3, 8, 8, 0, 8, 11, 9]
[2, 4, 4, 0, 4, 7, 9, 9, 5, 11, 9, 9, 12, 13]
[0, 5, 5, 5, 1, 7, 5, 9, 7]
[4, 4, 4, 0, 4, 5]
[2, 5, 5, 5, 0, 7, 5, 9, 7]
[0, 1, 1]
[2, 3, 8, 8, 6, 8, 8, 0]
[2, 0, 6, 6, 6, 2]
[2, 3, 4, 0, 4]
[6, 1, 2, 5, 3, 0, 6]
[4, 4, 4, 0, 4, 5, 12, 12, 11, 11, 12, 4, 14, 16, 16, 12, 18, 16]
[10, 10, 6, 6, 6, 10, 10, 10, 10, 0]
[3, 3, 0]
[2, 3, 11, 3, 6, 4, 11, 11, 11, 11, 0, 11, 12, 16, 16, 12]
[5, 5, 5, 5, 0, 5, 6, 5, 10, 8]
[4, 4, 4, 0, 4, 5]
[2, 0, 2]
[10, 5, 5, 5, 1, 10, 10, 9, 10, 0, 13, 13, 10, 10, 16, 20, 16, 16, 20, 10]
[2, 3, 7, 7, 7, 7, 0, 7, 8, 7, 7, 15, 15, 15, 11]
[4, 4, 4, 0, 7, 7, 4, 7, 11, 11, 8]
[5, 5, 5, 5, 0, 5, 6, 9, 5, 9]
[2, 0, 2, 2]
[2, 3, 0, 3, 3, 3, 10, 10, 10, 3]
[2, 0, 2, 3, 4, 9, 9, 9, 4, 11, 2, 11, 2]
[3, 3, 0, 5, 3, 5, 9, 9, 5, 11, 9]
[2, 12, 6, 5, 6, 2, 6, 12, 12, 12, 12, 0, 14, 12]
[5, 5, 5, 5, 0]
[5, 5, 5, 5, 0, 5, 8, 6, 10, 5, 10, 10, 14, 10, 10, 17, 15]
[2, 3, 4, 0, 4, 4, 4]
[4, 4, 4, 0, 4, 7, 5, 7, 10, 7]
[2, 0, 2, 6, 6, 7, 2, 2, 10, 8]
[4, 4, 4, 0, 4, 4, 6, 7]
[2, 4, 4, 0, 4, 7, 5]
[5, 5, 5, 5, 0]
[7, 7, 4, 7, 7, 7, 0]
[5, 5, 5, 3, 0]
[3, 3, 4, 0, 7, 7, 4, 10, 10, 7]
[4, 4, 4, 0]
[4, 4, 4, 0, 4, 8, 8, 5]
[2, 4, 4, 7, 7, 7, 0, 7, 11, 11, 8, 11]
[4, 3, 4, 8, 8, 8, 8, 0, 8, 11, 9, 13, 11]
[3, 3, 0, 3, 4]
[3, 3, 4, 0, 7, 7, 4]
[2, 7, 7, 6, 6, 7, 0, 11, 11, 11, 7]
[3, 3, 0, 3, 3, 5]
[2, 5, 5, 5, 0]
[2, 6, 2, 5, 3, 0, 9, 9, 6]
[7, 3, 7, 7, 7, 7, 10, 10, 10, 0, 10, 13, 11, 16, 16, 13]
[5, 3, 5, 5, 0, 5, 9, 9, 6, 9, 10, 13, 11]
[2, 0, 4, 2]
[5, 3, 5, 5, 0, 8, 8, 5]
[2, 0, 8, 8, 8, 8, 8, 2]
[2, 0, 2]
[2, 8, 2, 5, 3, 8, 8, 0, 8, 9, 10, 14, 14, 11]
[5, 5, 5, 5, 0, 5, 9, 9, 6]
[4, 4, 4, 0, 6, 4, 4, 9, 7]
[2, 0, 2, 3, 7, 7, 4, 3, 8, 9, 12, 10, 12, 15, 12]
[4, 4, 4, 0, 4, 5]
[2, 7, 7, 5, 7, 7, 0, 7]
[4, 4, 4, 0]
[2, 0, 2, 3]
[0, 1, 1, 3, 1, 5]
[4, 4, 4, 0, 6, 4, 4, 9, 7, 9, 10, 15, 15, 15, 9, 17, 15, 17, 17, 4]
[11, 11, 6, 6, 6, 11, 6, 10, 10, 7, 0, 11]
[2, 3, 0, 3, 6, 4]
[2, 0, 5, 5, 2]
[2, 0, 2]
[5, 5, 5, 3, 0]
[4, 4, 4, 0, 4, 7, 5, 7, 8, 11, 9]
[2, 3, 0, 6, 6, 3]
[5, 5, 5, 5, 10, 10, 10, 10, 10, 0]
[6, 6, 6, 6, 6, 0]
[5, 5, 5, 5, 0, 5, 8, 6]
[4, 4, 4, 0, 4, 7, 5, 7, 10, 11, 8]
[2, 0, 6, 6, 6, 2, 6, 7, 6, 9, 10, 9, 12, 16, 16, 13]
[2, 0, 4, 2, 4, 7, 5, 9, 7]
[5, 5, 5, 5, 6, 0, 9, 9, 6, 9, 10, 13, 11]
[2, 3, 0, 5, 3, 9, 9, 9, 12, 12, 12, 3]
[0, 1, 1]
[5, 5, 5, 5, 0, 5, 6, 10, 10, 5]
[4, 4, 4, 0, 4, 7, 5, 7]
[4, 4, 4, 0, 6, 4, 6, 10, 10, 7, 4, 14, 14, 11]
[2, 3, 10, 10, 6, 10, 6, 7, 10, 0]
[4, 4, 4, 0, 4, 7, 5]
[0, 1, 4, 1, 4]
[2, 0, 4, 2, 6, 4, 6, 6, 6, 9, 10]
[7, 7, 7, 7, 7, 7, 0, 7, 7]
[3, 3, 6, 6, 6, 0, 6]
[2, 3, 0, 5, 3, 3, 8, 11, 11, 11, 6]
[2, 5, 5, 5, 0, 7, 5, 9, 7, 9, 13, 13, 10]
[2, 3, 0, 6, 6, 3]
[2, 7, 7, 6, 6, 7, 0, 7]
[8, 8, 8, 8, 8, 8, 8, 0]
[5, 5, 4, 5, 0, 5]
[0, 1, 2, 2, 1]
[2, 3, 0, 3, 3]
[3, 3, 0, 6, 6, 3, 6, 7]
[4, 4, 4, 0, 4, 5, 6, 7, 8, 8]
[6, 3, 1, 6, 6, 0, 8, 6, 8, 11, 9]
[5, 5, 5, 5, 0, 5]
[2, 0]
[3, 3, 0, 3, 4, 3]
[2, 3, 0, 3, 8, 8, 8, 4, 8, 8]
[3, 3, 0, 5, 3, 5, 9, 9, 5]
[2, 0, 4, 2, 4, 5, 6, 10, 10, 5]
[0, 1, 2, 5, 7, 7, 3]
[2, 7, 7, 7, 7, 7, 0]
[5, 5, 5, 5, 0]
[5, 5, 5, 5, 7, 7, 0, 9, 11, 11, 7, 11, 16, 16, 16, 11]
[4, 4, 4, 0, 6, 4, 8, 6, 8, 9, 6, 14, 14, 11]
[2, 4, 4, 0]
[4, 4, 4, 0, 4, 8, 8, 5]
[4, 3, 4, 0, 4, 4, 8, 6]
[2, 0, 2, 5, 3, 5, 5]
[3, 3, 5, 5, 0, 7, 5, 7, 10, 7]
[2, 6, 2, 3, 6, 0, 6, 6, 10, 8]
[10, 10, 5, 5, 10, 10, 8, 6, 8, 0, 10]
[2, 0, 2, 6, 6, 3, 13, 9, 12, 12, 12, 13, 3]
[2, 0, 4, 2, 4, 9, 9, 9, 5]
[4, 4, 4, 0, 4, 7, 5, 7, 8]
[2, 3, 4, 0, 4, 4, 8, 6, 8, 9]
[2, 3, 6, 3, 4, 0, 6]
[3, 3, 6, 6, 6, 0, 6]
[3, 3, 5, 5, 0, 8, 8, 5]
[4, 4, 4, 0, 4, 8, 8, 5]
[0, 1, 2, 3, 11, 11, 11, 11, 11, 11, 4]
[7, 7, 5, 5, 7, 7, 0]
[4, 4, 4, 0, 4, 7, 5]
[2, 0, 2, 6, 6, 2, 8, 6, 6, 11, 6, 13, 11]
[2, 6, 2, 3, 6, 0, 6, 7]
[5, 5, 4, 5, 0, 5, 5, 5, 8, 5]
[4, 4, 4, 0, 6, 4]
[2, 8, 8, 5, 8, 5, 8, 0, 8, 15, 15, 15, 15, 15, 9]
[2, 3, 4, 0, 6, 4, 6, 7]
[3, 3, 5, 5, 0, 5, 9, 9, 6]
[2, 3, 4, 0, 4, 7, 5]
[6, 6, 6, 6, 6, 0]
[3, 3, 0, 3, 4, 8, 8, 5]
[2, 0, 5, 5, 2]
[7, 7, 7, 7, 7, 7, 0]
[2, 3, 0, 3, 3]
[4, 4, 4, 0, 6, 4, 6, 4]
[3, 3, 0, 3, 6, 4, 6, 10, 10, 6]
[5, 5, 5, 5, 0, 5, 12, 11, 11, 11, 12, 6, 5]
[4, 3, 4, 0, 7, 7, 4, 4]
[0, 5, 5, 5, 1, 1, 6, 10, 10, 7]
[4, 4, 4, 0, 4]
[0, 3, 1, 5, 3, 5, 6, 10, 10, 3, 10, 11]
[2, 3, 5, 5, 0, 7, 5, 5, 11, 11, 8, 11, 14, 12, 14, 15, 16, 16, 11, 19]
[4, 4, 4, 0, 4, 5, 9, 9, 6, 9]
[3, 3, 6, 6, 6, 0, 6]
[10, 10, 6, 6, 6, 10, 6, 9, 6, 0, 10, 11]
[3, 3, 0, 3, 4, 3, 3, 7, 7, 11, 9, 11, 11]
[2, 3, 0, 6, 6, 3]
[8, 4, 4, 8, 6, 8, 8, 0, 8]
[4, 4, 4, 0, 4, 5]
[4, 4, 4, 0, 4, 4, 9, 9, 6]
[5, 5, 5, 5, 0, 7, 5, 7, 11, 11, 8]
[3, 3, 0, 3, 7, 7, 3, 7, 3]
[4, 4, 4, 0, 7, 7, 4, 7, 11, 11, 8, 14, 14, 11, 14, 18, 18, 15, 18]
[5, 5, 5, 5, 0, 5, 6, 9, 7]
[2, 0, 7, 7, 7, 7, 2, 2]
[3, 3, 0]
[3, 1, 10, 3, 7, 7, 4, 10, 10, 0, 10, 13, 10, 10]
[5, 5, 4, 5, 0, 5, 8, 6, 8, 11, 9, 5, 14, 12, 14, 19, 19, 19, 15]
[5, 5, 5, 5, 0]
[2, 8, 2, 5, 6, 3, 6, 0, 8, 11, 9]
[5, 5, 5, 5, 0]
[2, 3, 7, 7, 6, 7, 0, 7, 10, 8]
[2, 3, 0, 6, 6, 3, 3, 10, 10, 7, 3, 15, 15, 15, 11, 15]
[4, 4, 4, 0]
[4, 4, 4, 0]
[2, 3, 0, 5, 3, 3, 9, 9, 3, 9]
[4, 4, 4, 0, 6, 4, 4, 10, 10, 7, 4, 13, 11, 13, 17, 17, 13]
[2, 0, 5, 5, 2, 5, 8, 5]
[0, 1, 4, 1, 1]
[2, 0, 2, 6, 6, 3]
[4, 4, 4, 0, 4, 7, 5]
[2, 0, 4, 2, 2, 7, 5, 7, 7]
[3, 3, 4, 0, 6, 4]
[2, 0, 2, 5, 3, 2, 2]
[2, 4, 4, 5, 0, 5]
[3, 3, 6, 6, 6, 0, 8, 6, 11, 11, 8]
[2, 11, 2, 6, 6, 3, 11, 9, 11, 11, 0, 11, 14, 11, 14, 15, 16, 19, 15, 14, 22, 20, 20, 23]
[2, 6, 6, 5, 6, 0]
[6, 1, 2, 5, 3, 0, 6, 7]
[5, 5, 4, 5, 0]
[6, 6, 4, 6, 6, 0]
[2, 4, 4, 0, 8, 8, 8, 4]
[2, 6, 6, 5, 6, 0, 6]
[2, 3, 0, 6, 6, 3, 6, 10, 10, 7]
[2, 0, 2]
[4, 4, 4, 0, 4, 7, 5]
[2, 6, 6, 6, 6, 0, 6, 9, 7]
[2, 0, 4, 2, 2, 2, 6, 11, 11, 11, 7]
[2, 5, 5, 5, 6, 0, 6, 6, 12, 12, 12, 8]
[4, 4, 4, 0, 4, 8, 8, 5, 8, 9, 9]
[4, 4, 4, 0, 4, 5]
[2, 0, 4, 2]
[6, 6, 6, 6, 6, 0]
[2, 3, 0, 3]
[2, 0, 4, 2, 4, 5]
[4, 4, 4, 5, 0, 5, 9, 9, 6]
[0, 1, 1, 1]
[8, 8, 8, 5, 8, 8, 8, 0]
[5, 5, 5, 5, 0, 5, 8, 6, 5, 5]
[5, 5, 4, 5, 0]
[2, 6, 6, 6, 6, 0, 8, 6, 8]
[5, 5, 5, 5, 0]
[4, 4, 4, 0]
[3, 3, 5, 5, 0, 5, 9, 9, 6]
[0, 1, 4, 2, 1, 8, 8, 5, 8, 11, 9]
[2, 0, 4, 2, 2, 5]
[2, 7, 2, 2, 7, 7, 0, 9, 7, 7, 13, 13, 10, 13]
[6, 6, 5, 5, 6, 0, 8, 6]
[4, 4, 4, 0, 4, 5]
[6, 6, 5, 5, 6, 0, 6]
[2, 3, 0, 3, 4, 5]
[4, 4, 4, 0, 4, 5, 4, 7]
[4, 4, 4, 0, 4, 7, 4]
[6, 3, 1, 6, 6, 0, 8, 6]
[2, 3, 4, 0, 4, 4, 9, 9, 6]
[4, 4, 4, 0, 4, 13, 9, 9, 13, 11, 13, 13, 5]
[3, 3, 0]
[3, 3, 7, 3, 6, 4, 0, 7, 8, 9]
[2, 0, 4, 2, 7, 7, 4]
[3, 3, 0, 3, 6, 4, 4, 9, 7]
[2, 5, 5, 5, 0, 7, 5, 7, 8, 7, 10]
[2, 0, 4, 2, 4, 7, 5]
[3, 3, 5, 5, 0, 5, 5]
[2, 0, 5, 5, 2]
[2, 3, 0, 6, 6, 3, 6, 10, 10, 7]
[4, 4, 4, 0, 4, 5, 5, 5]
[5, 5, 5, 5, 0, 5, 8, 5, 5, 11, 9]
[4, 4, 4, 0, 4, 5, 6, 4]
[3, 3, 0]
[0, 1, 4, 2, 1, 7, 5]
[2, 6, 4, 6, 6, 0, 6, 7]
[4, 4, 4, 0]
[4, 4, 4, 0, 4, 8, 8, 4]
[0, 1, 4, 2, 7, 7, 1, 9, 7]
[2, 0, 4, 2]
[6, 6, 6, 6, 6, 0, 6, 7]
[2, 3, 4, 0, 4, 7, 5]
[5, 5, 4, 5, 0, 5, 5, 7, 11, 11, 8, 5]
[4, 4, 4, 0, 4, 5]
[6, 6, 4, 6, 6, 0, 6]
[2, 6, 2, 5, 3, 0, 6]
[6, 6, 4, 6, 6, 0, 6, 7, 8, 14, 14, 14, 14, 9, 14, 15, 18, 14, 20, 21, 18, 18, 24, 22]
[7, 7, 7, 7, 6, 7, 0, 7, 10, 8]
[2, 7, 2, 3, 7, 7, 0]
[4, 4, 4, 0]
[2, 5, 2, 3, 0, 8, 8, 5]
[4, 4, 4, 0, 6, 4]
[4, 3, 1, 0, 4, 4, 8, 10, 10, 6, 4]
[2, 0, 4, 2, 2, 5, 11, 11, 11, 11, 2]
[5, 5, 5, 5, 0, 5, 9, 9, 6]
[2, 0, 2, 5, 3, 3]
[5, 5, 5, 5, 0]
[0, 4, 4, 1, 4, 8, 8, 5]
[0, 3, 1]
[4, 4, 4, 0, 4, 7, 5]
[3, 3, 4, 0, 4, 7, 5]
[0, 5, 5, 5, 1, 5, 6, 9, 7, 1, 12, 10, 12, 15, 16, 13]
[2, 4, 4, 0, 4, 7, 5, 7, 11, 11, 7]
[2, 6, 6, 6, 6, 0, 8, 6, 10, 8]
[2, 0, 2, 2, 2]
[8, 8, 8, 8, 8, 8, 8, 0]
[4, 4, 4, 0, 4, 11, 9, 9, 11, 11, 5, 11, 12]
[4, 4, 4, 0]
[6, 6, 6, 6, 6, 0]
[2, 0, 2, 3, 6, 2, 6, 10, 10, 7]
[4, 4, 4, 0, 4, 5]
[4, 4, 4, 0, 4, 7, 5]
[2, 4, 4, 8, 4, 7, 5, 0, 8]
[4, 4, 4, 0, 4, 5]
[4, 4, 4, 0, 4]
[2, 5, 5, 5, 0, 8, 8, 5, 10, 5]
[4, 4, 4, 9, 6, 9, 6, 7, 0, 16, 12, 16, 12, 12, 12, 9]
[4, 4, 4, 0, 4, 5, 4]
[2, 5, 5, 5, 0, 7, 5, 9, 5]
[6, 3, 1, 6, 6, 0, 12, 9, 12, 12, 12, 6]
[5, 5, 5, 5, 0, 9, 9, 9, 5, 11, 9, 11, 12, 5, 16, 14]
[4, 4, 4, 0, 4, 4]
[4, 4, 4, 0, 4, 5]
[5, 5, 4, 5, 0, 5, 6, 7, 11, 11, 7]
[4, 4, 4, 0, 4, 5]
[2, 0, 2]
[5, 5, 5, 5, 0, 7, 5, 7, 7, 13, 13, 13, 9]
[2, 3, 7, 7, 6, 7, 0, 9, 7]
[5, 5, 5, 5, 9, 5, 8, 6, 0, 9, 13, 11, 10]
[2, 3, 12, 5, 7, 7, 3, 9, 7, 12, 12, 0]
[2, 0, 4, 2]
[2, 4, 4, 0, 4]
[2, 6, 6, 6, 6, 0, 6, 6]
[2, 7, 7, 6, 6, 7, 0, 7]
[2, 3, 5, 5, 0, 7, 5]
[2, 8, 4, 2, 8, 8, 8, 0, 8, 8]
[6, 6, 4, 6, 6, 0]
[4, 4, 4, 0, 4, 4, 4, 7, 10, 8]
[4, 4, 4, 0, 4, 8, 6, 5]
[2, 0, 2, 8, 8, 8, 8, 3]
[2, 0, 8, 8, 8, 8, 8, 2, 2]
[4, 4, 4, 0, 7, 7, 8, 4]
[2, 3, 6, 6, 6, 0]
[2, 8, 2, 3, 3, 5, 8, 0, 11, 11, 8]
[2, 5, 5, 5, 0, 7, 5, 10, 10, 7]
[3, 1, 0, 3, 12, 7, 12, 7, 7, 12, 12, 4]
[0, 4, 4, 1, 1, 10, 9, 9, 10, 5]
[6, 6, 6, 5, 6, 0, 6, 9, 7]
[5, 5, 5, 5, 0, 5, 9, 9, 6, 9, 10]
[4, 4, 4, 5, 0, 9, 9, 9, 5, 5, 14, 14, 14, 10, 5, 18, 18, 15]
[2, 3, 4, 0, 4, 4, 10, 10, 10, 6]
[3, 3, 0, 3, 4]
[4, 4, 4, 0, 4, 7, 5, 9, 7, 9, 13, 13, 10]
[3, 3, 0, 6, 6, 3, 3]
[5, 1, 4, 5, 0, 5, 5, 13, 13, 13, 13, 13, 5]
[2, 3, 0, 3]
[2, 5, 5, 5, 0, 5]
[5, 5, 5, 5, 0, 5, 8, 5, 10, 8, 8, 11]
[3, 3, 6, 3, 6, 0, 6]
[2, 0, 5, 5, 2, 5, 6]
[4, 4, 4, 0, 4, 8, 8, 5, 8, 11, 9]
[6, 6, 6, 5, 6, 0, 6, 9, 7]
[2, 4, 4, 0, 7, 7, 4]
[2, 0, 2, 5, 3]
[4, 4, 4, 0]
[2, 5, 5, 5, 0, 7, 5, 9, 5, 12, 12, 9, 5]
[2, 6, 2, 3, 6, 9, 9, 9, 0, 9, 13, 13, 10]
[2, 5, 2, 5, 0, 8, 8, 5, 8]
[5, 5, 4, 5, 0, 5]
[4, 4, 4, 0, 4, 7, 5]
[2, 6, 6, 5, 6, 0]
[2, 3, 4, 0, 4, 7, 5, 10, 10, 11, 7, 11, 12]
[6, 5, 5, 5, 6, 0, 10, 10, 10, 6, 6, 11]
[5, 5, 5, 5, 0, 5, 8, 6]
[4, 4, 4, 0, 4, 5]
[2, 5, 5, 5, 0, 5, 6, 9, 7, 9]
[3, 3, 0, 3, 6, 4, 3, 10, 10, 7, 10, 11, 10, 15, 13, 15, 16]
[2, 5, 5, 5, 0, 5, 6, 10, 10, 7]
[2, 6, 2, 3, 6, 0, 6, 7, 11, 11, 8, 11, 16, 16, 16, 12, 16]
[2, 3, 6, 6, 6, 0, 8, 6, 11, 11, 8, 11, 16, 16, 16, 12]
[4, 4, 4, 0, 6, 4, 6, 6, 6, 12, 12, 9]
[2, 3, 0, 3, 6, 4]
[7, 7, 5, 5, 7, 5, 0]
[3, 3, 0, 3]
[2, 3, 7, 3, 6, 4, 0, 7, 7]
[2, 4, 4, 6, 6, 0, 6, 7]
[2, 3, 8, 3, 4, 8, 8, 0, 10, 8, 14, 14, 14, 10]
[2, 0, 2, 6, 6, 3]
[2, 3, 0, 3, 4, 5, 3, 7, 3, 11, 9, 11, 12]
[4, 4, 4, 0]
[4, 4, 4, 0, 4, 7, 5, 7, 8]
[2, 4, 4, 6, 6, 0, 6, 10, 10, 7]
[4, 4, 4, 0, 4]
[4, 4, 4, 0, 4, 8, 8, 5, 8, 11, 9, 13, 11, 13, 14]
[6, 6, 6, 6, 6, 0, 6, 7]
[2, 4, 4, 0, 4, 8, 8, 5, 10, 4, 12, 10, 12, 18, 18, 18, 18, 13]
[3, 3, 4, 0, 6, 4, 6, 9, 7, 7, 12, 10]
[2, 3, 6, 3, 4, 0, 6]
[3, 3, 0]
[7, 7, 7, 7, 6, 7, 0, 7, 10, 8]
[3, 3, 0]
[7, 7, 7, 7, 6, 7, 0, 7, 8]
[4, 4, 4, 0, 4, 9, 9, 9, 5]
[6, 6, 5, 5, 6, 0, 6]
[4, 4, 4, 0, 4, 8, 8, 5]
[8, 8, 4, 8, 6, 4, 8, 0, 8]
[3, 1, 5, 5, 0, 7, 5]
[2, 0, 7, 3, 3, 7, 2, 9, 7, 11, 7]
[2, 0, 4, 2]
[5, 5, 5, 5, 0, 5, 6]
[4, 4, 4, 0, 4, 10, 10, 10, 10, 5, 10, 10]
[6, 6, 6, 6, 6, 0, 6, 10, 10, 6, 10]
[2, 12, 12, 9, 9, 5, 5, 9, 12, 12, 12, 0, 14, 12, 12, 15]
[2, 3, 0, 3, 3, 5, 6]
[3, 3, 0, 6, 6, 3, 8, 6]
[2, 3, 0, 3, 3, 5, 10, 10, 10, 6]
[4, 4, 4, 5, 0, 5, 5, 10, 10, 7]
[0, 3, 1, 5, 3, 5, 8, 6, 6, 6, 12, 10, 12]
[4, 4, 4, 0, 6, 4, 6]
[6, 6, 6, 6, 6, 0, 6, 9, 7]
[2, 0, 2, 5, 3, 2]
[5, 5, 5, 5, 0, 5, 10, 7, 10, 6, 10]
[3, 3, 4, 0, 7, 7, 4, 4, 11, 11, 8]
[7, 7, 7, 5, 7, 7, 0]
[2, 6, 6, 6, 6, 0, 6, 9, 7, 11, 9, 13, 11]
[2, 0, 4, 2, 4, 7, 4]
[2, 0, 2]
[5, 5, 5, 5, 0, 5, 6]
[5, 5, 5, 5, 0, 5, 8, 6]
[4, 4, 4, 0, 4]
[5, 5, 4, 5, 0, 5, 6, 10, 10, 5, 13, 13, 10, 13, 14]
[4, 4, 4, 6, 6, 0, 6, 10, 10, 7]
[4, 4, 4, 0]
[0, 3, 1, 3]
[2, 0, 2, 2, 7, 7, 4]
[4, 4, 4, 5, 0, 5, 8, 5]
[2, 3, 7, 3, 6, 4, 0, 9, 7, 7]
[2, 10, 10, 5, 10, 5, 6, 7, 8, 0, 10]
[7, 7, 7, 7, 7, 7, 0]
[4, 4, 4, 0, 4, 4, 4, 11, 11, 11, 7]
[3, 3, 6, 6, 6, 0, 8, 6, 8, 9]
[3, 3, 0, 3, 6, 4]
[5, 5, 4, 5, 0, 5, 6, 6, 8]
[3, 3, 6, 6, 6, 0, 9, 9, 10, 6]
[3, 3, 0, 6, 6, 3]
[4, 4, 4, 7, 7, 7, 0, 7, 10, 8]
[5, 5, 4, 5, 0, 5]
[4, 4, 4, 0]
[5, 5, 5, 5, 0]
[4, 4, 4, 0]
[2, 3, 6, 6, 6, 0]
[5, 5, 5, 5, 0]
[5, 5, 4, 5, 0, 5]
[2, 5, 2, 3, 0, 9, 9, 9, 5]
[2, 3, 0, 3, 6, 4, 6, 7]
[2, 9, 2, 7, 4, 4, 3, 9, 0, 9, 10, 11, 12, 9]
[2, 7, 7, 6, 6, 7, 0, 7]
[2, 3, 0, 5, 3, 5, 8, 6, 12, 12, 12, 3]
[4, 4, 4, 0, 4, 8, 8, 5]
[2, 0, 5, 5, 11, 7, 5, 9, 7, 11, 2, 11]
[4, 4, 4, 0, 4, 5, 8, 6]
[2, 5, 5, 5, 0, 5, 6]
[4, 4, 4, 0, 4]
[9, 9, 9, 9, 9, 9, 9, 9, 0]
[11, 11, 5, 5, 2, 5, 9, 9, 6, 11, 0, 11, 11]
[5, 5, 5, 5, 0, 5]
[3, 3, 4, 0, 4, 8, 8, 5]
[4, 3, 4, 9, 6, 4, 9, 9, 0, 9, 12, 10, 12]
[6, 4, 4, 6, 6, 13, 9, 9, 6, 11, 9, 13, 0, 13, 14]
[2, 0, 2, 3, 4, 8, 8, 5]
[2, 3, 0, 3, 6, 4]
[5, 5, 5, 5, 0, 5, 8, 6]
[3, 3, 0, 3, 8, 8, 8, 4, 3, 3, 10, 13, 11]
[9, 9, 4, 9, 4, 5, 6, 9, 0, 9, 12, 10, 9]
[0, 1, 4, 2]
[4, 4, 4, 0, 4, 7, 5]
[4, 3, 4, 5, 0, 10, 9, 9, 10, 5, 10, 16, 16, 16, 16, 17, 11]
[2, 3, 0, 3, 8, 8, 8, 4, 8, 11, 9, 8, 15, 15, 12]
[9, 9, 8, 8, 8, 8, 8, 9, 0, 9, 9]
[4, 4, 4, 0]
[2, 5, 5, 5, 17, 5, 6, 9, 5, 9, 13, 13, 9, 9, 17, 17, 0]
[2, 0, 2]
[2, 3, 9, 9, 8, 8, 8, 9, 0, 11, 9]
[2, 3, 0, 6, 6, 3]
[5, 5, 5, 5, 0, 5, 6]
[2, 3, 0, 10, 10, 10, 10, 10, 10, 12, 12, 3]
[5, 5, 5, 5, 0]
[3, 3, 0, 3, 7, 7, 4]
[5, 5, 5, 5, 0, 5, 6, 5]
[2, 0, 5, 5, 2, 2]
[6, 1, 4, 2, 6, 0, 6, 9, 7]
[7, 7, 4, 7, 6, 4, 0, 7]
[3, 3, 0, 3, 3, 3]
[4, 4, 4, 5, 0, 5, 5, 9, 7, 9, 10, 10]
[2, 6, 5, 5, 6, 0, 6]
[4, 4, 4, 0, 4, 7, 5, 9, 4, 9, 9]
[6, 6, 6, 6, 6, 0, 6, 9, 7]
[0, 3, 1, 3, 7, 7, 4]
[4, 4, 4, 0, 4, 5]
[3, 3, 7, 6, 6, 7, 0, 10, 10, 7, 10, 13, 11, 10, 16, 14, 16]
[5, 5, 5, 5, 0, 7, 11, 7, 11, 11, 5]
[2, 0, 5, 5, 2]
[4, 4, 4, 0, 4, 5, 8, 6]
[5, 5, 4, 5, 0, 5, 5, 9, 7, 9, 12, 10]
[2, 3, 4, 0, 4, 7, 4]
[5, 5, 5, 5, 0, 8, 8, 5, 10, 8, 10, 11]
[9, 4, 4, 1, 9, 9, 9, 9, 0]
[4, 4, 4, 0, 4, 7, 5]
[4, 4, 4, 0, 4, 5]
[4, 4, 4, 0, 4, 7, 4, 7]
[0, 1, 4, 2, 4, 7, 5, 7, 7, 4, 10, 10, 15, 15, 12]
[4, 4, 4, 0, 4, 4, 10, 10, 10, 6]
[3, 3, 0, 3, 6, 4]
[4, 4, 4, 5, 0, 5, 8, 6]
[4, 4, 4, 0, 10, 5, 6, 7, 10, 4, 10, 11]
[2, 7, 2, 3, 7, 7, 0]
[4, 4, 4, 0, 7, 7, 4]
